"Comp-BL1-H :: BL1-H"
19622.298828
9040.121094
13578.999023
22403.238281
22233.146484
27273.853516
41299.996094
22262.001953
15702.452148
19692.179688
21372.275391
13689.166992
17983.210938
27557.253906
30934.068359
31756.035156
29605.230469
9125.056641
28604.128906
38258.097656
6524.029297
40805.222656
26362.195313
16967.099609
12867.122070
36922.324219
14930.247070
17018.117188
54698.308594
24971.265625
21421.275391
32661.273438
10402.158203
31216.117188
14932.340820
26006.119141
10455.131836
45318.492188
27773.998047
21120.148438
25525.080078
5243.102539
24244.292969
39495.324219
30489.304688
3895.155762
28077.230469
49604.453125
43626.144531
34626.218750
10040.241211
31241.152344
8253.183594
11288.278320
24513.152344
34394.191406
10867.057617
20174.259766
3045.191895
4037.636230
38063.113281
30533.406250
2119.038330
20617.281250
15993.251953
28521.142578
53641.375000
40990.160156
12223.197266
56821.175781
45255.273438
3057.274170
20242.021484
10754.162109
13071.076172
10827.088867
46230.179688
45770.351563
9289.340820
30983.228516
41577.613281
11917.066406
51177.054688
30157.087891
3552.999756
13670.083984
33404.136719
14386.219727
21327.107422
14337.999023
24471.150391
26276.216797
10908.131836
3003.341553
2582.134766
8510.268555
47742.187500
11535.262695
8198.197266
12303.107422
12663.181641
17901.089844
10416.071289
10254.129883
25534.085938
43353.191406
41868.289063
2032.193359
41454.207031
22772.134766
25213.181641
32673.175781
16302.240234
11430.211914
29531.261719
7686.052734
20734.125000
6084.349609
30000.267578
4319.182129
2622.091064
9588.263672
11481.080078
37804.125000
4896.263184
21014.267578
24940.146484
12661.043945
16849.048828
37753.210938
39227.308594
40457.242188
9558.199219
26930.294922
11953.163086
16808.226563
20744.298828
22814.203125
24884.236328
8180.209961
2029.276733
26104.191406
27536.244141
2541.113037
22515.324219
4713.232910
8012.088867
13919.142578
11189.119141
11624.057617
50261.175781
11795.046875
17434.144531
28609.277344
3685.083496
23089.152344
9239.180664
100468.492188
16644.169922
28303.134766
7233.306641
28159.224609
11023.215820
28836.072266
28880.189453
4012.460938
13266.214844
11679.173828
22778.359375
2953.209473
23211.167969
33896.281250
24002.095703
55286.152344
2413.187988
34704.234375
14070.174805
19648.126953
22396.220703
427.201294
15915.344727
34863.550781
27110.097656
7852.101074
31084.218750
31012.214844
10222.133789
9773.175781
17665.259766
26809.181641
33843.195313
41066.218750
27987.117188
13321.312500
21721.250000
47328.117188
10049.273438
25272.216797
25285.148438
43526.132813
10579.248047
26606.267578
30999.355469
11189.237305
30197.140625
24362.345703
29652.238281
34852.117188
27194.257813
3301.274170
27161.185547
32638.166016
9228.298828
25456.205078
8702.179688
25888.109375
30804.285156
7866.045898
22900.244141
10639.075195
10111.179688
29594.185547
15089.295898
27432.132813
9903.152344
33377.308594
10121.198242
12828.116211
27625.111328
7653.152344
35010.281250
27571.144531
22084.166016
34645.210938
2673.221191
31997.123047
58915.332031
11831.274414
28925.281250
26500.285156
42554.183594
33901.207031
24114.156250
24556.169922
22140.234375
13702.208984
22887.138672
28318.298828
9313.124023
32969.156250
9512.405273
3686.185547
3890.086426
1564.138794
2837.046631
28530.136719
32227.998047
2933.179199
31780.189453
56186.410156
8662.105469
4386.123047
9877.205078
6086.391602
9930.999023
23752.123047
29790.128906
4090.223389
24944.119141
5946.181641
37142.152344
14411.043945
50503.113281
8493.089844
47212.175781
44006.429688
28191.222656
27632.296875
38097.332031
21831.152344
28823.167969
10464.392578
20098.136719
40150.281250
7349.050293
2147.077393
9084.316406
33271.289063
10112.119141
25430.164063
5765.123535
25489.253906
11610.151367
8838.088867
2665.067139
24267.187500
24932.117188
34673.437500
2562.236328
16845.617188
1086.164673
24592.130859
28753.273438
35468.101563
42280.171875
12500.158203
4668.129395
25098.222656
10781.293945
47813.132813
4910.236328
27852.232422
3397.118652
29205.138672
1479.475098
2950.166992
10315.119141
10596.049805
1452.161255
10916.198242
13085.089844
11957.167969
9340.999023
46592.453125
37371.234375
27204.167969
3256.662109
18072.203125
4687.180176
44222.292969
17821.226563
7672.196289
29481.408203
25710.160156
4677.311035
38851.308594
11955.341797
27613.140625
33848.363281
11246.086914
13517.216797
11210.075195
30225.117188
27398.425781
25373.281250
11971.110352
37034.152344
13090.310547
21160.177734
22018.154297
12444.148438
24504.234375
38193.191406
5729.356934
6388.153320
19613.130859
24583.019531
29969.197266
49952.277344
24143.375000
4905.271973
24125.171875
43711.089844
6625.343750
37859.179688
3735.113770
4725.222656
12469.144531
39272.093750
47631.222656
2415.435059
18863.230469
10794.325195
19976.007813
24904.259766
33282.292969
8753.091797
17876.208984
23438.144531
34482.363281
34060.242188
31910.222656
5449.258789
24403.375000
34203.226563
10461.216797
20795.166016
30830.259766
9614.197266
14074.210938
66872.320313
27304.130859
13337.135742
5565.316895
2097.160156
4450.076172
14659.131836
3358.169922
22921.388672
26000.113281
15686.051758
42557.042969
2886.073975
3580.203613
33783.171875
3762.218018
45681.367188
21255.267578
8822.283203
4205.133789
4288.201660
25518.312500
20077.205078
13782.076172
38807.125000
17510.160156
26830.138672
2437.135254
7395.198242
27580.125000
32249.132813
14748.207031
16428.302734
17543.222656
23859.216797
33930.066406
34125.292969
35446.070313
29794.111328
23461.250000
64749.378906
22658.099609
23937.212891
19002.306641
4206.128906
10354.218750
27869.130859
20041.130859
9099.222656
13031.234375
27766.296875
43710.316406
3229.208984
45295.402344
29353.238281
43279.140625
49898.312500
11431.157227
18996.281250
1065.204590
8894.361328
3581.319580
9447.272461
9275.099609
4920.209473
4216.313477
30555.179688
15018.259766
28904.250000
42632.382813
22503.119141
3340.102539
60651.378906
26671.150391
35206.195313
29885.312500
31086.154297
36101.281250
12695.293945
23526.998047
35180.234375
22232.076172
10175.197266
3204.201172
23220.310547
12422.166016
1873.228027
54110.355469
3861.117676
26039.261719
1771.099365
31429.099609
15514.368164
20774.269531
4878.207520
29755.314453
35909.042969
6389.255371
26365.115234
9732.143555
14705.132813
35519.253906
19769.353516
2758.138672
26745.353516
44709.136719
12677.295898
7545.126465
5746.178223
47338.250000
26052.183594
1681.232910
52448.371094
14221.036133
3508.163086
32331.238281
22946.123047
17809.146484
46324.140625
2557.230469
12080.350586
3649.073242
27617.583984
2240.377197
2865.122070
4210.073242
24469.021484
32156.322266
4092.180664
15441.233398
10369.132813
18868.115234
11693.162109
12254.186523
2469.162109
7304.172852
21473.169922
31405.017578
3854.368652
40031.144531
14194.255859
9414.201172
1120.109131
7818.197266
10354.099609
45731.390625
14442.198242
9648.100586
18470.316406
4222.200684
40217.378906
6318.153809
32734.431641
13825.238281
50616.203125
41071.148438
14515.197266
23261.205078
2735.173340
2407.181641
4887.177734
39211.210938
20865.191406
7565.178223
9842.076172
45910.136719
29290.160156
4242.155273
4895.113770
20896.152344
32273.232422
12417.183594
19942.205078
9662.327148
18537.162109
20940.119141
17708.205078
42564.316406
25260.238281
65061.195313
6170.383301
53651.390625
16415.166016
4400.117676
22418.083984
16081.146484
19629.171875
5890.244629
19667.330078
10243.182617
45170.183594
32345.177734
38973.164063
24347.292969
9945.251953
9319.125000
21241.345703
9878.123047
20182.171875
3614.278076
9548.203125
34489.539063
22504.132813
28569.244141
25154.087891
31359.050781
20580.119141
18176.283203
19398.105469
33048.156250
33806.261719
1698.250366
26205.292969
9583.050781
2348.173340
30403.123047
1782.035034
32753.273438
11789.154297
25390.212891
15854.119141
8362.013672
27371.099609
42259.183594
49248.128906
33117.207031
30404.289063
48152.398438
2687.161621
41615.210938
16911.152344
10304.121094
20547.156250
41042.128906
13061.094727
26389.136719
3348.092773
37264.164063
15611.160156
21750.132813
6738.145996
1240.175415
16954.332031
10465.999023
9812.344727
22661.205078
11732.222656
5017.490234
22186.335938
49517.179688
26800.238281
32127.326172
11704.075195
39432.203125
31587.265625
34455.144531
8065.132324
11796.554688
37352.117188
8273.251953
10567.159180
26063.089844
42470.234375
6052.029785
32782.367188
2777.271240
13780.312500
17228.281250
21852.035156
9847.197266
26997.378906
13547.131836
15903.083008
16604.222656
30593.337891
26097.998047
27589.054688
37184.171875
17681.154297
19010.087891
20823.138672
9225.300781
5571.232910
11784.571289
13041.197266
51970.164063
42163.152344
36069.191406
34153.335938
44274.101563
13260.353516
25331.119141
20309.503906
5594.119629
27319.181641
18783.076172
44608.203125
23497.150391
13239.076172
26958.300781
2572.149414
4678.505371
8958.999023
27184.060547
28422.308594
54212.304688
11234.136719
2952.382813
22672.416016
9270.210938
2952.166504
12488.125977
32214.109375
7459.176758
6319.240723
5265.204102
22649.134766
5518.306152
23361.292969
38375.164063
39837.300781
24818.367188
12184.250977
8023.085938
8030.072754
15526.320313
26287.281250
30207.593750
943.225647
21263.359375
14986.130859
969.141785
38985.144531
10488.035156
6287.158691
5748.222168
13862.168945
48547.371094
29188.123047
19450.193359
14805.596680
7651.110352
18710.142578
12544.132813
8219.187500
9410.273438
2864.081787
25885.296875
19662.142578
36262.335938
735.186157
19310.164063
7449.214844
11800.176758
813.230042
7939.161621
27795.261719
18976.046875
43907.351563
36998.328125
1994.147095
27543.121094
42098.203125
28342.451172
9824.014648
20686.171875
12710.141602
17111.324219
29083.087891
34476.093750
7217.087891
3333.152832
20068.292969
11083.193359
12252.225586
41108.222656
11089.181641
5252.285156
3133.215820
10206.112305
5967.189941
26732.337891
6413.229980
39741.195313
34544.062500
8840.054688
32202.175781
26491.220703
1549.146606
3505.297607
19192.158203
2124.156738
3040.142090
12147.168945
22775.246094
4230.211426
56175.242188
30036.404297
24633.320313
51437.378906
9271.175781
10192.314453
23609.171875
12194.105469
26271.244141
41432.386719
20904.189453
33885.152344
7341.391602
26375.146484
8627.200195
38436.226563
5037.208984
4740.436523
18201.193359
33009.410156
33210.296875
31611.289063
9136.384766
11824.254883
5514.395996
8181.322266
29130.042969
25699.142578
13173.093750
31181.246094
56398.375000
21584.226563
24608.365234
24701.361328
20946.240234
31601.128906
4230.021973
31992.298828
8770.175781
31285.138672
26307.322266
13399.131836
24840.443359
20786.048828
15627.157227
5752.118164
38524.285156
28688.115234
11718.136719
10664.202148
3603.316650
7578.188965
43809.187500
14319.171875
11347.181641
32711.113281
9136.153320
24007.128906
6684.243652
31098.369141
20867.093750
17347.384766
20235.111328
8682.120117
30832.195313
11672.286133
30718.126953
4473.468750
38766.128906
25972.339844
42013.355469
52359.218750
4460.061523
11131.137695
39361.085938
28435.189453
8018.119629
38980.136719
25614.222656
16034.201172
21905.195313
1769.128052
23084.083984
29683.347656
11274.366211
651.416687
32792.246094
21964.107422
9217.223633
13463.104492
18530.044922
4496.298340
10538.111328
16966.179688
63812.535156
2030.229980
8590.214844
5815.247559
28585.283203
9532.085938
41171.332031
48258.261719
24339.224609
23822.273438
43635.117188
7775.240723
4597.398438
35712.371094
36898.269531
30028.253906
30496.347656
21358.234375
14218.326172
8414.269531
21437.144531
18553.191406
7679.159180
1284.157349
52417.476563
32334.177734
25035.146484
4162.125000
44549.343750
11914.207031
23175.068359
33730.128906
2530.204590
59936.167969
8363.135742
29272.261719
9654.481445
25643.197266
17590.078125
4249.191406
50098.085938
32485.179688
49863.171875
16039.254883
2181.158691
11318.332031
4196.078125
9925.114258
23423.427734
20488.375000
25776.296875
26077.238281
24198.128906
21024.095703
9311.090820
38415.167969
35677.996094
15530.999023
46757.996094
23498.998047
28807.111328
10102.060547
6993.178711
37084.085938
38797.125000
19991.146484
1625.119751
51857.269531
7592.194824
14487.075195
31494.226563
15247.323242
11583.262695
11613.247070
12257.034180
30576.216797
42794.316406
1766.112427
40545.464844
22653.082031
18678.224609
25329.232422
21567.169922
24554.523438
6314.023926
77569.671875
9255.203125
16501.316406
46726.257813
24263.224609
14278.100586
14095.202148
7313.253418
20233.316406
14928.100586
23429.335938
29760.216797
39164.250000
39773.394531
53795.203125
9113.072266
24473.373047
14120.151367
21440.154297
25345.080078
17479.234375
25094.121094
34473.199219
28840.339844
12726.142578
20214.134766
25860.162109
27450.167969
32973.402344
36767.316406
36204.316406
10674.451172
23660.191406
32679.189453
25333.203125
6448.384277
40418.179688
20965.285156
3247.111328
28411.306641
24888.185547
8451.302734
25668.105469
26211.294922
21864.140625
7652.308594
15354.146484
6791.239746
11787.278320
35970.093750
18863.486328
11313.177734
23460.173828
11099.060547
1439.083740
2066.472656
36881.027344
18760.191406
20402.375000
22861.267578
16088.044922
20090.103516
27670.388672
33388.070313
7699.171387
2885.364990
38771.042969
22097.296875
15710.123047
22149.250000
26350.191406
15213.050781
36154.195313
35573.253906
18692.205078
27807.121094
29006.314453
20800.130859
4811.139160
28166.333984
30899.361328
24843.087891
38973.164063
10348.292969
12265.260742
24554.130859
3146.264404
28159.248047
37238.273438
37534.195313
27576.179688
30655.126953
10140.238281
12892.101563
24720.339844
43519.722656
9288.136719
18790.294922
46604.339844
1347.453735
1579.216797
23098.097656
13847.208984
39062.171875
39669.175781
1515.287476
33329.144531
26510.222656
16923.201172
12680.200195
43318.242188
3338.158203
19757.187500
57507.187500
43585.187500
42486.117188
22611.152344
10862.181641
41479.125000
28764.085938
15153.092773
21981.386719
4644.238281
12580.124023
30357.154297
28046.150391
20403.099609
23124.203125
32093.158203
20801.195313
3285.289307
4625.039063
27672.185547
14340.239258
5968.301758
3785.344482
48289.429688
29328.248047
13092.288086
21211.158203
32704.132813
13308.203125
10036.268555
12630.241211
27888.173828
32185.207031
32275.097656
14718.088867
46591.167969
22879.230469
26036.285156
29084.216797
33804.074219
23575.160156
25161.082031
4093.235107
50552.132813
27772.308594
23404.251953
41688.171875
38256.136719
26480.138672
25259.208984
21810.169922
30722.363281
40003.230469
26546.087891
27540.246094
84503.343750
57279.207031
5077.046875
21915.060547
26787.343750
22819.214844
12134.091797
47362.167969
37676.394531
47315.636719
6377.086426
9062.421875
27448.218750
1455.102295
19718.185547
3589.116699
5768.150391
38110.253906
25107.271484
21842.246094
31906.208984
24089.148438
28560.126953
27791.189453
7130.397461
24548.167969
34902.179688
22114.074219
35212.144531
47803.246094
39154.085938
1678.173462
3414.318115
9857.128906
48675.261719
13862.489258
25868.134766
13924.187500
3472.241943
13094.093750
23025.095703
4388.178223
33683.109375
30172.246094
17786.458984
11344.186523
9421.088867
2572.082764
32347.199219
38234.144531
6717.113281
33000.449219
42099.406250
5121.162109
10546.208984
51150.156250
29584.214844
9897.216797
22075.042969
24315.347656
45116.179688
8945.249023
25813.148438
30346.347656
25628.142578
6457.101563
15062.223633
26543.097656
22751.267578
25698.142578
51255.136719
7343.163574
18484.228516
21060.058594
12655.125000
20808.179688
9302.326172
1920.756348
14551.103516
23722.089844
8794.320313
22449.292969
68163.125000
12516.273438
4914.340332
10736.051758
42380.296875
34126.382813
10612.155273
12684.420898
34663.121094
10405.106445
22440.156250
24749.126953
25741.109375
14512.292969
13201.100586
29312.173828
62940.261719
38832.250000
45491.996094
3122.999756
17839.001953
31045.341797
20603.277344
9455.182617
26265.185547
17797.208984
27462.369141
2448.151367
22672.152344
11356.098633
29117.236328
23902.146484
23203.310547
28726.275391
17034.056641
27764.261719
22876.167969
1619.271362
28412.126953
29557.064453
25701.406250
15915.236328
11509.185547
9087.078125
27054.308594
28318.158203
26840.203125
23417.228516
38351.199219
17193.585938
7692.131348
2407.184082
41737.277344
16825.248047
69531.460938
22267.115234
27941.246094
3025.178223
3213.166016
26353.339844
40541.125000
37160.089844
9659.118164
18042.246094
41101.121094
30749.111328
29986.146484
22274.107422
6600.243652
11992.159180
77076.585938
39070.148438
24387.007813
14349.296875
19526.162109
17340.998047
9564.999023
29786.156250
13455.123047
25695.128906
26367.144531
31412.478516
4106.198730
36320.136719
14807.282227
39378.089844
8588.198242
37000.304688
30985.259766
26767.158203
5986.160645
11041.343750
31671.220703
48979.113281
10402.190430
1297.364014
8783.198242
15109.192383
32027.396484
24201.105469
27713.314453
10174.241211
32077.347656
34257.355469
27360.111328
46560.164063
11624.201172
18360.156250
36536.359375
24589.070313
2018.444458
52805.308594
27071.169922
42075.128906
25119.283203
5333.247070
22889.998047
18220.224609
25167.210938
9721.124023
11209.113281
22809.343750
12816.041992
16977.164063
27473.255859
9670.136719
8815.098633
21045.533203
27699.343750
27971.214844
11170.255859
8484.186523
46327.296875
54428.160156
12258.249023
8275.282227
31722.328125
10054.152344
11003.167969
23595.347656
10609.232422
7511.227051
7994.287109
9084.209961
17941.044922
32188.158203
28553.191406
38110.148438
22226.998047
3389.012939
31617.234375
3386.204590
10320.452148
12485.126953
25415.099609
26551.214844
20977.275391
26588.089844
30882.998047
23363.300781
7824.166016
31650.273438
33722.113281
17816.218750
4670.162109
9840.144531
20969.138672
27980.291016
45062.207031
12377.151367
31027.419922
28022.126953
10225.204102
28984.208984
13806.119141
24257.087891
13130.102539
34723.214844
46502.156250
17360.154297
8078.206543
41077.148438
7549.206055
4026.174805
41709.039063
14010.150391
33094.218750
39949.285156
1043.323120
1580.154419
44516.179688
17034.142578
11334.123047
35888.437500
26753.169922
13676.424805
2274.150391
24418.386719
29137.394531
57453.449219
5698.369141
31395.597656
7457.387207
15265.312500
2095.086670
23987.121094
26254.105469
11606.166992
42510.335938
28951.242188
25825.328125
27668.273438
11016.081055
9543.082031
22257.246094
2898.253174
1561.019409
40316.203125
39889.222656
55722.167969
25816.212891
26529.201172
25260.185547
24807.224609
34030.507813
25407.205078
1598.194336
2376.242676
27648.216797
28036.324219
6669.183105
25376.296875
25835.144531
22528.136719
11161.313477
13198.110352
29698.253906
31831.160156
27589.150391
9704.125977
24159.455078
15918.119141
8989.180664
41246.238281
21630.080078
16759.175781
28158.158203
31826.347656
5313.133789
27778.394531
2706.999756
7879.999512
15561.208008
7775.196777
23365.011719
11839.148438
44924.378906
34530.296875
29063.085938
7574.107910
11910.169922
8413.169922
13901.150391
11744.125000
9666.156250
7221.258301
6520.081543
20060.111328
3404.352295
12626.129883
10883.021484
33405.113281
22901.394531
40316.234375
21152.056641
36708.269531
4378.316406
27089.125000
2395.512207
32775.281250
37456.167969
38081.179688
41531.191406
25902.140625
35171.285156
34573.250000
22321.226563
18470.140625
38558.402344
28922.218750
44325.148438
2803.036865
833.129578
3228.122559
20604.265625
3132.206543
23018.175781
38781.183594
22301.128906
8107.517090
4278.057129
24774.361328
2121.049561
24093.287109
23358.171875
31409.609375
21016.205078
32447.291016
37984.207031
12502.234375
3939.254639
51118.300781
21878.396484
17224.259766
3372.390625
35236.363281
24067.105469
25472.279297
13688.175781
2070.086670
49291.253906
11635.105469
9376.252930
15999.140625
11788.052734
10248.276367
28571.238281
25614.107422
16335.261719
42344.441406
38946.296875
26930.121094
28052.998047
10338.024414
14240.067383
27480.119141
45216.382813
6868.242676
24402.267578
10743.266602
11280.063477
31437.140625
14485.492188
40651.113281
9316.167969
40249.351563
21980.197266
26873.351563
28309.126953
12499.248047
16135.162109
12869.111328
9888.195313
34460.257813
16042.136719
30701.224609
55686.523438
43061.167969
6151.113770
34353.480469
14207.076172
25187.062500
38841.296875
11541.108398
27893.361328
36786.156250
11362.238281
3703.180664
21422.998047
24709.089844
41862.234375
1568.514160
7385.257324
36543.109375
46228.105469
34512.171875
19132.345703
50309.152344
20346.082031
12323.244141
9593.142578
29045.244141
8923.231445
31195.193359
30984.220703
2707.393066
9621.192383
32208.425781
11678.089844
10436.170898
8856.209961
8872.197266
21755.080078
13254.102539
7972.055176
24183.244141
17931.058594
45777.089844
27518.248047
26082.314453
14916.999023
20083.152344
9529.031250
22309.074219
3468.103516
25416.033203
716.214905
21455.318359
11348.232422
39532.089844
22957.142578
11263.331055
7584.223633
4471.333984
33300.132813
8683.122070
32614.111328
25625.140625
43802.410156
30831.238281
25056.052734
23800.111328
48428.343750
46756.273438
23557.259766
80102.726563
5642.229492
24324.230469
14664.328125
39703.199219
25910.396484
34716.253906
45623.222656
8918.095703
39134.179688
27064.154297
45001.425781
10282.158203
23036.224609
10209.043945
25726.185547
29457.093750
51211.488281
36708.277344
18753.130859
16824.232422
20970.171875
7240.322754
24248.193359
54736.445313
9072.258789
7174.120605
23802.087891
23104.275391
45158.414063
20707.357422
23078.083984
24792.191406
47845.164063
13708.231445
23739.271484
12279.375000
26408.312500
6274.269043
30460.117188
14106.326172
63588.082031
13618.203125
21042.074219
20474.015625
10845.999023
23904.193359
21265.330078
11824.095703
10572.325195
25938.101563
20285.212891
16248.077148
12421.231445
44911.152344
809.050659
3158.323486
26674.166016
3647.104004
26319.193359
3170.251709
25472.134766
1412.177368
22416.482422
22129.343750
9065.295898
30764.150391
2049.111572
29103.218750
27929.251953
50279.507813
24411.435547
7736.144531
25510.154297
3319.068604
19168.289063
12226.043945
23204.191406
9925.062500
28809.205078
35088.195313
21707.052734
44676.011719
13513.192383
29510.230469
13460.173828
47325.468750
5892.086914
41688.250000
40798.316406
11692.210938
36656.019531
28550.076172
35706.187500
9350.288086
24355.251953
29035.185547
12869.286133
30816.332031
21601.283203
45592.457031
34295.117188
23510.056641
29845.134766
13066.158203
7311.999512
24177.998047
42598.265625
19682.093750
9037.153320
19924.191406
19575.156250
46799.382813
11912.235352
8644.110352
3923.154297
7942.408691
15017.837891
22020.089844
18336.011719
2591.292236
67737.468750
10584.278320
24518.179688
10267.092773
4860.197754
27017.064453
15903.208984
25230.177734
28191.101563
54100.164063
22218.263672
17492.240234
23185.503906
30754.248047
4878.341797
8269.077148
39283.230469
5488.237305
33787.109375
1214.206543
6031.131836
22954.259766
8493.005859
26420.095703
3292.051514
11777.151367
10036.165039
1604.105225
50938.160156
8823.072266
6228.055176
24428.998047
28559.091797
30920.066406
31197.138672
2680.401367
36409.316406
31664.562500
32242.015625
2162.163574
4093.118164
28187.230469
27072.095703
22701.214844
22461.281250
59380.156250
3295.059326
20572.072266
14571.423828
38218.113281
32169.513672
10000.235352
7872.226074
11233.054688
40982.230469
24266.191406
9197.081055
24504.199219
21410.072266
33402.273438
16776.066406
9238.058594
7821.210449
9898.168945
29262.345703
41968.359375
9744.203125
20413.189453
24932.234375
9130.282227
495.372864
33906.187500
15741.127930
18396.097656
25683.333984
17041.279297
23322.386719
9318.182617
19601.111328
3949.079590
28766.162109
8532.036133
28463.216797
56641.277344
31856.281250
21978.171875
45667.171875
22729.359375
23185.324219
25867.068359
682.382080
7661.137695
26785.425781
16578.380859
10075.199219
1246.056030
11343.167969
2480.149902
20993.154297
9418.238281
31131.337891
12018.165039
27224.324219
31757.054688
34202.066406
13970.086914
30088.298828
13838.118164
16280.254883
49753.066406
8228.104492
31686.203125
10635.159180
2407.229004
34601.300781
8725.418945
9496.261719
33651.343750
40673.136719
11785.385742
21710.337891
11118.169922
24914.058594
33562.148438
11728.182617
12548.221680
44134.859375
43185.109375
11912.081055
22669.171875
50652.132813
10503.201172
25323.261719
48008.523438
2238.328369
30848.060547
24340.998047
36660.996094
22063.119141
6966.189453
32725.222656
25372.152344
41344.285156
54885.140625
7010.166992
11765.197266
45461.218750
8784.180664
18995.142578
4599.027832
66788.273438
24479.207031
1538.244629
29516.300781
35820.285156
22145.212891
18400.156250
11522.212891
13773.999023
22142.000000
11966.999023
21864.013672
9296.250000
28754.296875
28579.388672
34976.179688
7692.216309
34706.179688
1562.150513
4310.204590
14790.192383
23945.064453
22969.074219
19079.150391
12574.304688
29808.205078
11014.177734
23094.226563
18925.044922
25478.144531
9602.086914
13022.352539
20116.220703
9951.053711
36796.093750
12079.206055
15899.233398
17922.226563
1817.394653
4269.172852
24356.107422
19149.181641
10861.221680
8049.084961
11590.343750
26771.144531
48024.179688
11768.160156
34891.300781
7371.166504
27269.222656
8992.103516
1452.195801
9789.315430
28435.205078
2085.223633
8832.096680
15465.167969
2930.244385
26835.228516
27476.220703
22062.156250
40933.285156
44694.277344
26651.328125
27317.167969
14452.156250
63965.281250
3507.127441
1465.751953
32687.125000
3192.460449
18089.257813
9513.142578
1242.250000
35172.285156
29432.251953
18973.404297
20331.181641
14742.289063
2561.254150
7970.242676
14265.463867
5895.301758
13410.215820
45073.171875
13541.219727
35652.183594
3057.398926
10152.144531
2787.149414
11223.095703
4526.152832
22131.183594
5578.109863
24428.228516
23682.279297
12289.080078
3173.458984
27888.117188
66097.203125
22283.142578
16105.071289
24626.218750
5472.265137
29227.185547
9933.166016
21025.240234
41053.996094
24047.998047
36189.109375
13792.169922
5554.154785
41662.433594
23079.203125
45210.472656
19171.339844
32091.085938
27174.119141
22622.412109
1980.483887
10756.110352
3925.124023
1682.463379
32791.207031
49631.390625
4342.177246
35068.398438
15901.046875
21867.226563
46066.265625
9487.263672
13146.179688
39895.218750
49037.226563
32562.123047
5378.270020
43556.050781
21674.292969
35348.222656
16964.326172
32610.097656
19935.125000
16623.255859
12714.155273
27191.167969
27161.392578
19662.193359
10905.296875
8693.207031
7531.134277
41610.308594
20261.142578
50223.281250
29995.337891
31931.125000
1805.385010
32008.261719
26418.234375
11212.208984
5920.021973
9463.307617
11960.174805
30796.224609
4539.380859
11519.052734
39167.304688
60764.476563
1975.122681
43233.156250
10916.187500
46339.152344
10988.270508
19576.250000
12449.080078
54950.351563
2728.120605
9331.197266
30735.126953
17749.162109
34681.351563
1303.119873
2790.169434
27081.291016
9394.138672
41842.167969
8419.020508
72864.281250
8265.246094
8843.184570
21746.130859
31010.208984
13893.125977
30351.232422
5043.248047
25681.109375
16908.113281
31882.212891
5495.229004
27077.261719
40224.304688
10576.154297
26632.054688
15268.134766
12265.126953
31462.501953
24841.125000
8167.161621
51916.093750
22676.150391
38382.230469
3426.047119
11341.066406
66115.210938
6927.389648
33246.265625
24287.175781
12492.126953
34362.160156
24757.324219
22509.099609
20746.166016
10058.999023
13638.130859
59278.171875
31777.238281
10564.220703
35228.355469
13306.420898
13793.216797
29310.273438
19133.091797
26378.533203
45180.230469
6407.386719
31145.402344
12755.174805
33271.234375
1162.287964
3550.428223
17560.169922
35953.320313
23165.078125
11169.227539
22027.203125
12124.176758
27020.275391
11706.182617
5886.198730
8548.087891
4928.145996
35821.433594
6838.127930
24306.220703
29879.244141
19854.234375
10919.068359
7869.116699
7514.103027
1612.369385
23970.103516
27068.263672
14502.149414
11075.344727
36985.199219
30543.185547
30227.132813
8496.073242
14933.113281
26193.148438
1182.278198
40688.144531
22634.140625
27399.185547
34556.675781
2600.352295
18102.162109
11380.105469
14264.407227
7411.316406
19793.226563
51359.535156
18820.107422
24013.044922
35633.238281
12811.084961
5005.161621
29307.267578
49274.187500
1702.145630
28238.218750
38288.171875
40484.242188
37963.378906
21030.214844
38476.246094
37873.242188
4290.302246
9660.152344
64743.394531
14292.139648
24710.998047
9367.119141
22973.167969
14934.210938
1818.154419
11151.511719
24318.140625
9049.999023
35642.128906
27333.070313
41682.386719
8737.214844
15453.999023
21941.142578
22483.107422
3787.149414
32410.111328
31989.087891
24969.134766
35524.339844
34331.199219
24874.185547
26366.144531
28056.171875
33154.082031
50250.285156
26493.082031
42331.203125
62456.160156
23609.226563
25421.001953
19966.421875
14925.260742
10182.300781
25539.316406
25980.232422
11529.204102
11188.262695
12331.041992
24604.089844
27080.417969
5144.279297
42973.148438
62199.378906
38447.214844
10613.173828
3030.167480
11268.119141
25546.191406
21829.294922
24909.230469
32835.300781
66349.234375
21612.080078
30030.125000
23625.167969
15869.200195
47624.117188
31182.220703
17072.195313
30304.216797
13441.041016
20787.152344
37731.195313
27597.488281
28251.273438
27313.191406
22211.220703
10116.261719
8763.220703
15412.142578
20388.093750
24631.468750
48481.644531
25856.105469
30565.082031
21978.304688
26135.298828
27340.109375
25419.158203
65514.609375
2459.043701
16641.021484
75017.242188
22862.167969
44359.996094
18836.998047
8636.999023
19286.220703
24436.035156
6433.125488
22981.115234
34154.203125
1919.553101
29660.308594
23148.089844
39604.074219
13715.189453
33212.179688
27874.101563
22016.197266
21444.310547
10808.230469
36947.113281
12651.137695
42854.203125
26668.076172
9072.260742
38028.179688
25250.119141
10389.131836
1533.403931
4737.410645
54842.382813
6477.134277
23581.351563
5272.164063
25696.396484
27776.197266
39958.203125
6736.370117
47373.089844
10284.456055
3738.011963
4962.205566
25176.083984
42547.226563
10142.131836
35951.441406
32346.125000
13753.414063
30542.292969
10735.066406
9281.130859
1638.248047
8058.999512
12170.999023
5488.151367
26074.167969
7556.075195
13666.094727
32414.179688
28733.244141
28320.115234
32561.404297
40974.152344
10226.159180
9669.206055
10371.170898
26708.236328
24940.349609
21829.148438
42296.289063
27191.232422
5140.212402
45317.300781
23544.236328
15553.145508
58046.300781
12562.158203
35282.285156
10995.150391
31961.228516
33959.335938
9377.259766
20653.212891
49912.203125
24338.261719
19775.150391
13280.088867
27705.259766
28100.031250
4279.480469
9959.212891
13061.151367
11855.187500
14096.019531
12494.263672
30859.273438
15934.282227
21949.220703
32690.998047
11003.088867
9770.173828
13700.234375
13022.055664
10077.156250
4182.176270
1008.131042
2474.060303
17654.300781
10301.342773
6238.392578
13457.354492
17465.220703
11527.047852
25365.302734
12352.203125
34569.054688
21050.224609
31489.146484
5210.257813
2155.236328
34715.121094
10468.193359
4887.193359
21555.187500
22276.167969
75326.132813
41071.328125
20895.347656
12158.262695
12111.291992
8802.234375
11473.211914
2236.155273
34689.292969
35068.281250
9340.188477
32557.148438
22805.398438
11625.105469
20527.353516
21279.214844
29906.087891
5582.222656
26667.056641
29693.291016
3994.391113
7958.007813
28087.316406
17068.212891
29030.242188
36640.164063
48720.496094
41443.781250
20485.244141
650.177368
9749.171875
16428.562500
6255.999512
18137.099609
41143.144531
19599.123047
33462.136719
27667.203125
27608.089844
9349.199219
10644.458008
9608.152344
9833.321289
13564.160156
19050.238281
2039.186523
31736.525391
11166.172852
2128.133789
23111.156250
19730.158203
17547.156250
23366.130859
26764.187500
15645.155273
32190.222656
52831.203125
9673.361328
3162.334717
18834.128906
9534.167969
13753.312500
5707.255371
9832.163086
12451.290039
9904.200195
8789.177734
14263.209961
9519.101563
20723.226563
51677.132813
13130.136719
30948.148438
26323.154297
7600.098633
11658.186523
28081.179688
16107.137695
10519.208984
9843.310547
27875.142578
9246.352539
7047.108398
24495.056641
5093.219238
12373.243164
25616.302734
31305.210938
34217.148438
8039.150879
6699.223145
19493.203125
7195.130859
3651.303955
17792.212891
11042.006836
40591.277344
10285.171875
25529.220703
13627.129883
21369.167969
10383.069336
25056.101563
3287.779297
19891.119141
13262.403320
12220.126953
44421.285156
9452.415039
11184.139648
3417.881592
35701.363281
32143.146484
36231.171875
32009.289063
40013.164063
4147.403809
22165.210938
28797.189453
19023.550781
4847.112305
36024.167969
17073.011719
43698.214844
24639.144531
49562.554688
4835.041504
6283.031738
12287.088867
24590.166016
23539.207031
59063.171875
23448.265625
7318.320801
11645.052734
38325.449219
24939.259766
25911.318359
22300.128906
8617.122070
9991.150391
3210.227051
25836.392578
36015.191406
10098.152344
14225.204102
12650.081055
24032.177734
10530.218750
20130.193359
12432.257813
3338.087402
26430.220703
3797.051514
45941.203125
5365.117676
11686.087891
32021.130859
893.326050
22752.085938
35379.242188
30400.142578
21778.240234
28202.156250
22373.078125
34301.453125
53855.195313
26113.251953
46417.085938
10225.049805
22020.279297
20880.259766
64685.257813
15086.669922
8399.085938
7873.999512
24782.130859
6435.223145
31464.185547
37242.136719
45349.160156
32286.277344
27873.261719
32360.208984
34517.222656
7174.148438
1180.523926
20844.205078
3073.323975
11993.037109
35671.996094
49897.148438
20588.361328
665.039429
30615.064453
34961.214844
13384.324219
55856.179688
13357.257813
15596.082031
2758.177734
18967.298828
21237.107422
31646.082031
38841.300781
20777.074219
6185.367676
58053.199219
7860.125488
2921.186523
36617.171875
31045.275391
15319.282227
25133.179688
6875.190918
27649.148438
9707.216797
12325.242188
11475.179688
9665.198242
30616.101563
10305.134766
31670.097656
22459.130859
31531.189453
11235.066406
8609.291016
2516.461914
45163.203125
10882.200195
15797.155273
11248.186523
39690.312500
31083.369141
10301.102539
30690.103516
2182.128906
39741.339844
30007.201172
19489.080078
39174.183594
13243.200195
30432.265625
9166.098633
9437.260742
5395.080078
4282.297363
16738.230469
23738.171875
21549.115234
4796.075195
2943.173828
9791.215820
12314.296875
18986.296875
30272.193359
14772.068359
38094.230469
11326.353516
12997.130859
18318.224609
3567.149902
10520.203125
16880.216797
28020.255859
26081.054688
3522.149414
41657.300781
21585.058594
20931.261719
11436.155273
62914.480469
9765.097656
20495.296875
9741.034180
24301.169922
25536.205078
9408.037109
20537.070313
9620.344727
30065.203125
25255.361328
26388.091797
24902.208984
12797.164063
20625.089844
5236.303223
4410.126465
40134.289063
19483.347656
18607.138672
41648.097656
26957.132813
10434.246094
3553.245361
3740.418945
6882.274414
3037.213867
22017.177734
32369.548828
6862.249023
31811.271484
3595.224365
9819.202148
2201.221680
11775.291992
9550.305664
24050.191406
36164.191406
5657.251465
11391.101563
7347.299316
2193.569092
31473.335938
6196.150879
8718.213867
11714.250977
41275.398438
23803.230469
4621.164551
4759.355957
19474.242188
5746.324219
7712.345215
36760.382813
27385.162109
31115.150391
8893.192383
10933.278320
7160.094727
23570.267578
21428.150391
23649.367188
15401.125977
9625.376953
20323.107422
20359.441406
17858.121094
67161.414063
26203.330078
10643.149414
3707.226807
5838.120605
14774.144531
12547.113281
9217.061523
43725.140625
11186.180664
21408.042969
34944.195313
11595.080078
21281.083984
24315.160156
19369.156250
31278.246094
11399.149414
25066.052734
14851.134766
22142.091797
41250.191406
25298.173828
22106.304688
5789.099609
9320.314453
24386.337891
14736.448242
14065.292969
56481.203125
24231.212891
34626.175781
25771.140625
43478.031250
27082.197266
12473.403320
30376.179688
10538.144531
1791.275269
34425.328125
22032.201172
28737.439453
47982.121094
30230.101563
10838.365234
14631.147461
2722.185059
22697.326172
19154.166016
8906.124023
31251.080078
34308.195313
36675.042969
21140.177734
10992.169922
35990.230469
61333.300781
14703.510742
26948.175781
26815.121094
7300.191895
11866.307617
11490.335938
3383.639893
32880.203125
81413.734375
23400.281250
1875.125610
25405.164063
23209.296875
21746.076172
11381.145508
35422.402344
9511.151367
11895.220703
44388.097656
26960.121094
19965.087891
51672.132813
18490.208984
23099.109375
23698.158203
52367.480469
10315.149414
3755.570557
36789.183594
27592.091797
25135.187500
25345.208984
31599.568359
33628.304688
13110.163086
34726.093750
23882.101563
16568.359375
32668.134766
42481.121094
6873.371094
9423.231445
32163.222656
23095.228516
9900.043945
5711.186035
22743.226563
10791.171875
24390.156250
42890.105469
10548.348633
6996.274414
34038.242188
12536.222656
32524.164063
49265.492188
7287.081055
15757.212891
37873.128906
6005.184570
11591.229492
7897.209473
9492.123047
7562.036621
32865.171875
32349.318359
15144.194336
7231.375977
38339.144531
26031.248047
9923.172852
41985.175781
30399.164063
26163.490234
3418.294678
19997.154297
8986.244141
17232.310547
27000.197266
16364.348633
25645.177734
29670.201172
18272.216797
10403.598633
32141.111328
9582.180664
35344.226563
10291.272461
26737.134766
6414.387207
24549.203125
28136.285156
11549.192383
20473.191406
10420.200195
4525.212891
13498.999023
8643.135742
19582.287109
9455.083984
27152.191406
20387.189453
31426.259766
41183.179688
10000.224609
20469.146484
39626.210938
26574.318359
446.215912
21541.519531
3316.171875
30989.324219
8262.193359
32919.167969
10948.171875
18644.240234
11907.611328
24404.208984
17125.183594
13151.127930
22074.205078
10206.169922
27832.345703
5017.100098
11885.233398
13806.124023
22246.171875
41327.230469
44203.269531
27465.392578
10647.099609
53593.109375
36374.156250
21611.228516
23216.281250
5656.165039
8481.186523
34373.207031
27798.072266
6256.188965
24809.296875
10150.239258
29753.185547
11195.185547
34921.203125
1837.546265
53044.250000
21648.113281
23745.277344
24715.242188
2546.117188
27236.341797
21296.216797
24519.339844
565.289490
9319.188477
16144.345703
3663.074219
11020.118164
2310.179688
4638.235352
38536.156250
5129.584473
12239.232422
13190.308594
22837.250000
24056.119141
1835.202637
22949.412109
20941.140625
21613.396484
4488.582031
12605.208008
2929.192383
12391.133789
571.221252
13014.090820
9936.078125
13114.311523
7384.169922
27338.187500
9044.057617
45075.273438
39015.125000
41400.210938
23333.005859
18924.097656
47016.230469
4122.143066
62008.382813
23582.070313
32106.242188
21803.347656
11769.149414
2899.082764
22422.382813
11210.226563
7824.163086
28209.232422
3529.343018
18187.107422
45978.222656
13264.173828
13788.246094
48491.167969
2140.015381
18135.083984
25634.371094
1104.095459
10660.167969
28261.171875
7652.215332
14103.331055
25466.201172
35738.097656
34266.238281
43540.113281
6345.232910
22438.322266
34926.058594
6320.248535
10244.263672
6669.186035
1667.129028
10238.120117
16645.125000
61571.320313
6516.188477
13520.563477
21897.029297
34482.132813
50200.238281
9275.146484
10749.129883
12324.268555
13830.298828
2347.176270
4515.211426
11433.038086
22655.187500
23510.203125
50526.355469
20419.185547
17907.320313
2832.161621
27050.134766
22214.216797
26135.458984
4788.224121
25125.306641
28184.250000
21778.164063
32388.099609
49882.167969
22583.072266
26651.115234
21035.015625
14686.155273
21242.232422
15136.132813
1885.252808
40151.316406
10825.131836
27205.183594
44478.382813
11202.186523
21879.226563
27452.087891
21574.136719
21309.296875
5934.096191
1901.492676
74495.242188
3872.136230
15964.515625
17269.271484
53825.070313
11929.074219
9488.103516
4669.176758
20557.156250
32275.281250
19431.175781
18066.125000
12068.020508
22336.160156
2779.109375
41133.136719
23010.150391
1428.177368
22087.091797
11203.289063
27539.013672
40329.246094
39347.363281
30842.093750
35790.175781
12822.250977
5547.189941
8147.238770
11984.166016
19110.128906
43068.167969
10238.014648
2749.096436
24504.035156
20246.347656
9505.175781
6873.126465
12681.076172
12783.101563
22929.162109
14680.441406
17347.205078
7257.343262
10871.139648
31688.123047
23926.019531
14555.128906
14269.281250
24500.205078
24403.226563
43772.285156
10692.088867
38275.312500
62373.207031
33782.187500
55096.476563
35756.339844
9589.180664
46369.253906
37604.328125
22684.197266
27424.207031
10604.074219
24111.158203
11047.122070
9722.221680
28938.119141
38663.433594
39071.285156
39668.250000
12998.073242
30046.142578
7652.128418
13060.244141
33509.187500
12444.023438
9913.132813
17836.302734
11466.102539
27983.201172
8795.154297
47743.296875
34316.093750
32566.142578
2626.310791
32130.359375
68972.437500
30698.269531
31765.164063
13551.173828
34760.121094
30059.242188
22141.097656
22148.234375
52065.300781
23000.201172
12214.236328
11682.166992
19279.060547
16285.067383
22293.220703
18690.332031
38970.285156
6782.248047
6824.395020
9300.120117
3417.069580
24522.205078
34696.277344
10353.167969
16921.128906
26726.281250
23240.302734
15307.184570
21770.167969
13463.122070
4648.271484
50607.074219
12393.234375
31151.121094
10663.176758
11905.172852
29927.228516
26237.314453
38604.347656
14070.154297
662.248535
29744.150391
13610.348633
2767.153320
9513.164063
11495.101563
13260.263672
24710.048828
28794.169922
3901.179688
24328.333984
59334.277344
8106.275391
20809.353516
8232.364258
17497.281250
27543.183594
8513.302734
20272.279297
52517.160156
9922.316406
22869.214844
15165.215820
11523.462891
23488.042969
26674.310547
38117.242188
43744.425781
27970.171875
14843.232422
11502.155273
10083.291992
17809.197266
10071.306641
37857.113281
999.324097
15049.345703
2269.130859
12598.330078
19632.326172
3169.214355
9190.176758
20177.185547
26490.351563
9576.166992
21425.263672
20064.384766
24738.154297
24842.093750
30754.099609
29021.130859
4152.190918
32267.099609
43634.273438
10270.152344
2560.185059
28895.144531
25254.101563
12826.390625
44717.355469
27557.208984
2613.561279
19114.998047
20343.998047
42848.140625
7884.295898
29821.308594
10658.413086
24436.119141
8794.147461
9642.455078
31353.142578
18879.230469
2890.328857
8433.116211
31450.189453
7560.344238
28037.050781
20120.146484
30802.226563
4223.195801
38529.312500
42121.199219
11364.241211
8095.037109
27172.220703
20238.113281
22871.234375
27363.261719
11709.300781
21998.109375
5773.241699
5109.112793
34870.207031
52801.562500
736.203186
2581.240234
32844.011719
41694.234375
6415.375000
30955.146484
3773.147461
11351.219727
36400.261719
5076.107422
11091.055664
28847.177734
27115.189453
11751.244141
12421.107422
22749.156250
55200.195313
3371.119629
23167.220703
23680.212891
4364.454102
45492.265625
31740.484375
21131.158203
46694.312500
30039.300781
21426.152344
46326.253906
17631.083984
11074.116211
19871.195313
3590.076660
8856.999023
10709.999023
22196.998047
34683.214844
3948.345703
20971.072266
14497.051758
37533.359375
24902.138672
14106.124023
29003.152344
27583.533203
29613.306641
4309.226074
1804.109497
15761.122070
23919.195313
51869.148438
24302.162109
19999.197266
15568.255859
22431.033203
55881.292969
9770.120117
10309.128906
11167.099609
12770.250977
27145.136719
20438.074219
26030.238281
30395.064453
26118.177734
24224.376953
42184.335938
32294.369141
21303.230469
31031.283203
9715.287109
1970.080322
13037.194336
7128.530273
28269.228516
24214.296875
26535.521484
38618.164063
46024.277344
38407.101563
42634.203125
11494.226563
18242.216797
2691.311768
10356.084961
24397.267578
35552.292969
2686.450195
19175.115234
33914.265625
21010.212891
10339.153320
36285.125000
7196.121582
35917.085938
20732.125000
6624.547852
26757.486328
42138.203125
60612.195313
12178.360352
41594.214844
65588.171875
8194.151367
15458.210938
33924.183594
11164.500000
5652.566895
8611.195313
12796.310547
33358.097656
9704.092773
18429.181641
41578.242188
23622.148438
21842.212891
10130.378906
20278.414063
21869.050781
12828.266602
11970.077148
32861.343750
23581.121094
53697.097656
25762.433594
32499.195313
12585.248047
38511.109375
25205.337891
10187.152344
29063.210938
7951.125977
38576.218750
42278.074219
7285.202637
32210.142578
34296.132813
22830.035156
25367.212891
11810.087891
33404.167969
13379.241211
4103.182617
27052.404297
19523.171875
13541.127930
65316.171875
22453.156250
6193.149414
2527.110596
3727.208496
9398.247070
48293.117188
3554.189453
5515.670898
37536.250000
44206.191406
5936.277344
47479.238281
11433.214844
9801.007813
61123.050781
12662.143555
70431.218750
22064.173828
5045.128906
13032.159180
21381.207031
4825.256348
5132.145996
29633.201172
25080.349609
23293.341797
3210.271729
33619.195313
30694.128906
36866.281250
19160.255859
11649.157227
35641.234375
19590.187500
28200.517578
32865.195313
14060.279297
3417.155762
42800.078125
46924.402344
5841.095215
8484.342773
48015.347656
23491.091797
42887.402344
4779.076172
51073.335938
25589.289063
3832.227783
26304.125000
22803.126953
25740.212891
10921.109375
39293.074219
2948.134277
3143.283447
10792.238281
26542.167969
21526.271484
40190.128906
24536.205078
32987.109375
32763.332031
34065.101563
3683.229736
28047.296875
18172.189453
6842.052734
5844.174805
26794.208984
31492.333984
6050.346191
43753.269531
11450.190430
15164.386719
10273.257813
9291.313477
26517.234375
11402.146484
3067.146973
25956.179688
39218.265625
8129.222656
23988.154297
25799.296875
13948.098633
51064.140625
28900.199219
15405.104492
36635.132813
21140.160156
48705.308594
1199.060303
42788.187500
31119.216797
33497.152344
7557.142090
891.403992
10336.999023
49121.007813
8962.204102
33343.195313
10383.517578
6608.084961
23642.490234
34863.273438
9117.240234
7219.063477
18878.220703
26650.130859
9293.285156
12904.185547
7865.200195
1187.464478
14690.138672
9029.208008
3684.330811
4050.485596
52984.187500
10909.275391
27725.074219
4716.303223
44863.226563
36204.164063
7261.125000
21299.310547
8183.127930
1857.702271
125839.734375
36586.234375
25618.083984
29322.214844
26110.501953
24888.218750
17978.265625
28438.343750
36415.195313
14256.486328
52567.128906
15052.182617
27892.154297
48441.386719
53119.574219
16622.076172
37340.222656
17666.269531
24600.093750
22122.017578
25378.318359
20857.267578
25183.173828
6526.247070
26542.271484
19365.257813
20035.123047
4312.331055
19182.203125
26643.199219
12977.199219
4433.220703
26947.212891
6272.222168
20441.109375
29995.175781
25359.328125
62986.207031
36178.023438
21031.138672
16497.107422
4791.388184
12581.271484
27997.054688
34624.160156
28853.177734
2413.301025
15085.190430
25785.136719
37646.164063
29961.162109
28495.101563
34384.242188
38536.218750
9627.162109
12332.188477
9147.150391
52401.996094
1979.999878
12436.104492
44617.238281
8823.095703
23793.212891
4621.054199
44891.042969
9610.071289
33841.058594
11759.117188
44240.101563
14022.399414
19391.105469
24823.185547
29077.330078
2957.227051
9813.231445
10171.195313
44570.238281
7421.156250
8270.178711
10804.131836
2295.130371
9658.225586
24479.281250
8233.168945
8956.253906
14486.159180
22636.189453
22319.208984
33420.328125
30950.076172
2021.106567
14499.365234
9858.234375
27763.343750
7264.203613
9790.108398
9061.164063
24439.107422
35100.320313
23362.197266
12497.261719
24647.171875
4028.999756
10479.145508
3169.227051
10557.062500
15675.210938
18065.167969
32029.134766
13052.204102
12154.222656
8888.074219
15482.340820
12975.410156
8748.051758
20398.156250
46690.273438
21851.160156
21695.187500
21056.121094
7330.279785
13268.410156
23368.095703
27805.208984
19322.224609
25160.339844
41031.433594
13705.263672
26954.255859
30566.152344
14971.131836
33005.152344
26440.310547
11003.651367
3295.078857
6082.200195
17550.216797
11665.121094
34174.238281
11394.270508
22860.263672
32614.087891
7522.180176
4756.166504
9797.121094
26878.082031
26806.218750
45728.250000
1765.208008
2668.239746
4210.374023
50575.144531
21867.144531
21832.099609
8885.220703
7940.267578
10212.119141
25605.455078
17246.162109
7195.104980
9859.049805
28063.287109
4390.181152
37421.125000
40023.570313
32863.289063
21786.351563
23371.148438
17229.208984
2286.257324
10580.170898
26539.101563
3013.118652
12524.079102
24590.041016
8982.999023
9950.184570
39442.199219
5168.283203
6164.098633
33569.042969
6237.214844
20352.150391
17315.115234
33301.203125
2790.306396
21717.039063
24690.345703
8915.043945
25280.242188
26504.244141
29251.265625
18182.152344
2566.136719
11338.074219
3596.069580
22028.105469
20189.263672
4509.453613
11359.099609
34488.222656
28284.212891
12973.200195
3857.110352
42568.378906
26060.398438
36674.429688
15946.255859
34610.203125
39092.191406
24855.171875
12496.208008
22363.169922
21648.302734
21559.324219
24290.468750
34745.242188
19479.244141
10044.166016
2927.270752
11404.049805
19766.164063
4180.389160
37726.101563
7895.091309
9203.060547
42470.199219
17054.193359
48751.171875
16345.210938
27222.109375
23415.234375
45105.113281
20718.210938
4600.229004
8235.127930
21386.187500
15110.099609
47529.558594
18927.109375
24303.177734
12786.215820
59651.207031
11454.574219
1273.093994
22684.123047
6880.090332
27541.201172
26612.150391
24199.154297
39188.261719
8001.326660
23013.255859
12947.231445
30920.375000
2710.327881
6794.281738
6930.082031
23625.035156
28111.482422
38892.183594
14157.263672
30741.138672
1646.238770
15990.194336
16157.275391
40448.210938
12067.237305
3799.084473
27381.250000
44367.468750
7503.129883
7868.076660
12029.402344
33274.109375
18695.152344
9788.250977
13536.110352
3002.413574
38911.191406
26753.259766
1739.305542
29265.230469
23211.246094
7901.137207
12787.245117
3031.184570
11389.430664
3663.130859
22400.175781
23948.164063
21758.166016
32734.119141
3444.278564
49580.281250
3754.372070
48936.210938
18122.447266
24320.089844
4608.202148
46763.250000
9006.330078
10756.213867
2865.084229
9164.093750
7925.136230
12939.076172
3296.363037
7157.161133
25092.205078
26596.130859
74461.437500
26187.271484
27502.267578
7095.497070
15081.357422
25841.160156
27569.105469
51428.500000
12419.296875
16165.149414
4648.999512
40720.093750
6748.040527
13640.063477
23330.189453
20947.660156
7480.226563
26544.296875
35113.218750
28435.183594
43003.285156
31111.257813
12579.184570
7644.014160
26840.132813
11325.298828
25839.083984
10796.258789
14802.241211
20465.449219
30785.185547
26940.175781
1389.191040
3997.137207
16442.140625
40136.250000
19992.337891
33473.347656
24780.085938
37433.316406
27492.123047
6348.312012
49755.277344
39871.410156
29075.998047
15738.057617
9590.196289
2926.117188
33496.164063
27990.494141
12094.181641
30129.185547
2811.377197
35603.355469
12633.152344
8353.013672
17129.513672
45040.140625
42669.121094
29638.076172
36380.261719
9043.119141
24232.099609
16928.123047
3514.193848
3734.149902
19407.126953
4093.139648
16027.126953
6080.278320
35044.105469
47584.234375
11372.125000
27103.089844
31785.144531
44539.308594
51534.160156
14161.137695
32662.201172
17912.195313
24356.640625
28115.240234
13426.132813
16124.408203
11270.135742
55333.355469
24590.138672
33111.136719
9498.218750
10869.259766
11761.324219
13958.999023
9739.153320
11193.081055
19492.167969
11324.130859
23612.201172
7658.178711
29419.107422
16786.220703
36417.156250
25045.238281
13075.171875
95985.312500
54060.996094
6230.060547
50453.210938
29843.298828
1140.291870
20575.195313
6164.337891
9223.251953
8064.215332
24545.001953
5259.298828
13798.072266
8877.201172
11361.198242
23852.166016
2953.143555
7432.145020
38589.160156
22183.167969
6904.215820
33213.156250
26703.267578
36792.085938
41268.203125
9694.313477
17027.199219
29982.177734
6231.195313
3587.181152
21308.121094
4714.187012
8811.263672
20422.173828
9056.123047
20651.177734
9434.122070
44407.218750
14669.192383
10675.251953
16263.038086
26894.144531
50358.199219
12949.073242
28799.294922
27269.103516
25637.210938
36252.203125
17571.259766
8616.275391
3237.232178
28764.115234
43266.132813
14683.196289
27320.119141
8135.231445
23608.162109
27034.097656
5515.049316
22749.236328
16200.250000
2346.070068
23673.091797
15990.115234
55641.238281
26617.408203
19543.189453
6147.178223
26785.351563
24380.343750
61382.199219
10075.153320
30245.261719
4269.085938
13790.148438
23174.222656
6880.999512
9930.999023
21365.017578
22965.128906
29536.248047
25829.298828
43847.113281
11192.115234
2055.218750
12203.028320
3354.059814
12132.170898
10203.134766
29888.306641
9540.999023
25680.998047
24369.224609
38183.125000
39953.285156
21688.130859
33637.187500
7242.152344
7908.145508
19573.359375
6766.152344
82267.304688
24934.173828
16888.253906
7621.192383
23027.197266
14412.243164
8006.036621
8060.187500
18496.195313
3257.116699
40228.070313
30205.078125
34721.273438
41043.207031
94191.359375
23585.130859
10907.160156
876.200256
22385.330078
47195.160156
8023.181152
11762.325195
17896.291016
33125.433594
11128.304688
33445.226563
32919.355469
43405.363281
23933.095703
6137.197266
23316.136719
20342.175781
9502.416992
38881.277344
37133.191406
18818.257813
23844.214844
7630.185547
16479.177734
17298.316406
45437.207031
1319.244141
30697.347656
30508.250000
17324.234375
48878.128906
33000.285156
43989.113281
44433.597656
9195.321289
4058.193359
10490.106445
6782.193359
10421.083984
25316.324219
4657.269531
3483.068115
4173.347656
27680.154297
22263.193359
8601.308594
9393.370117
9831.205078
21396.195313
21990.238281
23709.160156
11209.095703
12243.114258
27482.134766
7252.218262
38078.171875
14800.226563
10965.218750
10827.213867
9359.159180
8355.245117
50270.191406
26592.177734
25204.240234
33826.109375
30059.119141
20583.218750
37794.226563
16268.224609
12825.270508
2466.170898
23808.261719
12833.264648
40780.417969
31836.187500
9164.205078
18317.138672
14174.559570
12332.458984
34470.367188
38468.257813
11032.281250
33369.523438
46040.273438
32965.242188
12245.088867
33821.078125
32072.265625
14382.144531
28395.998047
44099.996094
22626.121094
20604.138672
39077.296875
33333.273438
69264.062500
24532.160156
12575.082031
8678.347656
27340.226563
42982.218750
29393.242188
35322.210938
12405.166992
2571.222168
10839.245117
3753.231689
10014.173828
7607.248535
27370.148438
13415.138672
28868.105469
12169.327148
32586.195313
22129.126953
21346.142578
9825.234375
36298.500000
42376.273438
10600.094727
24214.220703
55623.250000
11043.328125
15557.182617
10953.013672
28132.251953
29734.224609
20012.205078
28156.144531
37242.234375
11588.173828
3016.266846
61604.316406
15255.370117
9161.375977
20320.261719
16334.119141
19104.289063
55488.222656
31317.138672
32669.074219
21337.164063
35025.203125
12127.511719
14458.245117
21542.136719
29240.167969
26045.304688
45965.757813
11562.254883
16831.332031
24769.162109
9848.075195
1851.182617
43111.273438
23845.181641
16760.298828
30887.195313
28303.259766
35293.199219
25665.263672
11231.213867
25698.220703
10907.150391
24315.242188
2785.118164
37543.222656
8929.999023
5587.270508
21994.126953
65919.179688
37304.214844
32837.316406
10579.148438
28000.144531
25090.246094
42812.574219
30966.138672
44685.433594
25170.134766
10104.068359
14740.068359
12225.064453
23634.349609
3700.569092
12129.171875
21625.123047
22011.232422
22944.035156
23851.179688
16569.181641
13486.155273
28598.250000
25942.123047
2393.265869
23675.203125
43148.246094
48514.277344
32079.130859
24279.267578
7385.276367
1725.124146
27664.136719
1972.240601
16356.338867
37830.261719
21208.287109
47828.210938
52586.261719
22224.072266
12529.283203
37839.390625
37812.089844
22158.265625
5238.149902
31648.052734
7420.189453
11219.178711
75430.781250
22033.242188
6250.136719
9572.999023
54153.414063
13677.442383
3119.247803
17301.271484
34729.261719
31126.222656
16418.128906
9759.203125
43493.355469
41682.175781
28710.152344
7739.272949
44524.199219
11184.179688
1955.229004
21263.316406
39811.226563
37256.140625
23053.156250
12514.289063
26787.189453
47273.253906
9255.190430
14004.143555
43634.523438
8766.159180
25358.078125
24139.189453
23823.134766
68609.226563
21897.160156
53033.996094
28052.078125
14447.393555
11878.137695
16400.169922
76560.132813
40636.996094
9421.129883
30766.203125
38269.296875
18263.332031
45488.257813
11532.296875
10238.173828
11935.163086
48037.261719
26016.205078
27540.142578
16156.173828
37220.207031
10827.193359
35451.335938
28988.212891
35623.253906
24530.306641
27848.105469
19245.205078
8094.156738
2582.312744
14431.142578
38796.261719
3238.202637
26015.123047
35879.273438
5937.258789
16703.095703
24203.126953
40366.285156
5178.407715
24178.220703
47801.261719
22174.058594
7421.229980
11274.155273
64547.429688
16704.296875
5853.148438
30264.402344
25307.125000
13967.211914
49649.218750
34572.292969
24402.066406
3051.219727
5208.162109
68620.593750
6071.126465
27090.162109
9821.106445
7697.302246
7133.180664
25923.152344
47483.316406
6469.185059
3941.085938
30720.246094
19846.169922
36710.121094
30723.216797
22436.169922
25617.201172
9850.121094
17199.259766
24944.250000
19719.128906
1220.184692
69502.156250
18418.242188
25387.091797
1924.200195
63184.195313
30756.031250
6958.113281
50959.417969
24611.132813
18735.095703
40908.335938
48762.410156
6637.217285
31926.113281
34828.175781
2959.240967
6803.111816
14426.209961
11275.240234
7096.143066
4775.349609
6809.130371
3272.175781
42646.152344
19292.998047
14850.359375
28767.072266
31335.220703
8791.134766
13111.242188
16094.155273
16854.201172
15807.408203
23939.171875
31455.240234
29885.308594
13693.173828
15356.368164
23928.298828
33536.156250
5722.131836
3519.270752
37885.335938
43540.105469
60884.183594
13428.385742
5520.079102
1684.150024
26781.140625
23627.205078
10809.416016
32688.166016
48825.242188
20614.185547
16759.089844
11159.300781
23799.349609
52686.117188
14984.200195
13117.092773
31731.234375
20062.167969
21783.060547
25959.123047
27870.232422
11945.431641
49705.406250
27901.263672
12176.083984
13283.182617
37327.332031
24955.269531
33499.363281
11891.132813
8926.152344
17662.298828
42859.199219
25978.283203
8621.360352
39419.117188
8557.171875
11507.071289
9687.073242
35600.351563
22792.171875
4742.184570
22265.242188
35590.277344
48770.253906
33183.335938
15291.007813
3529.264404
7575.050781
7643.031738
39861.191406
6879.158691
25639.199219
8263.126953
34406.207031
35928.292969
2278.115479
10069.049805
16261.076172
11645.103516
32286.164063
10954.289063
27854.234375
4518.025391
33604.187500
11614.292969
33256.062500
22939.322266
33426.210938
23616.158203
32313.140625
27582.244141
12692.189453
25050.242188
25057.037109
39774.117188
21720.179688
38704.074219
39777.292969
24755.521484
32743.238281
38655.183594
2616.250732
22956.123047
37693.292969
18331.083984
3582.999756
34580.285156
8110.368164
31001.115234
12451.213867
7850.067383
29077.439453
30139.279297
6093.194824
3209.144043
23714.058594
5592.169434
25833.248047
5183.187500
31145.078125
14139.071289
32782.152344
1516.161255
3209.309326
16904.205078
34599.140625
50310.398438
3310.095215
22904.173828
4762.085449
15724.181641
31227.089844
9659.257813
54544.207031
27630.136719
50675.128906
4345.100098
26331.121094
5122.111328
20252.175781
10708.161133
11637.204102
1268.198242
13267.280273
4547.201660
18769.222656
11108.307617
10796.216797
12392.172852
11490.195313
35850.167969
3304.230713
36614.269531
103322.664063
8074.285156
30853.089844
11148.103516
19867.353516
20805.349609
20523.117188
22008.261719
29881.195313
53229.394531
3919.274170
22240.425781
47045.148438
48725.320313
47726.519531
28683.320313
29094.392578
34536.457031
19750.166016
23533.302734
24607.181641
2532.089111
55891.414063
20705.130859
10893.197266
29875.062500
23714.234375
11543.031250
6796.121582
48799.140625
15100.287109
836.182739
29692.167969
22966.185547
11523.207031
29926.201172
22088.148438
17472.072266
14248.219727
4348.471680
6398.141602
34695.242188
8641.121094
17818.298828
2314.308350
9946.051758
66096.468750
17846.199219
30878.181641
19427.029297
20069.509766
2208.163574
22290.449219
28456.281250
41494.527344
25092.439453
10883.243164
25775.203125
16888.308594
30244.111328
36270.070313
2251.184082
51653.117188
30484.279297
44944.308594
15224.364258
7187.313965
30512.091797
24433.279297
13720.185547
12928.249023
24863.216797
13750.233398
13921.073242
13423.336914
10632.059570
23217.123047
3027.267334
1164.264160
21405.302734
24765.083984
19237.568359
18244.320313
9682.127930
22234.330078
24495.492188
10530.110352
10231.181641
7144.119141
13424.234375
40384.175781
46231.113281
47636.281250
34787.421875
54990.382813
1698.222168
53709.441406
39449.093750
1829.212891
21444.185547
22919.416016
2876.217285
57284.683594
25524.253906
26785.039063
10107.187500
1730.353271
29232.224609
31318.097656
21650.259766
1287.182251
27377.218750
14818.397461
12665.202148
11049.085938
17741.263672
10005.225586
15351.269531
9494.175781
29598.250000
8576.231445
27443.134766
2805.300049
25782.197266
44744.238281
3313.387695
43287.210938
13058.148438
7013.245605
25398.130859
14027.124023
29930.152344
22599.197266
12439.216797
21510.363281
38310.179688
21368.238281
16316.463867
20658.261719
10695.437500
5779.078613
44847.183594
4076.163086
5242.204102
8693.012695
23862.164063
27117.193359
14367.107422
11138.255859
38499.335938
8940.434570
18590.056641
7967.050293
30059.156250
32592.117188
33055.109375
21716.046875
16290.133789
17480.093750
10866.193359
12002.235352
38747.234375
10241.200195
31410.199219
36043.167969
1312.261719
28084.212891
17808.261719
12255.076172
8457.284180
19404.132813
682.197388
19804.312500
30891.068359
30881.423828
6070.057617
25457.083984
12474.247070
7185.999512
35328.117188
1049.167603
22733.171875
44698.144531
31325.277344
10187.148438
9247.061523
12515.158203
2655.321045
10783.224609
28572.281250
9500.148438
23793.011719
21711.275391
16927.316406
4433.335938
45230.035156
39150.996094
10761.178711
21097.056641
18108.488281
11406.137695
8703.027344
26067.246094
48613.207031
939.174927
8194.038086
52278.289063
11075.259766
43589.390625
4688.312500
6797.196289
37031.171875
9243.120117
26887.427734
20750.337891
33137.140625
68152.289063
10888.304688
10853.151367
9225.027344
10564.193359
46231.101563
15254.646484
43683.101563
11286.034180
30118.130859
4143.272461
2399.210938
5479.227051
13920.272461
65040.496094
37482.078125
20193.156250
8180.315430
30688.234375
25044.126953
2309.122559
36988.234375
35468.195313
14094.232422
16510.173828
4382.111328
15909.322266
25165.076172
22944.275391
68969.570313
20701.164063
6105.152344
27259.162109
36050.378906
31652.183594
13231.127930
6541.227539
18764.095703
32322.275391
25095.041016
34437.304688
1985.241577
47281.183594
50959.128906
20451.281250
14872.163086
10470.119141
9928.111328
9875.211914
3716.300049
21673.384766
55265.363281
13849.256836
23455.125000
102931.437500
21195.281250
23250.107422
30369.232422
24623.998047
12451.147461
26679.998047
7803.068359
12220.488281
5979.206055
50797.320313
24814.203125
2880.102051
8854.242188
4617.187988
34507.253906
17352.126953
32196.246094
29964.187500
5615.145508
47064.105469
33302.996094
35775.183594
12605.247070
15717.028320
29174.197266
20657.335938
895.299194
24528.162109
25308.121094
8775.325195
7310.110840
1368.366943
10578.199219
20071.197266
8425.282227
39277.550781
35805.371094
27238.142578
12373.102539
37400.136719
14295.156250
25928.175781
28007.394531
6924.169434
10735.215820
13374.122070
2846.219238
11615.220703
38127.277344
13416.273438
17208.296875
28225.464844
22967.220703
39084.218750
6877.216309
12941.119141
28385.166016
22017.388672
15935.138672
13916.249023
23416.193359
40992.222656
14806.159180
22592.189453
40033.230469
21597.226563
14030.058594
5783.179688
2879.184082
34678.363281
28497.296875
11447.240234
8932.206055
32349.326172
34291.242188
8426.175781
35322.140625
48489.257813
49416.457031
19182.521484
4011.202881
25304.144531
10911.069336
31852.185547
31343.142578
27717.203125
7468.171387
11410.293945
18695.328125
26384.167969
28834.144531
24642.156250
19089.179688
35176.421875
42343.222656
32337.064453
4458.386230
4726.199707
38675.511719
3248.024658
15824.098633
8637.255859
3650.228271
27298.353516
27188.105469
29992.140625
36075.027344
31348.187500
57669.187500
20541.546875
29123.052734
12319.091797
35800.250000
10429.123047
10046.266602
4879.314941
21948.242188
48678.207031
28387.230469
55206.152344
35004.105469
9439.055664
21732.128906
43412.003906
24034.146484
32385.097656
42349.347656
48441.191406
10967.031250
26582.265625
31187.166016
9298.181641
11053.220703
40124.222656
5840.213379
11067.133789
26133.193359
5981.195313
1462.195313
17716.193359
7472.199219
14136.083984
24619.107422
12899.254883
10556.171875
32045.267578
9319.149414
3184.127441
42915.222656
4192.270508
37852.148438
1585.000366
22344.169922
18696.310547
62534.328125
38075.304688
19995.113281
10078.394531
36520.207031
13364.166016
22623.320313
37703.125000
26924.275391
37804.218750
12483.582031
26760.181641
9166.265625
3158.160156
24429.210938
1414.089111
7594.049316
9386.299805
44365.292969
31340.115234
2237.906006
10197.161133
73503.078125
8725.999023
54001.000000
51394.285156
14041.219727
8826.122070
6799.158203
13044.130859
20382.097656
2439.186035
14457.048828
75680.304688
31793.087891
52778.203125
23911.166016
33707.304688
8786.336914
44088.292969
31470.089844
5847.179199
44420.402344
53118.179688
2501.229980
40540.078125
3020.443359
25486.128906
3449.172852
27975.259766
2372.349854
34787.148438
3429.999756
2393.999756
12551.089844
20476.195313
11656.183594
49580.578125
6165.126953
8062.181641
25698.142578
28681.082031
1538.408325
20812.179688
30067.125000
7214.227051
31611.156250
13616.325195
8149.371094
12828.137695
13117.184570
29960.353516
2636.254150
11667.999023
18667.998047
2255.999756
3944.999756
42475.058594
30576.064453
24204.187500
1855.185547
17738.259766
9828.160156
8956.156250
16492.222656
677.400146
27188.164063
21879.138672
2482.153320
8031.267578
36883.230469
9130.159180
20602.115234
22795.193359
12324.216797
31134.285156
26383.308594
25029.226563
30489.156250
78631.242188
37749.175781
7403.138672
9949.217773
893.153992
25632.197266
23196.410156
7064.157227
8899.239258
22506.080078
36480.328125
9646.260742
10132.089844
11596.146484
33817.199219
9953.074219
18901.427734
32078.246094
18238.380859
12227.218750
29086.210938
27477.212891
23370.164063
15616.173828
38302.304688
28033.195313
4191.071289
29833.181641
16392.210938
6252.228027
4069.142578
37609.246094
42521.148438
38575.359375
41554.332031
12917.198242
13929.221680
41695.277344
52981.406250
14842.186523
54222.175781
29783.195313
27147.259766
20053.101563
8954.072266
10167.185547
29887.167969
21297.087891
9425.204102
11477.169922
14901.149414
5312.093262
9777.083008
16820.164063
18538.056641
3900.193848
39404.140625
17230.292969
34856.300781
2552.170898
8587.168945
32808.210938
41877.269531
1801.123657
5373.137207
9738.076172
19599.205078
35460.507813
25198.083984
7407.293457
19451.087891
24857.429688
39231.234375
2716.321533
32229.205078
10324.131836
13044.266602
28854.197266
27099.123047
15529.227539
1271.068115
6952.105469
12737.185547
27123.134766
9031.215820
22659.300781
9735.138672
5268.217285
24954.173828
1094.265137
34371.015625
25559.207031
11802.238281
47760.167969
6429.252441
25428.250000
18623.392578
23926.091797
9183.173828
26198.287109
34357.300781
19123.257813
17409.162109
29465.257813
33172.046875
20979.367188
13683.088867
21806.166016
23190.097656
28803.072266
36674.199219
2241.230957
9445.162109
14520.116211
12953.260742
11606.301758
7264.201172
14356.278320
22970.095703
17704.322266
26244.169922
19013.435547
24878.142578
26181.259766
27961.160156
10235.223633
2288.021729
5452.272949
25115.998047
27573.998047
23850.064453
8360.156250
11816.069336
9695.140625
7271.170410
10576.339844
44510.136719
2638.327881
12889.192383
41024.144531
26472.267578
29417.226563
7630.328125
14409.158203
3478.257080
19830.203125
9198.142578
21614.210938
35611.363281
11089.144531
9446.158203
27683.310547
31376.201172
30098.185547
8871.107422
27055.115234
6765.060059
20192.292969
44896.109375
9674.258789
23951.191406
2356.533691
24168.072266
23486.566406
2561.136230
44920.113281
10392.172852
40184.277344
8416.168945
3383.234131
55177.515625
20724.353516
8593.156250
3092.206055
11400.347656
19181.296875
12202.076172
10414.166016
32491.179688
28972.294922
10699.109375
22231.332031
10069.256836
22082.250000
10976.200195
2288.038818
6746.999512
46915.148438
10709.046875
33346.140625
5257.213379
14782.179688
14421.205078
21496.054688
14502.341797
9401.135742
14767.122070
29673.058594
22212.146484
37451.996094
13965.159180
7603.014648
12420.109375
5804.187500
10720.184570
11366.105469
26856.417969
47481.347656
14053.207031
37615.191406
8171.555176
23966.095703
35962.156250
19508.126953
2596.181152
16966.294922
35323.253906
3248.203125
10820.999023
30389.044922
6710.163574
11457.041992
3234.158203
31844.322266
13943.278320
26950.392578
36370.273438
32130.576172
12771.434570
6356.063477
25124.253906
24025.271484
53558.312500
13578.098633
22427.132813
11762.173828
17137.298828
11755.324219
10064.218750
18920.376953
33196.039063
29485.103516
41330.339844
10523.201172
16234.110352
1087.262695
1381.130981
21059.226563
25570.205078
16670.189453
7175.198242
28585.998047
12960.040039
14717.078125
35757.164063
23854.144531
3476.396484
9521.192383
2938.098633
32563.199219
41742.339844
11762.218750
10093.194336
8664.170898
4510.236328
34427.250000
42906.152344
16664.191406
18645.251953
7605.095215
12257.085938
1267.133911
8265.153320
14763.363281
22441.191406
7741.159180
7646.004883
10747.187500
16308.102539
30661.306641
15063.193359
40013.355469
34905.031250
9084.302734
3841.192871
23490.154297
29923.298828
52871.160156
20238.083984
27246.246094
26006.103516
10000.157227
28412.199219
3250.109863
31255.140625
22592.236328
13508.118164
16231.116211
33127.082031
15637.338867
31597.132813
32226.138672
29029.654297
52581.281250
4537.259766
7187.147461
31515.250000
23257.169922
4023.055420
22741.306641
28434.132813
11071.195313
3125.126465
23489.140625
8869.120117
12290.086914
9996.075195
22846.035156
40922.210938
16183.202148
19968.166016
11379.349609
31540.173828
19837.146484
29825.185547
42043.996094
6290.360352
60572.289063
25694.093750
11984.083984
8627.148438
13309.139648
9826.499023
17574.125000
21645.050781
17151.195313
19292.101563
9751.180664
37231.207031
31857.378906
917.527344
23015.089844
33761.121094
8072.157715
34933.199219
2940.290283
11141.132813
36600.218750
31220.048828
52008.171875
10118.192383
23138.261719
20847.171875
11017.139648
8176.235352
37560.328125
8588.082031
2765.119141
23460.197266
2323.186035
10472.251953
9092.295898
35339.304688
5450.316895
26717.423828
22281.531250
19779.056641
13497.225586
8062.015625
22252.128906
34238.179688
26480.087891
22172.207031
35168.375000
21298.201172
35444.269531
52866.398438
53973.234375
27739.251953
28510.998047
28120.105469
51578.234375
25513.162109
1449.364502
18099.179688
22906.089844
41630.269531
21359.416016
5360.190918
3665.176270
24012.136719
29110.123047
40584.421875
11513.220703
30113.023438
17526.277344
41361.234375
37450.125000
1448.346436
34034.484375
16385.179688
23871.257813
75436.257813
39970.210938
37341.261719
22106.191406
15799.237305
13664.999023
3594.196289
8581.130859
35474.195313
9210.111328
44280.292969
48971.351563
47032.257813
7876.182129
20723.263672
21797.074219
6986.308105
78668.109375
9276.352539
11045.103516
12768.095703
10855.126953
27292.162109
27247.164063
1771.556519
23206.232422
3534.328857
15003.108398
29702.326172
26549.093750
38054.269531
29509.546875
18566.056641
10582.216797
9863.123047
23412.480469
19283.128906
68098.250000
24220.197266
28687.396484
25093.119141
12036.243164
34120.289063
31860.117188
11109.243164
32679.203125
27775.341797
33557.343750
8204.183594
20435.275391
4315.261230
30364.357422
40635.218750
1971.177246
24349.195313
45100.480469
2584.118652
23414.283203
26713.197266
20766.185547
23844.207031
16745.167969
8275.299805
15285.205078
3838.278564
28881.310547
15161.278320
17412.291016
31574.248047
27177.138672
24491.097656
17485.029297
2981.488281
21233.125000
33069.226563
2323.280029
19919.281250
5751.154785
21917.316406
13477.352539
25401.361328
9169.205078
32742.097656
13015.101563
48333.390625
1871.162231
11396.511719
26527.261719
25130.224609
22600.035156
14178.105469
12654.216797
48645.128906
24769.242188
35823.292969
25398.248047
7093.320313
3973.262939
2296.329346
24295.117188
10574.150391
29292.236328
34560.250000
41275.996094
33571.027344
32542.089844
11426.451172
37473.164063
20119.224609
38747.082031
38458.207031
3582.282471
5874.225586
56827.125000
12162.115234
18640.212891
20248.222656
15076.079102
2297.064209
37621.250000
7121.089355
45277.285156
26283.085938
9450.168945
17530.246094
13849.401367
33834.179688
1991.598877
24708.121094
17544.119141
27655.330078
12428.094727
28458.144531
3571.057861
7977.232422
25905.140625
15753.214844
38427.269531
29069.146484
6538.223145
36956.382813
40834.105469
42790.304688
2653.207520
12386.216797
25311.126953
2342.190918
12039.109375
29643.462891
46938.203125
20450.269531
48846.289063
5681.152344
8201.114258
11841.220703
18520.123047
29857.083984
3740.125488
27441.246094
33613.203125
10307.195313
47390.230469
42711.269531
37859.363281
18241.501953
11869.186523
40412.203125
16164.255859
56375.394531
30756.025391
1709.263550
8907.204102
1938.286987
50922.566406
10189.161133
22866.236328
40646.488281
6422.184570
28949.220703
14930.114258
25683.462891
6175.292969
30414.210938
44089.523438
21802.216797
29187.998047
10220.999023
8423.999023
4265.270020
36863.296875
24252.191406
29708.373047
19764.160156
16706.484375
11740.235352
41233.285156
13303.260742
111192.484375
22456.646484
1296.154907
38147.140625
3666.258545
13670.308594
6216.237305
31610.164063
12059.413086
20276.052734
48136.175781
8154.289063
26504.181641
33972.167969
14766.109375
5556.251953
13521.132813
27590.376953
23870.093750
23623.416016
6294.105957
18200.316406
4751.152344
37618.167969
1930.237305
10197.181641
27283.115234
29602.251953
22773.132813
12661.260742
13559.160156
34868.199219
11192.089844
11382.146484
10091.218750
22732.228516
53796.312500
11641.117188
1524.020386
25720.035156
3837.044678
7931.118164
1571.196289
8307.065430
18782.304688
31243.341797
30208.148438
35386.351563
11933.487305
22678.195313
20573.265625
10702.416016
21826.203125
22833.048828
36430.175781
23586.179688
14688.208008
8674.208008
27452.234375
10041.142578
20368.019531
61722.246094
3026.177734
2340.190918
16986.300781
6028.301270
11888.122070
19596.097656
38957.214844
2156.301514
18606.361328
56264.144531
2225.132813
28399.261719
8357.203125
41117.332031
10924.086914
22490.130859
3087.160156
8936.296875
18061.123047
19673.132813
29210.148438
8017.022461
30812.998047
9164.048828
24104.998047
6627.023438
15890.016602
36428.003906
21541.271484
32989.300781
78690.125000
51451.148438
12708.217773
63275.316406
34052.273438
40328.109375
29437.324219
18636.101563
33873.242188
1943.398560
5633.182129
29935.998047
9235.082031
28134.343750
8403.281250
23833.031250
10474.255859
38917.058594
42475.023438
12527.095703
21365.111328
23437.158203
3738.176758
15337.180664
34830.382813
34792.140625
9105.216797
17770.152344
16284.156250
35579.011719
6126.235840
5700.080078
28900.244141
6444.206055
23724.248047
29275.117188
10133.247070
9157.271484
16395.101563
15609.217773
30072.154297
36357.183594
18564.312500
4172.160156
30519.445313
26399.162109
25834.123047
21776.085938
25982.162109
30711.001953
19056.082031
34225.164063
6149.463867
10714.080078
37776.441406
35990.019531
36733.300781
37976.281250
26575.134766
44656.238281
18337.074219
4518.135742
53254.292969
28230.308594
14801.024414
12618.147461
14126.305664
9849.046875
11430.264648
23301.273438
32512.195313
11287.009766
28286.177734
9653.203125
34564.175781
12070.143555
26049.085938
9689.074219
17648.160156
20475.173828
41294.113281
47959.210938
17382.062500
23624.240234
44718.082031
7184.089844
25373.445313
23205.125000
11058.129883
16268.166016
4374.382813
23795.177734
38346.238281
6854.080078
40358.156250
23647.277344
11486.151367
42424.222656
26842.138672
2901.129883
2477.137695
10545.238281
32169.142578
6085.108398
8364.143555
25478.289063
23751.144531
5453.038086
44870.261719
60920.480469
24356.037109
10193.154297
19113.265625
11293.146484
7582.316895
23105.160156
36859.367188
26417.156250
28718.181641
7334.187012
6129.189941
11622.305664
33077.183594
25301.166016
10170.267578
28338.062500
13336.232422
21767.138672
34965.105469
9569.229492
33308.187500
3294.265869
39161.289063
41088.445313
13567.188477
71064.179688
37213.003906
27049.181641
27302.332031
26380.410156
6783.068848
6666.130859
11311.113281
29591.306641
9841.144531
10638.097656
49126.261719
1284.277222
24578.164063
10954.107422
38569.425781
24774.095703
9702.247070
17546.210938
9855.092773
21906.175781
25081.187500
27268.109375
56381.222656
11368.013672
14265.999023
51786.210938
1244.054077
21077.287109
1178.323120
10006.192383
25302.111328
24508.201172
48463.128906
44125.179688
25355.501953
10109.145508
4600.220703
9402.292969
18715.246094
26188.189453
19649.214844
15472.225586
10459.074219
28625.041016
35302.335938
10053.147461
29377.154297
25220.390625
24263.042969
40809.113281
18177.207031
41933.414063
23930.152344
10894.117188
25550.060547
14678.385742
19516.208984
27273.230469
41077.078125
6554.136719
19119.589844
10308.035156
13982.125977
23617.177734
6451.999512
23341.998047
34535.210938
25189.289063
3310.307373
24056.087891
15969.317383
9433.115234
9275.228516
11630.370117
39584.214844
38808.269531
82347.351563
20883.146484
22716.054688
22528.105469
19077.212891
15765.234375
2804.152832
8902.222656
27325.318359
4822.308105
24952.093750
35655.164063
22041.330078
44813.464844
14049.174805
32230.167969
14012.219727
27774.130859
8772.306641
27798.292969
26045.164063
7645.023438
44857.324219
13886.203125
29982.265625
34752.125000
24373.253906
34733.160156
28094.128906
30584.240234
8424.169922
35020.089844
5667.177734
28369.244141
51511.273438
33344.183594
12525.189453
27727.277344
51567.289063
15835.235352
12951.355469
7482.196777
16540.105469
34002.347656
14253.380859
8167.034180
41416.246094
41417.238281
24457.142578
27492.259766
11789.123047
24390.433594
3568.338623
6764.112305
34965.238281
10679.117188
32015.154297
17171.113281
22446.167969
29723.083984
9447.284180
11782.078125
31917.363281
8731.326172
11417.214844
3328.230225
7827.209473
13475.156250
13835.089844
30806.146484
11068.146484
30905.353516
32488.289063
14130.214844
10597.427734
23019.242188
5255.276367
37074.121094
24088.296875
9002.161133
33223.085938
30447.154297
1901.343994
10252.176758
41560.335938
1513.156860
33062.226563
31084.384766
34484.175781
43958.179688
30954.462891
29437.158203
3309.036865
23831.208984
34202.449219
11931.108398
24802.382813
12421.147461
25775.193359
13487.191406
26743.212891
22276.289063
8855.160156
32821.328125
10261.125977
3927.230225
25971.261719
11190.360352
26999.355469
38831.250000
5122.060059
38306.191406
12557.117188
2679.133789
12111.132813
48494.214844
23293.142578
36175.007813
24826.072266
34102.375000
64300.312500
28989.080078
30090.152344
24626.119141
8786.153320
49314.164063
22201.097656
5780.205566
27797.359375
25121.220703
25858.121094
9053.340820
16476.142578
17011.373047
9392.162109
32224.087891
33650.238281
360.212982
24314.189453
17514.187500
24599.271484
20778.283203
6998.117676
24298.322266
18775.998047
27244.103516
2843.184082
12393.001953
8856.136719
26621.185547
11002.125977
10758.215820
3037.106445
1409.341064
29233.138672
78083.210938
21415.283203
12156.054688
11550.111328
5341.395996
11366.110352
14591.152344
7186.164551
8366.256836
10514.238281
11711.077148
30708.218750
19338.205078
9936.082031
31603.326172
13213.178711
11156.999023
32346.134766
7337.999512
1536.999878
4393.053223
30398.130859
9288.125000
3598.083496
4409.081543
1489.348389
19923.423828
29658.119141
15666.285156
53514.328125
20660.027344
21319.140625
27752.228516
20689.037109
8572.251953
4636.118164
9539.189453
7791.055176
27335.371094
18149.201172
31512.330078
27732.210938
22140.300781
30709.148438
7069.142578
56829.171875
29846.103516
11922.118164
9356.129883
24423.093750
19230.191406
4863.377930
16150.279297
4890.145996
49786.316406
12892.218750
45824.222656
37660.253906
19066.181641
5649.516113
39260.347656
3342.273193
24080.244141
47645.179688
3565.089355
29650.328125
25579.058594
4788.166016
31462.234375
11321.219727
2588.275635
24176.148438
13291.187500
4051.104980
3393.358154
36110.164063
25648.080078
56106.253906
4957.308594
26247.283203
34056.230469
3628.106445
41563.214844
9858.141602
10628.130859
45471.218750
3443.267822
48298.191406
30596.130859
26554.121094
64307.136719
779.295837
22108.191406
14464.208008
22919.091797
6402.291504
27120.261719
15696.181641
10138.163086
4718.146484
28417.193359
27438.273438
22311.138672
23001.111328
11284.138672
8985.300781
6773.127441
28678.111328
10717.127930
25662.009766
36732.996094
7277.249023
34332.589844
42925.144531
2168.099365
25485.589844
16245.276367
24023.257813
3415.172363
4104.258789
35317.359375
28338.189453
4009.300537
23087.054688
32290.265625
26764.193359
5442.065430
11355.123047
13996.238281
21240.277344
7097.247070
23515.322266
4132.129395
25702.388672
13806.341797
22538.128906
6997.201172
28229.203125
25644.082031
43559.207031
29275.183594
28912.220703
15037.179688
43216.375000
22472.068359
4361.207031
24821.226563
30154.103516
44114.136719
29664.289063
13533.046875
20140.220703
34974.464844
22466.230469
10400.085938
20202.210938
8822.200195
24116.333984
71797.375000
30592.054688
37984.093750
23153.164063
9982.196289
27427.285156
23303.271484
17297.160156
25196.328125
24176.224609
7193.132813
9075.119141
49547.308594
16374.102539
13263.163086
12108.068359
14669.318359
12999.256836
10696.197266
32310.218750
28922.195313
20317.371094
12436.154297
24872.101563
17155.351563
28790.255859
14892.117188
10059.285156
12643.088867
25269.107422
25791.263672
45711.128906
10924.083984
25597.232422
26496.464844
6435.020508
36264.195313
19833.304688
34353.187500
14113.138672
4245.217773
4108.338379
23540.199219
13119.181641
20848.210938
6712.170898
9471.029297
23403.103516
10635.284180
13410.192383
4042.184082
25488.167969
25646.160156
22848.449219
7310.112305
2194.311279
29037.207031
23601.216797
1448.145630
21737.099609
10785.097656
13526.223633
25058.255859
12079.119141
15162.506836
25406.283203
11982.162109
22355.160156
55761.257813
16174.293945
12875.273438
5394.131348
22182.289063
8746.019531
24082.103516
35751.125000
32557.109375
28046.246094
15109.170898
13694.166992
9337.155273
21333.343750
31155.398438
28990.316406
10075.180664
16428.250000
7066.093262
35260.261719
11035.298828
42293.187500
26279.253906
10014.247070
7947.038574
40432.238281
35885.074219
14769.226563
26811.292969
997.189087
23217.294922
14573.275391
36992.132813
1824.357666
24567.017578
8924.111328
2464.161621
24298.255859
10876.204102
2992.115234
17405.048828
6080.208984
15292.121094
21537.218750
45585.140625
9997.159180
12139.149414
28638.156250
11870.119141
25687.181641
59881.214844
14160.227539
23611.095703
11549.030273
31601.148438
11250.123047
3153.109375
9035.155273
22472.314453
20538.177734
13828.089844
28357.396484
20821.011719
10496.264648
19729.300781
7374.404785
32085.175781
22096.121094
27572.179688
9831.063477
38423.257813
28837.232422
27043.201172
3779.339600
8102.114746
3722.269775
8990.113281
1797.026733
3501.228271
2914.334229
18471.048828
914.228027
28443.318359
39912.210938
3378.302979
17412.998047
21823.281250
26941.064453
2597.138184
26987.169922
4482.096680
22075.285156
7794.219727
10251.130859
36690.261719
10951.308594
22395.064453
10566.108398
21917.195313
15214.542969
14517.104492
23433.175781
7295.196777
25325.291016
1864.205566
21115.388672
3729.999756
5526.288086
2047.225098
16712.187500
31582.099609
93947.304688
369.153992
4041.340332
42586.265625
4083.326904
39593.074219
24259.271484
42353.140625
2851.156738
9188.178711
33527.171875
24817.251953
32570.111328
10857.277344
13543.106445
199.170105
22168.291016
48116.285156
13588.135742
28286.326172
37373.277344
41157.355469
30394.134766
7311.203613
30794.134766
28702.367188
24406.126953
25011.111328
39964.261719
27078.328125
53734.300781
22196.121094
8307.174805
23597.175781
25855.064453
13275.376953
15841.031250
9613.235352
28414.263672
13836.146484
35723.484375
37498.308594
26393.369141
11460.122070
18181.015625
32568.330078
26671.166016
5026.285156
39757.226563
2242.088135
29625.298828
14426.068359
36068.207031
34663.125000
12629.999023
28841.138672
37226.296875
34066.320313
24818.271484
22087.341797
41473.417969
3101.365479
4857.336914
39547.101563
39667.203125
4544.999512
23745.998047
35157.042969
22851.058594
10698.075195
19458.257813
15090.331055
11336.345703
5005.253418
29022.134766
9137.112305
2578.576904
29016.236328
8848.205078
45408.156250
50296.183594
35120.277344
10305.333008
11761.072266
21196.220703
13230.141602
36733.308594
16874.105469
41652.316406
17739.123047
11360.207031
30630.330078
41277.234375
8896.466797
35742.261719
30179.119141
20554.083984
10355.625000
41228.105469
1403.277222
32513.296875
24997.142578
7958.193848
6393.208984
14914.157227
14049.231445
12378.166016
8271.143555
40416.160156
28340.121094
47183.316406
542.419128
4855.122070
15139.075195
24219.363281
70561.476563
2828.159668
16994.140625
5898.348145
23733.166016
24425.232422
27799.166016
31220.359375
43772.246094
10995.285156
44315.152344
38438.121094
59161.203125
33142.113281
10387.070313
3188.305420
14874.083984
4776.115234
11052.165039
54797.195313
12561.245117
18167.222656
1599.124634
10259.142578
16761.359375
4814.270996
1422.086182
15969.173828
51030.238281
45740.148438
41881.257813
18344.419922
29637.285156
34006.179688
13094.267578
22826.269531
29479.232422
23091.246094
24791.115234
26653.220703
3381.168945
23852.179688
12904.098633
1948.095459
24099.097656
9619.071289
10077.275391
52311.226563
43509.160156
6043.317383
25607.076172
11054.102539
6034.156250
9608.086914
1574.176392
19357.087891
26367.087891
41163.320313
26665.158203
10811.331055
27624.164063
24533.119141
11365.079102
15006.193359
13975.213867
25877.357422
59230.531250
832.194946
25683.216797
6825.033203
32929.207031
16290.259766
13460.032227
79477.265625
36736.148438
46252.250000
8848.186523
27215.214844
34602.265625
3329.063721
4468.128418
27036.382813
21933.285156
5755.482422
18302.132813
29189.259766
3487.012939
9396.040039
32259.044922
5827.086426
9074.123047
30081.365234
26032.111328
13498.343750
34880.218750
1836.280640
45366.417969
42153.242188
4358.191895
23081.123047
31227.236328
11493.101563
12460.266602
4983.154297
26200.130859
1989.251831
17733.119141
13902.012695
23465.222656
12356.081055
11901.245117
28094.164063
2931.314697
23087.130859
30003.183594
11348.128906
14716.181641
32445.140625
45745.257813
11358.231445
4427.270020
42580.316406
15786.109375
30069.267578
18466.236328
7365.128418
3502.256104
13414.092773
2448.095947
5027.109375
8625.056641
3199.048584
21861.347656
30524.083984
12613.408203
51771.175781
46134.277344
26138.107422
24422.308594
33638.273438
30979.263672
8675.360352
7926.326660
12470.108398
28061.027344
6923.065918
27164.089844
2831.177734
23327.068359
25848.220703
6857.206543
25511.220703
61723.273438
12973.049805
9585.158203
9743.110352
13495.149414
31533.285156
25212.167969
39884.398438
18477.099609
19470.324219
13150.219727
29062.193359
2889.265381
8682.118164
20746.115234
12534.161133
20445.296875
33386.484375
28207.144531
11681.296875
5887.170898
8859.109375
41741.265625
10520.102539
29476.208984
39997.355469
23692.205078
37644.316406
16790.232422
71858.632813
43136.335938
40836.167969
33441.402344
24619.482422
37076.109375
13713.311523
9238.113281
8418.224609
18323.271484
20806.152344
11273.316406
24368.150391
24113.312500
15653.216797
21435.156250
5235.421387
20782.240234
3330.182617
49605.328125
33788.339844
2574.274170
11785.344727
4463.190918
28272.226563
1623.287964
30404.146484
12338.234375
25759.275391
1645.078369
26559.261719
22066.134766
34041.035156
19943.476563
9401.146484
45560.191406
12556.219727
28988.220703
30098.289063
7741.089355
23672.183594
1681.103271
5312.062988
14365.226563
58935.214844
37433.328125
12966.246094
25572.291016
23452.181641
41594.367188
33544.324219
10326.273438
2958.068115
10100.222656
32138.417969
6198.218262
12107.280273
8615.208984
47989.203125
7988.546387
26841.390625
24571.050781
33520.214844
19121.236328
8308.067383
14225.239258
8653.121094
31983.183594
7215.510254
9391.275391
13759.165039
39005.433594
5019.181641
10942.130859
15468.407227
9656.368164
5924.299805
91809.257813
27415.130859
3989.274170
35806.320313
48437.558594
22421.248047
39218.070313
30829.339844
23191.166016
18126.445313
14787.293945
8103.999512
18025.998047
42055.066406
6288.270020
8616.110352
27169.121094
5470.146484
45167.140625
26091.130859
10609.152344
38619.410156
26228.199219
43989.250000
3306.224121
17201.279297
69947.437500
11376.278320
34174.328125
3540.153320
16334.123047
1136.121338
22997.308594
41801.144531
24150.300781
34475.351563
10545.087891
12307.219727
26364.398438
31044.060547
8622.161133
18577.341797
9966.209961
4624.188965
10372.172852
34434.195313
42451.292969
13800.287109
12548.117188
8844.186523
31924.353516
27943.220703
20939.160156
29490.085938
13195.191406
33194.187500
42060.187500
15780.133789
7945.077637
16329.248047
31423.296875
26411.171875
26864.261719
27173.261719
23089.193359
12045.462891
28583.210938
13821.398438
40430.230469
61383.218750
26000.123047
13512.184570
30046.171875
13377.221680
28521.535156
27909.136719
44536.140625
30773.367188
10913.226563
13282.105469
60065.375000
4074.378418
40966.578125
59081.242188
5102.212891
22611.136719
3301.293701
8139.209961
37411.246094
17508.173828
45537.328125
25860.167969
23980.107422
11454.234375
18658.130859
4443.352539
21267.341797
1617.137817
10649.001953
41331.246094
7273.118652
44066.265625
15811.222656
16372.266602
20794.216797
12225.028320
33912.121094
19280.156250
44323.218750
26362.199219
68698.562500
10254.110352
25146.220703
35869.429688
4318.375000
7995.061035
29611.294922
25686.185547
18235.396484
44554.222656
8081.129395
3144.218750
1776.182129
35970.175781
37514.390625
42953.296875
7717.140625
22844.312500
9470.119141
5768.267578
11904.047852
45306.195313
24274.089844
2256.115967
28604.177734
18051.199219
25084.201172
1311.444946
4611.239746
7208.173340
59546.285156
5677.142578
25572.134766
30934.406250
31338.171875
52051.207031
19220.136719
21543.121094
8413.003906
3767.420410
17259.308594
3955.188965
9891.168945
18835.220703
25772.287109
24513.179688
38390.187500
44770.214844
24484.251953
11479.231445
22795.054688
24931.998047
26171.085938
27155.261719
43503.308594
26570.236328
39706.304688
32195.117188
18061.287109
29303.191406
47537.472656
33926.187500
31140.064453
29249.162109
5933.138184
46153.195313
5082.246094
21865.218750
14170.999023
24371.171875
27726.474609
45712.167969
8683.133789
9937.187500
26849.427734
48519.125000
11797.101563
51014.359375
9015.196289
1455.232910
20904.085938
1103.189575
39338.277344
8738.272461
42772.199219
7919.181641
1651.352783
38114.167969
12994.332031
26983.078125
9791.038086
14201.146484
69938.226563
77323.289063
34713.046875
17830.154297
31971.179688
37133.113281
22861.201172
11200.116211
24660.224609
2483.073975
21629.058594
17478.189453
26407.150391
21939.337891
57163.222656
19283.277344
3322.276611
29762.195313
12019.104492
25930.169922
27931.228516
27439.138672
4594.099609
12043.119141
4165.219238
25066.119141
20425.240234
25393.177734
25577.177734
24520.216797
11016.150391
16197.243164
14949.268555
16035.221680
11148.999023
4701.291016
10066.999023
5211.153320
36781.171875
2962.122070
26233.175781
11679.076172
23231.134766
9460.230469
18639.281250
20963.115234
2025.999878
9746.999023
29377.130859
12883.999023
31580.201172
12359.054688
39356.277344
12581.185547
9363.093750
20951.158203
11066.150391
1115.155884
11765.084961
65175.332031
1483.300659
47271.140625
52269.253906
2233.117432
37385.164063
9250.186523
10088.139648
16545.355469
29833.242188
34051.363281
14697.255859
16632.150391
29075.146484
46306.117188
48142.292969
42037.199219
26168.189453
9021.137695
27666.179688
5185.328125
29895.466797
16931.154297
6998.128906
8617.116211
12243.285156
24087.046875
38606.359375
11732.074219
9532.129883
8019.339844
7507.189941
32707.087891
55387.328125
34051.289063
14448.999023
25112.066406
38006.121094
3156.056396
27995.423828
12813.289063
39852.242188
10959.096680
9835.209961
4283.154785
23204.337891
10623.147461
5750.226074
62061.304688
10321.162109
16423.250000
2463.101807
9924.430664
1023.253906
35249.171875
9710.145508
27193.177734
26467.207031
5427.157227
31983.130859
34769.210938
19124.095703
44967.070313
29313.494141
31865.210938
13967.223633
20813.246094
9498.272461
114157.406250
59278.089844
11603.315430
21828.365234
26126.109375
24550.232422
6839.301758
4346.185059
3871.176270
8593.258789
58369.277344
6912.121094
26509.144531
37505.156250
4152.276855
4272.106445
22358.126953
12178.375977
9923.102539
8907.147461
23044.197266
5618.359863
13507.341797
4473.251465
27578.226563
23445.152344
3251.146973
22872.123047
12328.203125
28647.121094
20483.257813
15393.157227
24460.050781
2312.210938
31255.242188
8618.211914
33171.265625
29662.326172
9536.185547
19633.181641
13186.332031
3538.136719
38439.164063
33181.285156
11209.174805
8664.348633
16798.138672
12750.106445
21380.115234
39915.269531
21496.355469
19303.187500
12080.149414
37073.207031
31670.126953
3789.417480
1064.328491
42264.226563
49956.281250
31311.201172
32492.187500
3896.109375
5959.173828
12744.159180
21099.074219
6366.222168
23752.214844
23824.378906
29165.488281
28536.240234
20783.054688
43200.355469
15303.171875
6570.319824
10590.246094
24778.351563
27368.083984
25288.105469
13310.158203
17581.193359
63616.289063
32559.167969
42540.125000
25966.224609
13147.163086
23740.076172
10413.178711
35236.187500
12279.150391
11695.145508
43649.117188
37633.214844
38395.167969
35452.175781
12128.285156
19162.048828
9041.315430
22742.093750
23082.347656
5146.085449
38380.320313
22941.390625
43203.117188
8844.215820
52563.285156
8725.170898
18493.175781
26425.119141
33307.203125
19397.166016
29687.191406
21501.244141
11174.176758
23766.183594
13840.198242
48566.339844
10899.197266
22024.138672
7898.176270
22033.078125
9293.225586
21899.105469
20410.226563
27152.080078
31673.279297
27385.121094
4575.117188
40544.335938
23359.306641
2459.322998
28724.308594
13013.146484
25820.201172
41830.371094
35932.523438
33942.160156
29058.998047
41643.210938
6333.056641
53220.277344
12045.420898
8388.119141
12533.137695
25137.220703
3172.332275
10638.143555
994.326050
21784.605469
21120.324219
19929.183594
35308.238281
3886.408691
16264.111328
2091.254395
25544.253906
5962.204590
27992.433594
29411.332031
2629.266357
13393.119141
5771.080566
18476.218750
19860.398438
24211.369141
21554.232422
43033.253906
35091.144531
34737.386719
11647.170898
19576.189453
86948.406250
29409.111328
11592.163086
9848.245117
25276.408203
32746.195313
6141.201172
49385.328125
105376.906250
20058.232422
38490.238281
30314.177734
18443.316406
43524.136719
10369.165039
20108.308594
23759.216797
5460.335449
13318.343750
31579.179688
36330.250000
25301.166016
15537.322266
27657.113281
15036.154297
14393.289063
17423.125000
30654.998047
9927.999023
26560.154297
1195.065674
11224.087891
61886.136719
12130.134766
12127.106445
7218.166992
30710.119141
12240.324219
5944.256348
11897.041016
65565.242188
1349.307983
30905.101563
21981.101563
34625.085938
7303.296387
35231.156250
30739.070313
46722.269531
19893.207031
7502.387207
18619.599609
38398.171875
44823.542969
37011.218750
30236.144531
28188.248047
6589.471680
28622.576172
10839.160156
3287.348877
21793.205078
44415.332031
42176.363281
55785.121094
11902.175781
2551.232422
27148.359375
21484.222656
21665.330078
58929.109375
38465.199219
27064.148438
28163.107422
22850.386719
25307.244141
51390.324219
31912.244141
13009.281250
29013.158203
54950.320313
43901.179688
26530.179688
32630.166016
24451.074219
48610.328125
24669.142578
10566.125000
10549.507813
24208.242188
6650.005371
30725.070313
7024.154785
10613.090820
14017.226563
17195.339844
14117.034180
11815.042969
60647.187500
27915.304688
14854.039063
14064.092773
28134.279297
33734.222656
24302.185547
9464.230469
2505.806641
75482.320313
15228.082031
20995.306641
46343.226563
10314.125000
2886.428223
15876.137695
50771.242188
63376.441406
46408.484375
33351.261719
23915.220703
30890.484375
15432.208984
25669.300781
20477.566406
12314.541992
46314.363281
20454.353516
12471.158203
55582.230469
47526.542969
25206.341797
26351.240234
12067.114258
51167.328125
11147.183594
9822.072266
15894.189453
6855.270020
40655.195313
26118.417969
21260.267578
30970.144531
5098.193848
36119.238281
35587.222656
38241.457031
41174.437500
4785.374512
16343.227539
35346.171875
46253.285156
26389.179688
22716.240234
8918.105469
17021.121094
23675.164063
16864.048828
24107.316406
31125.177734
25238.066406
32740.210938
20087.341797
15027.042969
6712.246582
11929.278320
12938.287109
16480.242188
23098.234375
9085.202148
19665.257813
25138.148438
20182.232422
3553.305420
7420.150879
24941.291016
33427.468750
23398.296875
26827.189453
15223.345703
9617.187500
23975.363281
22408.345703
15766.127930
7880.299316
34460.250000
11424.145508
31778.179688
13022.174805
9246.133789
27085.089844
31577.226563
1474.399048
6385.243164
31042.076172
8104.229980
1075.078369
24101.156250
19839.193359
8892.376953
22993.185547
20764.150391
40250.117188
37522.179688
14685.180664
74542.171875
32205.466797
25501.191406
8354.151367
22365.427734
23236.244141
37116.257813
35373.257813
26586.175781
1221.175903
22201.140625
1340.225586
11774.310547
21173.240234
19615.322266
11957.324219
30458.205078
16790.074219
27908.142578
74026.281250
11266.221680
9818.328125
7104.143066
28565.125000
9342.258789
14012.256836
30634.253906
28043.289063
32666.292969
25633.201172
4207.210449
9826.023438
16630.105469
29114.224609
24659.265625
19924.261719
11746.041016
30395.218750
24810.107422
25755.072266
29959.509766
23483.302734
25417.212891
11652.999023
27136.039063
12215.267578
21248.087891
32063.011719
36477.207031
10477.199219
24627.158203
1977.273315
7684.099609
41298.117188
21311.082031
29870.998047
32707.240234
22749.255859
2419.048096
24147.126953
6853.178223
19952.312500
16998.166016
22020.228516
26961.224609
22292.189453
43270.335938
10903.041016
19796.189453
25178.099609
27724.156250
64877.289063
4688.049316
46691.214844
21631.107422
35404.500000
33110.250000
25529.240234
84385.109375
19362.039063
28709.042969
10426.057617
6871.310547
3651.069092
24257.101563
22874.289063
22422.359375
23647.128906
7570.076172
10266.077148
28267.275391
7754.143555
10432.069336
4293.169434
29575.142578
10706.157227
9230.235352
33071.144531
10408.220703
16147.290039
27802.197266
2593.094971
11817.178711
9517.190430
19655.078125
48476.343750
9892.147461
4399.189453
28940.222656
13661.999023
12348.060547
24946.113281
42420.996094
27895.998047
11570.999023
36500.996094
51077.996094
3308.999756
35911.144531
26468.998047
28118.089844
7888.199219
4776.272461
11760.099609
11560.102539
30637.345703
22962.708984
14542.019531
37579.097656
11845.077148
36636.242188
28841.222656
4705.067871
11740.207031
3222.163574
4947.089355
16567.169922
7225.182129
14938.414063
20764.195313
18250.304688
26897.230469
3695.169434
30296.126953
28773.259766
18744.083984
24953.169922
46503.386719
814.268982
38032.398438
7844.060547
26578.019531
3296.210938
1480.999878
15781.199219
9669.151367
10087.276367
11970.386719
9022.091797
29983.109375
28588.130859
7060.404297
86230.265625
3800.155273
16136.142578
21715.253906
11132.204102
30018.246094
21009.238281
16639.130859
9408.170898
14254.113281
51977.210938
49315.386719
17703.062500
13651.168945
4398.129883
19830.113281
1856.282593
10347.317383
9147.295898
19195.103516
5367.102051
10755.107422
24077.068359
9667.217773
17251.289063
10769.288086
1959.143188
23121.287109
72430.195313
33117.386719
42236.324219
3195.130371
23581.408203
25184.269531
80305.687500
34860.058594
37368.507813
41551.238281
6056.101563
25278.269531
10247.084961
7890.262207
21741.179688
17416.183594
13691.231445
7657.163086
13018.245117
41285.023438
5174.101074
24760.199219
36241.292969
27448.560547
5918.188477
52329.320313
4668.104004
20946.189453
27168.187500
13427.123047
35622.140625
20833.179688
21508.138672
36820.511719
25956.250000
44963.226563
27447.251953
46022.429688
23126.296875
10903.213867
18950.261719
19686.386719
2864.218262
7111.222656
32137.218750
9997.355469
73670.179688
8800.233398
21385.333984
30524.025391
5248.163574
8855.199219
24331.363281
20474.207031
6968.242188
20599.238281
10830.213867
12596.171875
18188.232422
13416.188477
41060.128906
10212.324219
11671.210938
30808.261719
33098.343750
25249.162109
27346.173828
12090.139648
14674.090820
7968.333008
7986.192383
58161.222656
7306.035156
75661.179688
50117.226563
2044.162720
16728.208984
18230.099609
88454.468750
17927.044922
28852.138672
32004.117188
10925.083008
33760.277344
9604.231445
13998.314453
11289.259766
20072.185547
12119.999023
45774.367188
10920.302734
20569.119141
8165.190918
6612.247070
3756.153320
3578.530029
3687.121582
9074.094727
23966.445313
7133.231445
15994.174805
21993.062500
2305.110107
16369.398438
21203.091797
37403.191406
3304.012451
24306.054688
37299.500000
12417.095703
5810.156738
28150.142578
27346.283203
6878.229004
12189.129883
22611.244141
27562.148438
19979.179688
3622.181152
36482.343750
19156.033203
33595.289063
31990.177734
9236.114258
1545.381104
30481.126953
12117.122070
22527.345703
12876.342773
18818.166016
11919.350586
25135.107422
22802.171875
38597.222656
35782.097656
3426.259033
50626.425781
25797.191406
33570.113281
54004.156250
7996.189453
31387.068359
8099.219238
3851.324463
18863.148438
17277.191406
23303.193359
30146.292969
39461.136719
9753.150391
3297.155762
13312.258789
16936.097656
27151.253906
9890.217773
21247.101563
29226.322266
42402.167969
27391.177734
27447.998047
13368.208008
18040.265625
10173.119141
27652.226563
7665.184082
17501.201172
23563.308594
8347.035156
16934.353516
38241.144531
28378.031250
11697.215820
22644.121094
3102.345459
13796.166016
23413.179688
42730.125000
59270.457031
12704.171875
23398.162109
9846.141602
50937.152344
26411.273438
44359.222656
29189.414063
46248.250000
35416.300781
13834.096680
45783.605469
20693.324219
22589.144531
6380.226074
23641.416016
23967.119141
20335.218750
29370.248047
23612.169922
9934.152344
4406.121094
7163.093262
27042.246094
29716.197266
21500.277344
15132.273438
11932.034180
1268.377197
21750.128906
5437.444336
33142.167969
20012.093750
25254.212891
4865.140625
28269.236328
29895.279297
19919.164063
33793.226563
59168.292969
32171.281250
13423.241211
17648.207031
41634.464844
6169.111328
19605.056641
15096.211914
9143.176758
9896.110352
6605.427734
1408.443481
10302.340820
41038.195313
32965.093750
12230.395508
33000.195313
48206.183594
11911.115234
35574.250000
30122.250000
41487.070313
12686.126953
19876.265625
11305.079102
6989.129395
4768.084961
717.057983
62595.359375
3857.395996
15131.648438
11926.134766
23885.095703
19750.101563
52726.218750
10473.094727
10697.175781
39117.058594
2949.345459
26882.220703
31356.279297
1033.134521
17349.162109
32930.250000
19013.111328
9410.562500
19975.261719
13652.334961
54283.355469
15654.106445
23490.214844
27157.179688
3182.134277
19399.296875
37065.265625
24875.216797
38788.285156
23024.230469
44151.656250
34307.222656
12601.212891
47003.300781
5188.196777
16866.111328
34968.273438
31114.498047
434.129639
1576.999878
20514.998047
21937.998047
41589.164063
41410.093750
4974.130859
46926.316406
10980.096680
53014.269531
13187.096680
33075.140625
31666.281250
5948.218262
24430.037109
23822.095703
11718.115234
1329.294312
21232.283203
33817.429688
11843.079102
20413.349609
10277.093750
34927.296875
56680.535156
12033.018555
24641.152344
23239.144531
22865.214844
35042.546875
28340.154297
14978.483398
3543.301025
31569.236328
8707.208008
29536.203125
11521.085938
19128.183594
15027.359375
5191.514160
9099.137695
49319.218750
28158.158203
50902.304688
23404.236328
11623.106445
1026.455200
12245.225586
6849.204590
9403.092773
19775.074219
3769.199707
7568.277832
24710.123047
60479.328125
19324.216797
11929.999023
2854.084717
35653.382813
50426.394531
25634.050781
30741.294922
28705.146484
2964.248291
8247.181641
26054.289063
19017.269531
30872.113281
19553.074219
11428.083008
12926.066406
29631.138672
38779.140625
28286.181641
13524.203125
41487.085938
1324.194824
5334.351563
21926.080078
2307.331787
25156.181641
30694.146484
11225.163086
34518.214844
34820.351563
41108.218750
34851.285156
23850.111328
9728.145508
38873.093750
32612.222656
24321.148438
39918.054688
11330.185547
38941.511719
2112.139160
3790.294189
14744.721680
25016.076172
10513.196289
7424.407227
57658.214844
22576.203125
24490.289063
22836.232422
26208.093750
13402.113281
41247.308594
971.066711
22863.267578
29842.171875
25394.169922
29216.134766
37131.292969
17553.318359
28603.175781
9744.212891
3199.308350
6849.276367
47254.125000
30354.150391
2445.265869
31625.164063
27297.173828
17884.302734
6970.309082
37250.246094
13795.289063
37917.234375
23396.185547
26110.339844
10110.153320
5143.355957
44421.300781
28348.103516
7399.276367
31973.152344
9993.286133
24124.212891
29950.449219
13507.161133
27852.156250
35299.179688
11302.235352
38071.078125
14893.074219
6952.115723
13692.063477
28765.197266
9685.046875
7534.299316
76652.445313
4921.139648
7692.204590
21654.337891
14516.106445
4504.188477
28340.388672
19702.302734
66736.609375
1983.184570
37527.160156
31846.179688
7994.151855
33406.410156
18978.125000
53845.390625
33436.281250
4096.403320
12484.332031
34954.105469
38619.175781
12113.310547
13070.127930
9163.181641
23149.080078
36945.117188
32302.128906
9789.460938
28674.140625
36300.488281
2934.251709
7334.182129
733.278259
15670.515625
29157.523438
24731.101563
16453.248047
30250.224609
29073.351563
10094.068359
1088.329956
32790.171875
15002.328125
38981.187500
24517.158203
5525.285156
2874.181641
26385.144531
1703.362549
22902.207031
21563.255859
22003.240234
23298.322266
20479.396484
28218.228516
35862.222656
10984.252930
6113.236816
11186.359375
1179.286011
20597.404297
20842.326172
2678.556885
22636.244141
17628.435547
23342.179688
3687.233643
33055.304688
29326.357422
18791.023438
26209.150391
30442.224609
31141.166016
8872.338867
2828.408691
23617.263672
38681.171875
26775.050781
1978.137329
28635.207031
37327.171875
16101.160156
2075.265625
12753.254883
12397.172852
2156.138672
9706.193359
31455.285156
23055.349609
30624.181641
7745.159668
21329.191406
21489.152344
24462.134766
78899.312500
43917.347656
2870.252197
30022.205078
37715.207031
20301.113281
12954.076172
41962.179688
8559.148438
36698.179688
24702.169922
8977.177734
25523.402344
14552.101563
29783.238281
30443.769531
1568.008667
2068.151367
3347.340088
28276.259766
52899.183594
8390.212891
30396.166016
29855.248047
26032.238281
21273.236328
10813.182617
26846.193359
21299.289063
2197.653076
39287.394531
8994.068359
35468.273438
49490.132813
25791.158203
21091.244141
22665.177734
46632.304688
31751.269531
18770.218750
9601.347656
5773.099609
15450.079102
28605.263672
32130.320313
22675.333984
7377.273926
30954.230469
12852.259766
23331.279297
30137.101563
3476.999756
43634.324219
2644.109619
33323.019531
14935.241211
11257.374023
33965.164063
32117.199219
4887.162598
896.086731
18041.214844
27538.103516
47267.195313
35327.261719
5136.062012
6385.327148
3778.119629
2430.187988
6487.043945
15796.042969
25056.162109
14986.177734
31021.337891
31872.248047
12785.192383
10087.419922
26908.228516
10435.262695
8132.177246
53967.226563
1593.244141
20790.240234
24954.275391
33970.023438
8449.148438
42191.097656
33054.085938
25730.154297
33234.226563
41816.335938
37028.312500
5936.078125
10176.198242
9269.425781
13039.122070
21279.189453
6420.006348
31626.101563
9078.190430
1260.095947
23952.205078
19894.121094
39270.421875
1712.305054
4142.189941
2999.343018
19715.187500
30408.160156
37355.144531
11626.149414
14408.118164
9982.093750
40321.242188
40353.226563
55697.656250
12429.169922
34997.320313
24573.244141
11978.323242
26498.332031
3746.181152
20384.273438
28207.152344
31171.302734
3066.365479
3695.103516
28145.181641
7612.999512
50329.054688
49179.417969
36224.070313
17773.445313
3041.091064
2125.413574
11148.999023
24886.111328
3365.150391
23273.998047
21739.294922
32642.400391
27474.058594
39980.320313
54522.230469
11792.202148
19136.234375
2824.228516
12050.182617
31496.097656
54156.531250
30982.142578
45356.328125
27650.132813
21803.082031
45755.316406
17233.142578
32688.207031
23244.304688
20501.367188
2916.241943
24984.148438
16500.277344
38679.296875
26130.162109
46398.273438
11404.240234
2756.189453
20173.185547
17224.427734
8361.172852
20258.054688
23943.074219
27628.253906
21829.207031
55960.214844
32707.220703
43674.277344
19931.087891
22857.179688
28699.369141
16096.358398
22401.150391
7453.231445
24650.132813
14916.208008
49743.402344
31506.220703
8569.099609
36904.464844
15070.216797
31335.107422
11862.192383
12649.128906
22978.417969
40648.281250
32576.121094
22621.240234
31616.185547
1296.292358
14026.205078
23279.388672
30102.142578
30151.105469
25699.125000
10269.081055
24128.998047
28972.019531
11734.133789
11544.142578
37116.175781
15768.209961
29708.136719
43277.042969
3246.371582
22122.734375
17332.187500
29191.291016
9847.142578
2553.282959
44283.136719
26134.998047
28524.285156
34549.207031
25641.177734
9408.237305
42973.261719
23194.287109
14460.210938
7227.204102
21659.101563
10665.105469
11881.183594
18275.205078
33513.585938
52044.210938
17422.187500
19345.164063
5712.162598
24268.496094
20146.208984
26678.326172
15417.046875
6656.301758
23071.041016
9488.256836
30973.576172
27067.048828
24651.140625
12306.326172
9693.361328
24931.294922
33747.457031
44324.296875
14501.224609
71739.445313
11954.179688
37226.398438
12158.137695
24789.277344
5962.145508
19653.244141
15144.165039
71341.289063
9166.162109
15405.194336
12858.297852
12271.125977
8159.110840
22210.093750
11773.115234
10195.999023
22484.998047
20834.052734
4364.291504
26464.285156
11884.091797
26435.177734
23168.195313
21177.242188
9630.086914
24978.046875
38717.125000
4011.077148
34786.757813
36890.566406
2938.160645
12289.172852
68055.343750
29120.564453
29792.046875
11686.190430
13089.273438
12676.190430
10993.146484
18883.244141
30322.208984
11852.131836
26715.373047
46080.277344
28654.341797
23688.371094
30434.066406
25539.101563
19897.207031
24857.419922
14064.184570
43396.343750
35375.226563
14347.134766
23718.158203
9892.217773
31733.128906
8393.309570
2104.174805
1185.158325
25459.142578
23173.496094
11373.252930
11250.367188
27840.148438
31587.244141
17547.177734
49748.472656
25482.349609
28808.062500
10236.211914
19043.287109
10360.177734
43299.093750
27923.095703
814.048218
11813.366211
13298.163086
3683.312744
12144.192383
5073.196777
9175.133789
39643.406250
42100.437500
11678.728516
35237.324219
23246.011719
29734.187500
5694.175293
10194.360352
12071.119141
22282.183594
4913.186035
21816.216797
11148.241211
76501.328125
11562.194336
18102.292969
7329.199219
22884.017578
22378.203125
25029.322266
23253.517578
10788.184570
4680.104980
28907.271484
38130.699219
12472.179688
33333.199219
33457.300781
42130.519531
13657.133789
37922.402344
11493.171875
40788.367188
23372.107422
12061.292969
20962.117188
22123.048828
1043.229492
14896.380859
5732.155273
10841.224609
9516.316406
36413.000000
25100.095703
3286.999756
7412.026855
46616.242188
9833.175781
16028.340820
32770.046875
33024.199219
5626.087891
12462.169922
26536.228516
9559.315430
26059.142578
2481.220215
20662.064453
30650.197266
11924.358398
23775.261719
17992.308594
4532.319336
33171.312500
15087.005859
11001.241211
45694.269531
4686.172852
21486.312500
7084.183105
32124.169922
22973.320313
6483.190430
8624.232422
14052.105469
22480.126953
53782.265625
25129.214844
7400.161621
2851.193848
30822.105469
35290.261719
49591.320313
54432.312500
56389.105469
45949.058594
30912.322266
39183.226563
8187.110352
58782.355469
31101.121094
17931.265625
23683.195313
17971.130859
27433.396484
11872.210938
16093.125977
24857.091797
7804.187500
22890.154297
23819.300781
10380.179688
17021.250000
1664.128052
26650.228516
31490.203125
6332.231445
6147.207520
14398.084961
36349.277344
8898.115234
11484.231445
21382.167969
29856.238281
32551.162109
14458.187500
17226.216797
3120.116699
50521.363281
32434.308594
27147.367188
20985.369141
2320.343506
20504.484375
15041.323242
27219.226563
32258.210938
3057.520752
1311.107178
8470.154297
10484.084961
34298.285156
9596.015625
9412.130859
19162.126953
1797.326904
44267.996094
26847.308594
19348.140625
25965.281250
20285.326172
20423.396484
11670.183594
9314.332031
13248.066406
25295.158203
29623.212891
11895.198242
34167.191406
23206.291016
2112.239746
20195.242188
24241.123047
35340.281250
46358.765625
11452.169922
29492.033203
4736.188965
30807.126953
25444.162109
10052.146484
45915.421875
23268.113281
38715.429688
11719.119141
9444.215820
21473.339844
8314.334961
22567.083984
6322.283691
15927.999023
22966.998047
19976.998047
21803.998047
48256.039063
23266.021484
27894.244141
9965.020508
19422.998047
33403.136719
68060.328125
8859.999023
7795.162598
29659.050781
4123.201172
8570.102539
24814.601563
22940.392578
6454.282715
24745.304688
12462.157227
1843.093994
4823.226563
22572.371094
27212.091797
1866.206055
21496.119141
13264.170898
24090.138672
16952.152344
19334.044922
28239.062500
22292.128906
28242.253906
8424.999023
58577.882813
22738.285156
39423.289063
30305.380859
19581.240234
33621.285156
30532.240234
32101.111328
2195.252930
16495.228516
7562.388184
17143.248047
7836.187500
8744.156250
12877.294922
36139.351563
34230.101563
46099.558594
49646.500000
47925.226563
34882.253906
2420.089600
28116.271484
6970.226563
53964.648438
9775.241211
10727.279297
25632.031250
1497.280151
25991.255859
14247.223633
8253.281250
3840.414063
31228.341797
8115.200684
28567.392578
4895.171387
6168.173828
22128.230469
20891.105469
5604.098145
32770.183594
6475.182129
28472.078125
27800.187500
34288.414063
44578.179688
42254.300781
20880.359375
11953.234375
6896.208984
23328.332031
5595.182129
10478.236328
60759.363281
8663.222656
71909.476563
1504.188965
27154.271484
18591.248047
1456.247070
19962.189453
28979.394531
9350.481445
22696.080078
42108.328125
33331.207031
21523.279297
12989.132813
17220.199219
9140.252930
32152.175781
17000.199219
31757.224609
7611.214844
47700.285156
2287.125488
2727.117188
9792.117188
47395.554688
34419.136719
37070.234375
21030.435547
3758.660156
9129.202148
44061.691406
14070.233398
11716.339844
26010.218750
36258.167969
2187.142578
26988.218750
13349.330078
13234.097656
12916.999023
25154.476563
34833.132813
1378.151489
31552.250000
4535.240234
7256.112305
10614.080078
4752.075195
5489.061035
44870.203125
26457.138672
47157.472656
9197.399414
49826.359375
42122.226563
22646.156250
24003.310547
11473.148438
10680.434570
28717.308594
17056.271484
33246.257813
20877.164063
3118.436523
10633.250000
10507.251953
28236.230469
47984.996094
14398.999023
52215.996094
2214.185547
23043.238281
11484.185547
10485.119141
47290.328125
13689.101563
17380.134766
1167.310913
27699.300781
19701.308594
33163.175781
33000.214844
34132.207031
20267.201172
9358.250000
19287.296875
36334.226563
4175.272461
12481.232422
1712.336670
38883.253906
12329.294922
10759.251953
48360.140625
85841.156250
24674.421875
33939.109375
12223.302734
29728.210938
43818.273438
26262.187500
32736.197266
34746.406250
24897.439453
12219.183594
26605.158203
32263.121094
61596.773438
21307.177734
18937.353516
13822.514648
2083.999756
11176.166016
2390.149902
34750.273438
10230.368164
21078.195313
21423.123047
12397.161133
3615.155762
21017.125000
2128.245605
2800.150879
22927.376953
26731.226563
10181.257813
20511.414063
10764.413086
25350.115234
1971.081299
12644.111328
21135.158203
10021.125977
22818.437500
32952.179688
14611.230469
13521.299805
6525.381348
20545.208984
2329.412598
30341.187500
9894.041016
10262.158203
41611.160156
37689.148438
26261.167969
11932.071289
30946.279297
21507.240234
28380.251953
9437.106445
18919.076172
23323.250000
23581.142578
6046.111328
16208.200195
37568.210938
27731.132813
15543.377930
45201.148438
27652.029297
1687.092529
57313.457031
2002.090576
25216.365234
30159.126953
17693.347656
31995.246094
15296.323242
11972.092773
53715.253906
10153.199219
13447.239258
19054.167969
22749.242188
24332.253906
31562.076172
19518.150391
8524.101563
33191.292969
2103.163574
14869.123047
45185.101563
19065.207031
7373.315918
44670.156250
80878.429688
10462.087891
9548.274414
7706.372070
21943.287109
14187.335938
12197.113281
2319.136230
20396.289063
33021.082031
9279.179688
23066.349609
22751.179688
42144.238281
30885.123047
18502.537109
22388.132813
20163.251953
43550.277344
27651.148438
1682.148560
29744.144531
28175.246094
10395.161133
20746.242188
21917.150391
40868.343750
20650.222656
26113.740234
25883.320313
24481.300781
22341.251953
22411.396484
31023.400391
21527.228516
15336.160156
34072.101563
10864.166992
22804.285156
27568.201172
44259.191406
25578.113281
24710.203125
40125.175781
6089.104492
23007.171875
9792.999023
43699.019531
26683.998047
30112.150391
31184.386719
28525.167969
9321.257813
44990.175781
28350.142578
35826.136719
11858.138672
7871.208496
20616.181641
25602.164063
46116.585938
50431.265625
32546.283203
4905.999512
40892.242188
37387.132813
40546.273438
20291.173828
24931.203125
21069.205078
10879.333984
21822.287109
25152.197266
10974.236328
21394.232422
4947.457031
43994.234375
26833.208984
35781.316406
3371.100098
40886.261719
38704.273438
10321.338867
40240.476563
27041.458984
10387.191406
12865.198242
3884.356934
7076.173340
2166.228027
5624.078613
23677.404297
24715.144531
29964.279297
7580.181641
6869.238281
37583.164063
20834.304688
7900.320313
18133.320313
8922.232422
36285.175781
4020.153809
24754.171875
32671.412109
8666.131836
64138.406250
8994.022461
7821.128906
30499.158203
23768.234375
33467.117188
21062.376953
4394.244629
52228.242188
785.274841
20021.226563
12890.384766
10610.176758
3461.315186
3488.188477
15534.148438
6054.300781
30736.105469
41496.199219
26665.136719
13680.112305
36767.070313
4324.187500
36312.351563
29079.109375
10152.265625
29668.283203
55784.332031
37398.269531
17909.150391
1006.355286
3262.186035
41906.335938
16784.304688
81821.085938
11115.415039
48711.210938
33680.070313
5649.200195
18198.158203
25553.189453
31294.208984
14166.262695
38404.062500
30720.197266
25797.066406
4439.047852
27705.121094
25210.222656
5301.312988
46961.359375
24953.179688
32787.117188
32481.154297
39173.437500
35004.394531
3205.154297
39331.128906
19704.271484
1745.451782
44790.093750
6430.116211
21081.095703
1744.125610
24649.191406
32986.195313
6604.113770
19013.597656
15412.347656
16224.167969
46597.128906
12164.085938
20745.998047
1293.007202
32843.007813
15885.188477
22055.128906
10597.123047
40750.371094
45137.238281
5459.217285
2317.267334
14069.195313
739.181763
11856.217773
45981.136719
28014.214844
33572.281250
12737.315430
24913.371094
3940.142578
2040.128540
24529.240234
60538.488281
39917.195313
46310.199219
34955.132813
18795.326172
14504.217773
46205.238281
3950.217529
44805.070313
18720.066406
21974.226563
8161.187988
7971.194336
6124.110352
27364.142578
36607.121094
34647.308594
13954.200195
5477.259277
27779.472656
16652.166016
5046.292480
28253.224609
28269.226563
1942.173340
3503.412598
3838.239990
39213.160156
28796.199219
11283.099609
12474.136719
50088.253906
14094.234375
10529.050781
933.999939
21833.175781
22863.207031
24046.998047
15819.200195
21792.212891
9702.139648
24437.322266
2299.271729
23502.369141
32960.570313
19585.136719
27089.273438
9898.186523
21203.056641
10273.094727
19568.185547
32434.328125
33708.175781
8901.136719
12182.231445
42163.324219
32869.117188
6783.203125
13624.095703
1994.257690
1665.239746
28260.636719
27714.175781
33926.187500
24632.238281
36545.167969
12339.005859
18996.052734
14584.056641
9276.414063
9923.265625
44156.109375
23023.275391
32404.103516
9735.172852
7515.182617
10770.471680
35483.164063
13228.331055
9957.149414
15171.190430
24057.128906
5895.208984
45132.363281
22691.150391
44514.296875
16655.273438
1529.716919
9653.274414
9991.206055
9627.123047
16306.206055
19068.341797
30829.130859
28803.123047
23374.294922
38700.425781
35979.273438
9938.101563
11438.187500
12270.039063
11769.345703
44842.097656
14902.084961
9848.088867
40451.386719
17026.263672
26437.128906
22686.173828
1828.171021
26135.562500
18653.126953
75612.304688
23744.152344
9411.139648
2506.293701
40343.125000
41110.222656
13808.111328
25523.156250
29807.179688
38408.292969
14187.086914
40603.269531
3058.217285
3680.099609
3923.230225
3549.508057
10596.244141
14609.122070
9702.262695
26830.265625
13293.266602
32798.269531
31450.355469
21479.248047
54133.378906
10096.083984
17788.087891
22585.164063
13606.388672
10072.124023
32740.054688
57387.226563
35408.324219
10587.256836
28627.164063
2070.174316
28889.253906
21372.111328
29990.179688
2895.135254
16130.062500
36541.359375
24238.093750
11416.054688
30643.117188
24225.150391
3584.344971
26072.289063
42106.160156
14210.125000
36522.445313
29443.244141
25507.355469
8253.346680
35164.246094
35926.105469
11802.082031
38844.175781
8765.379883
26781.408203
10066.184570
27826.164063
19526.140625
52244.042969
37274.152344
7436.460938
19801.216797
10195.129883
23600.445313
16392.037109
6147.280273
24897.291016
24522.164063
5269.160645
54500.066406
23848.283203
33390.160156
22694.107422
23108.234375
38754.351563
11411.144531
22658.292969
35848.261719
8551.224609
10276.135742
46463.117188
11869.068359
34672.304688
7357.169922
11418.133789
10943.453125
13812.264648
23175.339844
22766.144531
29164.207031
13645.166016
6992.166992
10307.255859
15397.298828
10392.136719
5363.173828
27793.146484
25602.179688
16548.292969
10424.079102
16154.030273
801.091125
3984.180664
25460.210938
15143.260742
26225.267578
22683.310547
25555.144531
54966.445313
28536.119141
9027.382813
25564.191406
8967.187500
20674.312500
31713.238281
10509.298828
6262.149414
20408.142578
39929.265625
11378.229492
3556.333252
7195.332520
19427.246094
24164.294922
23238.210938
13643.188477
27672.058594
13651.084961
25092.246094
39124.164063
29221.410156
9518.277344
32700.228516
74337.312500
37404.195313
7264.163086
15545.072266
9969.216797
5526.258789
28176.150391
32325.183594
23460.195313
21197.187500
48796.425781
29002.554688
25582.132813
9723.162109
14308.181641
22436.343750
38971.210938
6431.114258
39329.277344
10182.999023
42422.343750
56762.222656
2708.157715
16039.283203
31700.210938
19002.199219
12776.322266
7158.205078
4261.047852
37290.101563
36881.492188
12805.328125
25620.255859
49016.468750
51664.222656
25503.294922
23295.164063
31481.138672
41564.097656
11471.374023
12866.556641
15651.144531
3746.229248
19391.076172
13362.087891
3975.212158
26201.253906
9526.310547
8641.999023
35454.136719
29063.216797
35010.406250
9885.366211
10357.084961
23899.140625
39221.261719
21882.113281
2570.194336
42953.238281
16088.121094
20538.134766
3748.152344
2861.364502
9892.163086
38706.250000
41937.261719
25712.333984
13030.096680
26403.132813
13241.060547
10487.022461
28168.181641
12251.180664
46539.402344
3589.125000
17527.119141
25232.130859
16403.261719
15639.196289
19488.226563
4237.059082
33112.421875
22576.248047
35889.105469
43285.253906
7901.101563
22977.203125
45795.132813
10453.329102
25158.242188
12821.235352
2696.173828
28231.355469
6370.124512
1395.357666
17598.169922
3559.277588
7362.138184
10798.133789
6480.333496
23248.128906
3013.040283
22929.173828
31091.078125
8252.098633
12106.061523
1456.280151
7865.113281
6555.285645
35584.296875
13390.322266
33575.191406
24394.044922
21750.421875
15136.192383
8574.175781
25738.175781
34084.101563
20685.101563
33351.195313
15121.209961
24620.187500
22630.246094
1978.165161
24081.250000
22517.283203
36366.371094
3496.331787
21821.195313
14938.208008
5795.261230
11228.021484
12252.194336
24958.144531
19520.144531
22856.164063
7541.124512
15736.383789
19703.234375
8182.242188
16693.248047
28388.298828
20316.060547
34477.257813
18342.095703
17064.060547
23799.326172
31946.167969
23760.216797
23104.181641
20907.099609
26557.210938
21889.144531
5874.501465
13128.073242
31184.205078
24381.314453
19514.111328
12442.266602
32360.134766
11402.201172
22169.109375
28903.146484
21738.035156
29506.123047
15830.448242
30757.345703
29945.236328
24506.289063
26984.255859
39096.285156
37223.167969
1647.034058
96103.289063
51956.078125
49697.078125
12892.077148
22851.105469
8784.174805
11377.366211
17152.142578
22676.070313
10155.077148
23999.185547
15740.173828
27350.123047
26193.300781
15561.172852
3039.175293
9717.999023
11587.250000
35408.351563
20052.162109
50774.496094
50855.515625
13457.144531
26378.275391
26553.259766
41512.406250
10880.308594
10655.047852
33702.203125
10478.288086
25143.187500
30497.244141
16376.249023
11668.259766
27894.187500
37065.199219
12707.197266
19758.189453
13111.274414
21360.208984
35718.078125
38347.250000
20114.314453
16521.099609
28708.121094
27214.154297
35160.167969
8094.100098
29476.216797
11431.140625
13387.380859
32850.371094
12380.154297
25751.126953
31072.123047
11566.176758
29519.294922
24411.226563
25857.164063
12419.151367
26898.222656
40143.195313
40235.261719
11665.255859
26721.083984
2468.232910
20962.193359
13934.211914
23498.097656
16645.328125
17476.224609
20458.177734
12216.199219
42586.250000
13906.309570
12892.082031
18801.031250
10711.194336
11979.175781
9658.141602
18893.255859
13133.245117
12030.131836
3691.220947
13309.215820
29045.230469
8745.364258
18951.205078
20175.144531
12604.341797
11486.401367
26729.216797
31800.306641
24881.210938
4261.288086
9498.324219
35249.152344
8066.032227
23619.140625
12261.028320
38456.152344
23052.322266
21601.050781
23856.242188
27321.197266
1773.181152
21080.437500
34966.300781
10493.131836
52893.230469
10232.159180
8927.233398
42276.257813
19052.162109
4899.276855
41430.265625
10855.270508
1801.149048
12016.199219
8443.226563
8964.225586
27969.121094
26740.146484
2308.073486
21383.210938
24727.164063
2453.203125
37803.105469
16902.193359
63032.226563
28055.316406
8982.214844
28035.115234
28317.572266
19957.089844
63082.109375
48803.195313
12198.158203
7955.195313
20135.101563
31061.998047
30364.156250
23848.060547
23198.339844
29526.166016
9812.033203
8508.334961
3200.498535
22090.210938
31000.998047
14464.008789
3795.002686
22364.068359
21647.130859
9109.363281
17540.347656
32532.400391
7401.245117
36652.140625
7019.296387
24625.263672
11441.220703
36121.113281
51696.312500
9750.158203
39730.234375
15799.166992
23489.078125
22946.339844
6353.156250
6307.257813
40277.273438
45343.429688
9825.357422
83545.453125
10323.208984
20271.191406
24725.263672
10446.152344
28563.197266
9975.097656
18328.289063
32471.171875
44045.226563
19618.126953
22053.154297
30949.347656
6376.323730
10822.106445
5495.299316
28492.166016
2953.037842
21827.255859
46821.265625
9569.202148
11496.129883
28664.097656
18623.185547
24316.261719
14456.245117
17753.123047
8771.176758
26292.193359
27642.281250
27358.234375
38068.238281
32466.093750
8017.515625
33713.312500
29666.248047
41026.222656
16209.293945
33204.449219
24289.335938
32384.144531
21322.386719
31542.197266
7890.208008
21230.246094
4876.137695
50041.121094
1883.131470
32963.089844
10063.231445
38760.187500
27295.021484
20772.216797
21197.119141
2010.222656
32321.998047
7734.144043
18410.148438
15288.221680
46723.039063
26265.207031
1602.318726
37412.257813
10323.089844
11628.329102
11328.132813
25841.345703
8435.298828
31062.167969
10001.235352
37208.476563
38716.050781
42834.246094
9704.332031
17545.248047
2036.173340
11317.242188
18535.083984
33086.058594
18521.183594
9156.166992
23050.359375
53659.378906
62330.273438
32571.226563
3465.306396
25708.201172
20994.308594
40759.468750
26247.326172
11572.071289
8468.146484
14017.211914
24500.271484
35629.394531
11986.174805
13943.189453
9890.138672
36801.148438
33018.347656
3801.331299
24022.386719
21322.222656
35705.429688
9435.294922
27419.251953
11710.233398
38961.097656
8662.347656
28361.199219
25823.152344
1181.135376
2768.636963
14100.284180
20306.291016
9926.282227
20235.115234
6357.014160
8380.281250
29159.197266
45515.218750
24868.218750
10533.145508
14374.123047
46386.308594
23370.152344
32591.205078
2207.162109
33364.996094
13684.999023
23517.203125
53454.101563
22334.144531
7011.125000
8997.261719
29881.408203
3065.053467
22074.115234
26311.392578
11323.352539
43228.289063
10708.077148
9182.168945
59639.425781
22918.261719
1161.162720
6430.360840
15337.126953
9100.260742
32463.189453
23169.248047
20949.253906
10676.142578
5896.105957
21343.125000
1156.232422
21377.259766
4358.225098
6088.218750
38809.199219
35046.234375
10011.178711
41758.269531
35764.261719
4629.239258
26015.167969
43384.332031
5110.111328
31688.292969
27592.195313
19430.167969
45378.167969
19659.062500
7195.087891
19823.158203
37329.273438
12929.171875
19716.207031
34660.035156
46832.125000
22675.042969
22489.261719
25578.044922
3975.255127
41272.082031
5426.174805
28923.091797
4143.191895
13455.485352
25677.201172
30662.173828
22094.103516
23487.160156
15783.133789
26907.083984
28702.255859
31644.333984
3896.064453
10291.153320
7852.576660
16305.405273
2080.299561
3750.413086
21170.162109
18294.154297
5115.163086
25259.169922
29360.210938
12504.208008
23764.283203
15652.310547
22965.171875
10124.109375
38746.425781
3477.337646
2176.291260
36521.160156
12724.094727
9868.109375
5519.202148
24712.138672
6412.119141
3857.381348
24338.189453
29291.437500
25113.216797
33138.167969
19991.146484
10660.215820
18871.115234
2806.251709
14196.379883
26862.373047
28472.111328
29298.164063
27182.292969
28438.271484
11129.188477
28027.337891
31147.294922
19779.222656
18373.162109
16118.162109
2876.478027
49992.910156
11846.197266
21691.376953
3567.215576
2038.086182
21434.179688
16207.536133
11523.086914
23898.242188
2586.344482
50675.253906
20884.263672
4307.329102
2091.369873
3820.370117
5320.075684
9648.149414
30571.152344
18123.554688
24976.251953
7624.210449
24772.402344
17355.080078
8969.333984
10512.330078
3133.140625
15461.158203
63713.242188
10217.178711
21800.236328
38068.156250
29145.189453
38406.187500
24482.386719
30563.271484
12386.168945
10436.290039
26562.503906
21171.177734
49900.207031
40188.175781
2516.236328
9311.999023
25801.998047
10489.999023
3961.136719
31668.226563
3633.291260
50292.375000
26461.416016
25481.333984
25254.339844
23750.033203
10529.120117
27927.095703
28873.320313
36084.222656
20118.236328
19944.126953
31979.257813
23071.332031
2811.285889
37426.171875
12259.041016
17404.210938
17731.117188
25070.156250
17961.210938
33291.246094
9216.377930
15890.310547
18000.269531
40924.113281
29790.285156
27160.185547
42575.195313
20604.080078
1206.187134
11655.238281
9663.081055
26752.267578
27396.199219
102206.570313
11933.464844
27188.085938
26054.150391
35035.351563
26768.212891
40935.253906
7301.106934
31167.214844
27419.208984
30833.300781
51622.097656
11243.349609
10208.074219
10282.101563
24261.048828
9945.089844
24228.107422
5552.221680
19989.191406
38253.093750
2955.182617
7601.127441
12573.209961
25858.218750
8423.354492
1078.167603
38675.023438
8518.152344
18986.214844
29391.375000
17384.076172
34989.484375
12422.160156
39571.253906
4845.187988
30265.052734
41531.394531
8889.272461
26153.322266
11013.393555
40307.398438
22892.330078
9654.161133
34854.218750
72267.695313
4011.010986
40471.996094
36225.050781
7555.999512
36064.179688
24918.246094
27171.238281
35650.136719
3741.206543
28385.337891
9508.414063
29187.279297
32157.214844
66259.156250
22306.238281
41359.328125
21568.117188
7700.278320
39066.261719
37257.203125
53846.207031
24684.058594
10522.085938
26209.119141
8353.030273
33477.226563
24584.166016
20949.140625
11436.212891
38417.109375
10041.210938
62008.453125
39882.207031
25838.197266
11046.196289
24574.259766
6036.255371
23351.193359
27834.410156
11693.249023
52821.996094
33238.085938
9348.190430
9754.251953
11746.116211
1936.115356
12682.035156
19964.398438
2797.077881
10454.375000
7569.063965
43220.187500
25854.138672
34985.261719
41135.570313
33046.191406
20999.183594
37424.183594
55183.250000
12007.050781
48709.390625
25655.199219
13370.125977
31145.181641
5097.213379
22139.410156
62568.343750
20751.115234
26747.203125
10960.416016
4300.343750
15159.170898
19050.558594
37761.226563
5991.150879
25668.095703
4705.149902
11998.999023
25663.103516
34377.148438
17875.236328
1641.160767
4235.512207
41071.996094
11025.999023
5653.373535
5773.480957
39646.175781
15261.162109
2253.040771
7956.096191
37593.136719
12365.318359
90972.320313
31166.998047
11372.169922
13101.128906
7056.148438
29055.160156
28784.236328
7306.165527
27566.244141
2682.250732
9314.109375
20769.167969
10653.124023
10287.238281
46647.093750
8758.206055
19769.267578
13442.079102
18675.361328
23785.046875
46954.363281
34134.292969
28352.226563
2674.166504
27447.058594
18181.210938
27459.277344
24740.277344
67720.265625
10322.999023
3459.149902
13625.130859
23814.224609
21818.220703
9003.178711
17194.101563
1066.440063
28013.302734
21768.189453
28676.136719
22099.187500
16099.222656
30204.220703
28388.164063
11465.136719
25411.218750
18391.130859
24501.248047
10464.061523
33773.156250
41681.425781
31172.138672
10255.188477
10357.218750
10945.262695
5728.113281
25255.210938
41950.105469
1848.360596
25784.220703
7778.142090
19076.998047
13479.999023
30981.140625
37345.210938
30739.183594
9399.191406
10495.326172
10451.295898
4406.223633
11761.193359
15592.275391
38169.140625
39469.281250
38468.292969
10038.345703
28782.138672
20951.169922
48936.296875
21317.041016
1676.171997
12941.340820
21371.144531
67395.304688
23031.478516
8335.118164
40698.132813
12979.219727
3630.175293
12558.303711
5013.135742
30495.337891
50496.277344
21193.218750
1842.103271
5560.185059
44902.406250
34774.121094
10768.193359
25098.171875
2944.153809
38596.148438
19926.171875
13710.246094
4279.183594
8963.144531
10064.242188
27263.103516
6791.208496
20103.212891
21598.175781
27692.144531
49168.187500
6232.270020
58690.382813
37413.335938
37370.152344
23232.314453
7917.326660
23937.251953
4281.278809
10125.117188
8559.179688
37400.089844
21341.052734
38115.285156
1815.213867
27400.119141
6641.200684
9924.161133
10537.055664
25043.162109
2430.287842
47347.273438
23939.152344
36080.203125
30860.185547
24052.212891
28182.109375
3009.322998
12514.350586
18296.232422
14167.388672
23878.212891
42265.320313
11467.147461
21830.144531
28128.396484
34324.152344
10170.207031
4597.127930
8744.173828
39079.234375
27537.279297
20199.121094
28810.195313
7815.009766
34158.386719
30404.212891
4709.267578
43667.074219
26908.269531
54441.238281
2580.319092
22811.201172
33841.246094
34017.277344
52482.320313
19468.308594
16391.087891
52172.195313
18465.238281
17837.097656
5458.037109
22983.136719
12469.202148
8051.132813
22302.152344
27272.207031
16127.209961
48447.363281
29032.150391
22820.339844
21784.300781
1856.099365
11792.311523
28637.257813
25045.328125
11330.251953
41728.304688
15175.125977
29788.248047
9296.209961
33511.332031
28362.181641
11581.068359
33877.066406
2479.130859
12741.352539
9848.089844
27140.179688
40506.148438
33412.257813
38501.140625
40180.085938
34082.109375
46559.148438
12212.335938
14639.254883
12801.166992
4663.197266
11780.288086
18648.228516
51019.253906
5734.214844
10484.317383
7505.114746
31006.371094
1649.164185
38833.078125
1699.144165
23556.142578
38796.179688
32538.070313
26305.123047
43548.546875
8420.148438
7989.389160
24552.318359
28674.201172
39043.242188
7753.258301
28665.259766
25688.253906
22120.212891
27743.230469
9205.198242
27815.220703
9759.062500
15004.187500
19377.429688
26160.128906
21575.466797
10302.999023
12637.999023
3587.190430
1215.172974
6114.237793
37668.417969
26043.275391
21472.210938
23909.150391
25554.212891
4412.258301
11194.143555
5482.186035
51932.230469
25285.099609
24319.298828
30427.074219
13074.184570
21821.240234
12068.157227
52697.253906
7411.450195
26539.185547
23534.375000
28389.158203
1599.073486
23782.158203
25042.216797
32049.056641
26548.572266
11341.132813
32643.158203
9196.318359
2959.169922
19652.277344
58974.214844
49488.265625
58653.320313
6526.058105
1769.182129
10690.288086
34987.332031
45655.117188
5677.366699
9461.528320
12766.151367
12093.214844
24789.238281
7163.081543
19712.259766
29208.224609
10828.407227
53924.253906
7238.195313
3088.135742
11867.087891
13358.273438
32691.085938
9210.165039
29658.160156
20953.335938
1772.226563
13296.102539
10987.156250
23296.179688
9109.307617
22648.187500
29771.158203
10770.231445
2020.471680
1554.246094
3587.222412
37488.652344
28617.144531
48543.324219
8886.191406
17311.248047
8405.088867
30379.099609
2708.295166
22488.205078
4408.241211
6631.033691
34645.324219
3708.223389
32114.312500
10239.153320
29920.179688
27893.326172
22893.113281
9775.177734
12438.467773
10837.135742
11156.098633
57914.183594
31453.146484
52117.433594
26862.138672
1075.128662
9623.200195
2485.225098
46114.570313
29540.310547
43943.234375
4221.321777
11620.140625
26882.253906
5940.999512
32359.281250
23244.025391
9537.180664
29448.404297
11138.068359
29342.193359
9129.157227
16163.219727
105152.609375
24978.097656
16943.257813
11485.076172
29492.148438
25546.292969
13058.099609
25070.070313
49782.253906
5857.186523
26567.328125
9958.256836
21914.078125
25265.117188
7527.153809
40816.285156
25768.273438
17501.111328
67727.304688
13273.298828
11905.153320
43446.117188
5839.158203
34779.128906
35954.406250
4345.098145
26976.119141
33447.320313
12714.373047
17016.185547
27550.105469
39984.132813
13269.295898
28550.238281
2742.166504
29933.451172
10771.071289
14761.213867
10941.166016
26059.259766
21613.396484
30167.292969
25832.421875
22163.226563
28593.179688
28759.082031
21660.195313
22183.166016
33043.113281
9603.248047
23256.253906
39991.054688
21202.148438
23173.187500
30280.242188
11633.080078
28289.144531
64096.277344
10202.279297
36245.296875
4217.088867
16860.035156
2677.310303
20135.076172
7875.259277
25017.367188
27686.406250
65072.273438
18769.279297
4875.302246
19269.212891
21488.097656
25972.269531
8374.102539
11667.164063
54939.218750
12893.138672
20683.175781
8090.284180
14583.220703
3504.150391
49090.214844
41776.132813
8591.194336
23559.148438
20056.376953
21341.015625
24242.142578
44428.996094
12142.042969
13934.199219
38517.207031
11918.103516
25514.193359
8522.145508
32308.035156
46267.429688
8181.211914
37187.300781
42766.226563
31382.238281
7007.437988
24901.220703
31004.099609
8182.122070
22849.128906
19614.119141
39396.207031
38752.332031
18790.175781
9462.462891
14304.054688
2753.268311
37984.191406
63080.160156
6859.138184
9691.186523
39860.304688
8766.070313
20265.326172
24642.115234
2737.308838
16448.240234
38938.207031
22553.275391
33930.277344
39754.156250
9497.114258
26982.150391
7517.216797
25765.216797
11096.321289
25195.292969
46677.300781
17793.099609
26034.257813
10871.081055
18481.205078
18473.121094
28904.177734
25986.093750
4135.209961
34672.199219
43951.144531
5234.066895
20993.335938
30931.236328
26154.353516
14826.139648
28643.144531
35739.261719
34701.335938
14878.100586
4733.337891
33488.335938
37698.218750
903.371826
17765.253906
36612.238281
15131.236328
13358.118164
24881.144531
37759.125000
27120.154297
14496.139648
4478.289551
16497.378906
6781.170898
28382.208984
15665.172852
41010.292969
37315.226563
9457.210938
20320.998047
8821.070313
19394.333984
59986.074219
1782.091064
22418.208984
27634.095703
21771.123047
13677.198242
9763.234375
9444.050781
2888.256592
47132.226563
33423.113281
11181.127930
24766.052734
11323.279297
47025.199219
21794.324219
34281.378906
7647.358398
9777.151367
8774.110352
20947.242188
16791.107422
34267.257813
2756.302002
29698.330078
2006.270874
38806.160156
32947.167969
21216.162109
20158.189453
25052.052734
5401.148438
45838.156250
29444.412109
7485.312500
56052.285156
30838.369141
64426.097656
11289.192383
28154.275391
23957.119141
35524.421875
23959.341797
24606.199219
22486.140625
6052.270020
35070.152344
15195.100586
20326.207031
5291.704590
9878.325195
37316.109375
24264.126953
3638.266357
18251.386719
14567.301758
37302.421875
4328.146484
15873.311523
10475.249023
4410.257324
10083.155273
30210.367188
20873.304688
10305.031250
47115.277344
28443.093750
14802.218750
40070.230469
13371.142578
6007.033203
35685.148438
7573.076172
7151.156738
5967.194824
13590.176758
16213.192383
8045.187500
58601.175781
22216.154297
6114.016602
4030.093750
8941.127930
3678.302490
15136.241211
3832.347656
38389.125000
25664.095703
1102.262207
13766.180664
29131.312500
23729.136719
20077.175781
14471.144531
17580.458984
9399.250977
34239.203125
10249.236328
13371.180664
33607.363281
8057.195313
34783.128906
2064.274170
29679.082031
8495.423828
32240.308594
22999.097656
21766.408203
10611.386719
33817.257813
24513.115234
21680.242188
13038.093750
7235.115234
39742.164063
22318.251953
35040.242188
21419.414063
32108.291016
8081.233398
29818.171875
10023.059570
6566.299316
23356.158203
7093.218262
11864.158203
32232.197266
12074.257813
15139.198242
13373.228516
35367.195313
26029.335938
13324.405273
70975.492188
21379.302734
2483.190430
38616.070313
30122.146484
22382.074219
26507.175781
1672.151489
12819.077148
35990.343750
16414.083984
33148.214844
16125.266602
28492.091797
20885.449219
16536.167969
22898.361328
10775.162109
41386.210938
10866.147461
11038.126953
21633.267578
23485.042969
9965.318359
31488.417969
18847.306641
31936.439453
29681.210938
24955.998047
10618.353516
7327.130371
28305.130859
10317.999023
10611.201172
18893.238281
32638.998047
22542.998047
64351.183594
2769.160645
28407.328125
8037.239746
9589.248047
1554.178833
16154.152344
7439.373535
65853.226563
27012.111328
30163.294922
7516.025391
31289.609375
23444.441406
29004.199219
25676.101563
33602.214844
32304.126953
39608.289063
45774.191406
6217.219727
13557.131836
11341.136719
41282.343750
9833.999023
8953.622070
11759.139648
28137.302734
11997.219727
26407.244141
15836.206055
12931.132813
7960.240234
10350.028320
12132.185547
19618.185547
8206.162109
9682.046875
14298.347656
17166.292969
10273.087891
10061.235352
2959.342529
41519.167969
33269.132813
6678.187012
75369.414063
29472.105469
6676.096680
39385.296875
9283.265625
2130.273193
10022.252930
14779.364258
29876.291016
48282.062500
40127.136719
20799.324219
33273.113281
22855.494141
22647.105469
55221.570313
12303.253906
5673.373047
16660.998047
2313.241211
25628.042969
26006.111328
34233.160156
13042.103516
10109.167969
11196.999023
8559.172852
1174.062744
1100.385010
12204.051758
26886.296875
5715.265137
26724.283203
7359.229492
6266.172852
12424.170898
30523.183594
61771.273438
22614.199219
12088.070313
28328.072266
10522.340820
28221.072266
31496.130859
5693.508301
45010.460938
19624.330078
30065.058594
13224.102539
4580.136719
7574.104980
7267.136230
30686.279297
26952.197266
23764.316406
5890.146484
8047.491211
14357.341797
6438.235352
11890.190430
23659.134766
20420.417969
10601.092773
2371.112061
30429.144531
25748.058594
3806.110352
16560.115234
11945.332031
19871.218750
25804.173828
46643.398438
9570.238281
17355.361328
31675.337891
20359.183594
24924.166016
6663.143555
7501.136230
11361.165039
38431.406250
15016.172852
14757.327148
12664.128906
8229.215820
23835.175781
6749.239258
3226.239014
2471.281006
19321.121094
24472.294922
20646.146484
36792.410156
3696.083008
45840.269531
1945.033936
18290.062500
37133.234375
40877.402344
28685.216797
38540.136719
72159.367188
11934.146484
26353.291016
3035.129395
18563.199219
22303.171875
33406.289063
11901.122070
11477.114258
6712.262695
29977.140625
44401.339844
9483.149414
5771.143066
38337.250000
32467.234375
9355.197266
31907.181641
11030.143555
30798.408203
26614.189453
31129.642578
11071.126953
28059.277344
1508.290894
17222.175781
38354.292969
32538.234375
4837.166992
11500.149414
45966.261719
18906.183594
58824.343750
4159.130371
61800.382813
39599.218750
7702.229980
33939.156250
10165.250000
59075.324219
14618.129883
8610.139648
6398.115234
11348.331055
28684.126953
1464.107178
1077.859741
10403.045898
56554.316406
32951.042969
5230.064453
7050.102539
35558.179688
21391.214844
7434.056152
13276.161133
8729.166992
29324.332031
45002.546875
40278.210938
24405.371094
15556.113281
24956.132813
8479.010742
8260.130859
20601.365234
31402.468750
10769.124023
35317.195313
35539.238281
11871.155273
45096.261719
24510.269531
2014.517944
4529.184082
4873.175293
41473.363281
38244.339844
32562.363281
31077.296875
33573.488281
18247.132813
10394.124023
19443.082031
1235.499512
43473.269531
31181.160156
9953.057617
13021.141602
8354.233398
7728.489258
25719.146484
2661.245605
40383.453125
31965.333984
28079.119141
23912.160156
22992.066406
21931.822266
17939.152344
14459.142578
18770.255859
27343.195313
32222.376953
24540.216797
11656.225586
46527.230469
4583.061523
7403.138184
11907.234375
14688.144531
24713.150391
13788.137695
30833.185547
14480.162109
8234.232422
31210.119141
4680.295898
34284.171875
25348.152344
15520.001953
3376.183105
26906.310547
6704.144531
20968.097656
21006.179688
30708.279297
19224.425781
8184.119141
41059.343750
8461.214844
17603.259766
9022.217773
24167.201172
9722.158203
36411.070313
11032.223633
23051.248047
25970.185547
32162.222656
89514.421875
21172.107422
3506.129883
12152.218750
12249.324219
15159.088867
26927.152344
22987.410156
9682.206055
46360.144531
20290.275391
48607.152344
25225.119141
8372.240234
32119.154297
28715.166016
28145.333984
14093.166992
10189.032227
11488.208984
17062.343750
8370.999023
11862.040039
3656.139160
4002.506592
31864.089844
18368.173828
23681.085938
11053.132813
29373.041016
23467.134766
23829.207031
20960.347656
3005.126953
18801.121094
25885.289063
22630.160156
36351.003906
35623.996094
37386.027344
6526.275391
40261.273438
14057.185547
44656.230469
46181.238281
28969.345703
18843.302734
23785.154297
23311.203125
25506.207031
33220.585938
3880.354980
11662.244141
11924.234375
29652.373047
11655.540039
7649.277832
29152.076172
7971.219727
32381.226563
5386.260742
10194.141602
13382.095703
52317.175781
12941.223633
2645.394043
14878.241211
12327.274414
14413.147461
10710.176758
8271.128906
1843.128540
8326.999023
13470.999023
31015.998047
5022.039551
8688.043945
7519.110840
8912.203125
30151.201172
22320.257813
37991.132813
13066.110352
46179.187500
20349.113281
1705.358154
25103.181641
1730.131958
53006.277344
31124.318359
28063.253906
13200.293945
9896.294922
25185.175781
30931.162109
4815.123047
89450.250000
9579.209961
15738.185547
29224.371094
10380.245117
14658.390625
20478.306641
20151.158203
15978.381836
11383.184570
31591.230469
41442.218750
56927.402344
9297.559570
8288.366211
14074.125000
7167.258789
22253.296875
25915.396484
4224.237793
4068.217529
15283.192383
41046.710938
24625.250000
44395.300781
38626.250000
4743.295898
36672.332031
10050.097656
24623.267578
40660.171875
11476.307617
34168.109375
7873.290527
26986.175781
9172.254883
21451.222656
11571.103516
26461.253906
4482.176758
1433.366455
13584.172852
5342.096191
20573.089844
27285.400391
4495.144531
1331.142700
4223.234375
6941.160156
33061.144531
3908.276123
24552.111328
3335.083984
2855.147949
36687.195313
33607.273438
4284.252441
9370.077148
33033.277344
10239.222656
10664.134766
22164.099609
27353.273438
13426.196289
2914.206055
1882.160767
28257.218750
27962.257813
36474.261719
11725.163086
32037.089844
21157.394531
8651.200195
46722.417969
13195.257813
36281.187500
35754.242188
13655.367188
6830.211426
14592.245117
28370.158203
23705.253906
40626.132813
23562.289063
33775.335938
9711.125977
44000.203125
8085.213379
8908.088867
18880.041016
16924.208984
20782.214844
36450.117188
3389.148926
8004.174316
10806.268555
10285.133789
22574.066406
6109.346680
18652.216797
6532.189941
32322.460938
13087.130859
12318.183594
4310.254395
50613.101563
41387.210938
4542.781250
35240.242188
10584.131836
42366.246094
41618.085938
20863.033203
7493.060059
30333.263672
25534.160156
24568.228516
17850.072266
31057.263672
16675.322266
26673.191406
24616.126953
32752.125000
22645.410156
43845.261719
5105.083496
9066.126953
9903.053711
56255.207031
18134.335938
13047.177734
21108.240234
31902.212891
22631.222656
14334.250977
10446.055664
29394.023438
29123.058594
19854.109375
10423.278320
35102.093750
10562.309570
24225.359375
9630.190430
2894.017334
9969.243164
10524.168945
33040.222656
6545.292480
9246.244141
6375.284668
2293.463379
2283.031982
1439.221680
6700.138672
33709.253906
29217.113281
34642.339844
1203.051636
16578.175781
25336.144531
12029.398438
25927.158203
49015.281250
45598.363281
13886.118164
13569.166016
1659.390381
42332.214844
20739.279297
30517.203125
52003.398438
34188.996094
9116.147461
36137.156250
13186.147461
40756.039063
50825.355469
24889.078125
30311.085938
11107.055664
20707.191406
39980.105469
9709.311523
22516.107422
33510.234375
53936.226563
1904.369385
38899.312500
11965.403320
51688.078125
26096.998047
31938.091797
11572.045898
36915.156250
33754.101563
36837.523438
25683.191406
17625.308594
3251.190430
22615.449219
26874.154297
35003.179688
18684.136719
12922.134766
30173.314453
34629.218750
49688.136719
11900.343750
7101.263672
24282.156250
6926.330078
2961.284424
2411.195313
23046.236328
11645.438477
19532.314453
8505.401367
42354.300781
5628.182129
10141.334961
16132.292969
8187.210449
23495.191406
21273.289063
42607.410156
29773.193359
7664.166992
11442.374023
35723.425781
6256.333008
21832.269531
9800.243164
20189.257813
1857.279175
24767.195313
28602.248047
11155.054688
10534.185547
1912.211426
53018.191406
33705.996094
20882.132813
22046.121094
4680.113281
6595.541504
38160.214844
18760.156250
22557.523438
30865.357422
19575.142578
50050.195313
29009.064453
31243.251953
8840.361328
34973.113281
56218.441406
14137.108398
34912.253906
43275.171875
11483.162109
19610.160156
28398.234375
15574.166992
38666.285156
26423.466797
1738.149536
2822.336182
7527.212402
25929.113281
37746.183594
12811.476563
20267.142578
42622.164063
10276.593750
6379.204102
56235.390625
12079.190430
12385.139648
7425.177246
14079.117188
829.235352
38849.437500
29223.386719
8335.123047
33808.140625
45347.382813
18676.318359
25929.259766
1843.322021
14450.324219
26462.308594
33478.273438
26033.259766
9405.121094
28530.998047
3590.163574
3748.380859
27998.251953
5699.205566
20594.201172
1441.333740
23957.191406
2254.067627
35701.210938
38252.140625
14979.097656
7407.156738
11790.187500
10782.077148
11226.134766
29017.429688
4183.202637
12769.004883
15010.150391
5750.103516
23887.208984
4950.225098
4723.264648
17865.333984
48022.253906
8813.000977
25252.285156
22806.267578
25800.251953
34896.316406
46502.308594
21205.238281
21805.175781
13378.346680
37476.046875
14669.152344
8395.340820
34599.386719
8435.202148
7824.272461
24248.513672
8750.191406
28210.419922
21596.189453
39503.058594
11081.205078
61190.089844
16107.465820
56429.277344
4887.316895
2115.102783
1380.233398
11952.270508
19554.179688
27701.232422
27276.072266
33731.125000
11510.137695
3845.337158
19894.208984
10958.274414
5918.287598
15468.331055
10282.293945
49557.203125
10627.158203
8669.202148
25206.132813
5969.465820
7852.162598
33102.253906
27069.056641
23783.189453
45266.542969
22736.250000
37090.164063
6808.292969
8575.564453
38290.242188
26664.296875
23519.214844
9629.080078
26260.167969
44802.332031
38334.187500
23157.232422
23028.359375
21284.181641
51589.531250
9685.122070
13634.165039
39127.644531
43476.203125
35139.285156
14090.999023
11240.221680
27137.193359
24277.314453
28214.353516
14623.088867
3202.068115
45593.257813
8688.138672
8595.078125
34359.996094
6612.119629
4386.471191
60605.660156
9528.297852
20574.275391
22397.158203
26457.154297
8692.189453
3745.194336
10142.074219
38530.433594
23046.078125
23102.220703
2795.999756
24379.998047
8504.999023
13123.269531
25693.121094
28339.218750
14791.210938
34497.164063
16843.164063
4179.324707
24453.121094
15733.127930
1873.122192
24173.480469
23821.189453
2759.087158
20766.324219
39278.160156
2884.265381
21989.191406
13662.275391
40055.121094
21129.207031
8527.076172
46023.101563
5575.159668
23960.148438
25065.187500
39342.062500
17957.271484
11049.136719
36536.183594
32984.425781
29397.244141
16787.134766
27827.224609
22537.060547
21284.160156
37850.410156
21352.035156
23907.142578
14733.320313
30895.261719
23588.103516
5409.299805
1285.465942
6085.319824
10300.519531
19497.416016
20995.210938
31754.177734
4506.083984
7247.214355
36023.289063
12811.226563
11786.138672
28848.146484
13244.333008
41554.394531
9694.286133
14779.410156
37815.199219
61798.183594
3945.357422
9322.249023
22838.289063
24619.158203
12889.141602
18374.177734
31624.390625
24647.089844
44950.257813
12769.351563
9436.141602
13485.247070
33965.152344
11150.143555
29836.281250
10577.263672
35765.324219
33246.175781
17939.230469
37738.339844
42396.210938
11192.164063
19707.296875
29740.253906
20999.097656
27121.130859
6379.107422
35960.160156
26308.210938
26550.384766
33147.355469
13549.019531
19963.173828
11675.273438
34466.285156
42059.496094
18069.283203
35751.320313
15152.193359
17842.449219
23133.304688
4788.138184
6753.999512
2326.999756
8258.999023
23733.021484
36600.109375
20616.292969
12185.187500
57736.210938
44698.140625
8164.167480
14400.204102
30258.287109
25570.343750
14979.387695
26577.265625
14727.092773
32557.183594
19060.240234
42381.128906
14135.154297
27047.171875
21808.207031
41944.242188
36167.253906
27081.496094
18089.121094
8420.133789
2716.040283
28812.296875
11669.325195
24010.244141
4566.318359
17208.167969
25878.201172
18952.302734
50840.285156
20783.273438
23552.199219
10393.313477
27939.292969
37370.054688
988.076965
29856.097656
17902.230469
30827.201172
39490.300781
4698.153809
11123.125977
31976.548828
32424.214844
12181.097656
14773.192383
50573.328125
11415.075195
56351.472656
14593.113281
29484.244141
7416.291504
10936.288086
13567.139648
39254.468750
2673.315674
32287.287109
26709.279297
46026.351563
25734.136719
42831.175781
41830.347656
23565.113281
8269.186523
8027.227051
13262.141602
26315.152344
24816.195313
57469.453125
23122.007813
412.174469
14221.205078
34766.343750
8145.203613
11978.368164
17187.185547
38402.308594
9772.191406
3027.230957
10931.284180
10470.317383
58046.339844
23164.353516
22319.064453
39130.109375
5720.151855
3066.306396
22012.156250
9173.185547
11320.408203
8621.125000
5300.176270
26199.203125
18250.140625
3308.312256
32801.113281
10931.237305
11585.209961
28977.193359
13839.142578
14380.156250
10665.237305
34466.187500
8298.116211
28796.261719
4392.202148
2764.083252
26751.136719
37010.464844
11401.359375
20859.044922
1613.048584
23495.318359
28069.087891
4202.222168
48754.234375
25583.117188
9798.261719
24097.214844
8189.542969
9136.150391
44599.281250
12286.240234
24771.345703
25171.265625
26549.359375
27550.242188
10542.122070
26966.132813
33477.289063
26457.128906
25816.513672
36274.105469
24949.205078
23957.210938
37797.160156
33652.261719
23294.250000
27682.998047
16067.419922
24746.218750
39854.281250
43519.375000
31202.998047
33161.191406
56147.546875
12747.236328
23263.142578
1711.244629
8491.090820
11689.190430
39851.394531
30393.345703
23173.119141
38881.218750
26341.162109
9549.061523
11658.125000
28547.238281
30694.199219
18832.183594
23656.222656
29354.343750
27439.144531
14376.276367
34957.175781
38650.238281
43724.156250
29659.181641
22918.087891
44526.230469
23603.166016
7952.401367
36950.199219
13792.486328
33721.246094
12581.112305
956.220764
3783.068848
38301.679688
24237.386719
18220.113281
17633.042969
45807.339844
23585.175781
14364.233398
20626.117188
26825.240234
3383.342529
9835.007813
3863.179688
18788.152344
25142.292969
13359.201172
14385.186523
34666.277344
21361.216797
14598.173828
31373.271484
20164.490234
59822.222656
23286.134766
10609.170898
10163.149414
28271.150391
15423.148438
32326.330078
10581.087891
13917.336914
13332.148438
9175.175781
34772.214844
21464.113281
29300.054688
12998.197266
10899.155273
8836.318359
27525.310547
13838.249023
40876.019531
21399.101563
23063.292969
27225.125000
29742.281250
11843.134766
18653.203125
39058.308594
26099.226563
33435.140625
27020.294922
40894.226563
40449.164063
10359.084961
9688.059570
21405.304688
24013.998047
3039.376465
19423.255859
13539.197266
20093.355469
13003.403320
10913.125000
28230.291016
7804.291992
20676.095703
20329.109375
32057.185547
34635.679688
14961.204102
3120.263916
29346.365234
27255.294922
27754.380859
44593.082031
19743.087891
29708.191406
4410.143555
18442.998047
25413.277344
11715.166016
9569.505859
56252.132813
28974.265625
9284.163086
15292.007813
22834.222656
4720.285156
11132.088867
4517.231934
37828.394531
24868.316406
22890.091797
25782.277344
22471.296875
2415.447754
10147.186523
22614.212891
38123.074219
6322.277832
26947.091797
1402.179810
26040.267578
46078.332031
31714.339844
34038.394531
49062.421875
46097.339844
46621.414063
24115.185547
22022.197266
47659.226563
16917.458984
22822.085938
49572.375000
23737.175781
18479.195313
33038.105469
28482.072266
32229.134766
42387.210938
13653.309570
9798.157227
38104.085938
21086.269531
17752.259766
17436.285156
7449.276367
8956.138672
4249.169434
9472.338867
30659.373047
28193.458984
39544.101563
1009.247070
25060.394531
20069.250000
34771.597656
23463.320313
30265.400391
31075.167969
10591.135742
10180.255859
26790.441406
33912.132813
10036.289063
9418.306641
10621.234375
32782.273438
24211.324219
10069.232422
37310.050781
13465.170898
21938.052734
7660.267090
37659.234375
29528.167969
33611.011719
10924.999023
10661.181641
23464.205078
48773.257813
2361.041748
30896.345703
24026.273438
4408.265137
10102.197266
20160.263672
26099.275391
12300.181641
32539.205078
3678.365723
26849.386719
40552.234375
2089.358643
24159.199219
11354.023438
14673.278320
29728.421875
21585.175781
25057.326172
18477.167969
8230.329102
4917.354004
7703.130371
44780.152344
14009.268555
8914.118164
49052.214844
6278.157715
23070.191406
18104.343750
13712.061523
16555.087891
4267.229980
11476.002930
1218.263672
27697.228516
12219.123047
27624.091797
24733.291016
13946.071289
14411.204102
6798.090820
8255.999023
6040.422852
8577.288086
43721.460938
9451.169922
11366.109375
19582.150391
12260.193359
13050.367188
26779.621094
24570.113281
10635.222656
8233.057617
12378.287109
21532.332031
24944.998047
10194.146484
21006.292969
4761.064453
38507.234375
27865.166016
19360.175781
1601.180298
30523.220703
7281.195313
50704.304688
11341.103516
12033.250977
49696.285156
3997.270752
12681.203125
46444.132813
7652.378906
27446.175781
8981.284180
27172.136719
11573.097656
14376.134766
19974.179688
9577.064453
32569.322266
24498.998047
38189.101563
14454.428711
22466.115234
44843.082031
23360.195313
35241.074219
31246.146484
28090.169922
6863.314941
28282.347656
54090.707031
27277.226563
35783.121094
27318.203125
11247.433594
17786.119141
1796.296265
45610.089844
3302.415527
30219.144531
43129.285156
5010.092285
1613.222656
12918.999023
2705.107910
35597.234375
34400.125000
43849.253906
17153.007813
22747.210938
29140.322266
34503.101563
34374.156250
12243.096680
28197.330078
11232.195313
14014.159180
23956.326172
11577.206055
16198.237305
35500.425781
23333.513672
1894.256714
3331.401855
25084.208984
10590.165039
36005.324219
37647.191406
11496.338867
1758.340576
23767.333984
2859.241455
33669.097656
7714.440918
29958.628906
1863.191895
25031.234375
23571.265625
42758.199219
11150.230469
56516.527344
33319.261719
24382.203125
536.099915
7373.213379
64872.398438
25404.205078
16859.462891
17612.025391
2699.345459
23855.333984
19838.281250
6491.148438
62058.375000
26006.128906
5501.127441
11345.219727
19882.443359
10855.204102
38400.101563
11726.134766
31238.138672
28889.134766
14793.433594
22564.277344
21986.134766
27330.244141
589.305115
19601.144531
52752.351563
3332.187500
56947.308594
35829.078125
6563.155273
31933.332031
32562.150391
6386.112305
25323.107422
28187.617188
7760.385742
30210.175781
4520.321289
33777.898438
20203.998047
1174.356201
23751.195313
65977.375000
31529.062500
40058.011719
1851.390747
17195.441406
9452.348633
29606.412109
7104.157715
34998.093750
27749.248047
19634.103516
38110.398438
7372.291992
19278.148438
25248.210938
36337.195313
8217.171875
9587.222656
19980.298828
17681.167969
6023.124023
5532.999512
26387.091797
31720.255859
16339.174805
10510.100586
1655.170044
9995.054688
13232.237305
9833.324219
36473.296875
4855.170898
42677.179688
25907.275391
24175.169922
8348.100586
39922.218750
18249.208984
603.201294
19851.171875
43601.355469
26149.121094
22586.193359
1932.108521
35277.382813
25271.072266
21767.289063
25626.162109
13525.181641
12572.118164
1013.076965
6911.164063
28462.044922
40237.156250
22319.400391
9987.079102
34397.187500
43349.371094
34600.312500
7601.283203
30385.390625
9179.325195
35443.269531
15350.179688
59014.007813
37230.308594
3450.321533
3898.239990
29904.496094
45592.347656
21675.267578
8614.293945
12061.125000
18629.103516
28989.322266
36886.222656
41686.121094
6771.178711
8670.062500
14962.220703
41483.386719
3594.193848
8618.148438
80436.218750
8948.199219
11898.043945
9271.123047
58678.218750
1412.168579
27993.201172
18764.189453
25028.109375
15985.237305
11098.455078
11905.165039
10244.101563
22261.265625
1397.097412
42097.171875
19878.097656
22907.185547
32126.197266
7115.222656
8202.227539
12383.092773
4069.178711
19782.099609
25973.230469
7651.240234
39245.039063
1206.229492
13473.277344
2002.189941
14143.342773
1391.156372
41142.179688
6303.334961
20784.248047
10409.381836
10454.182617
4520.219727
23255.318359
29035.289063
9536.214844
17791.998047
9709.133789
24267.998047
11184.065430
36375.019531
20745.085938
21724.138672
46057.183594
20498.113281
14837.169922
10507.110352
11810.122070
12772.289063
16560.152344
28738.425781
43444.316406
26660.189453
15814.103516
1881.225586
21402.111328
32753.337891
12003.034180
12589.305664
6860.107910
40292.097656
11326.195313
40989.167969
4503.465820
3752.144531
20838.121094
22299.328125
8077.123047
24415.244141
1879.253784
7751.100586
25149.166016
18457.123047
10244.161133
4223.190430
24076.169922
15502.207031
19530.126953
9092.228516
11634.171875
26942.316406
10766.066406
48737.285156
61221.253906
28636.208984
20243.326172
53110.257813
27379.269531
26266.173828
15430.139648
44361.257813
9747.269531
23004.300781
32235.423828
16972.230469
5365.457520
22704.279297
20531.216797
1616.171997
28505.332031
33276.152344
9904.291016
20270.005859
6232.235840
10262.275391
16942.265625
46237.464844
22818.207031
18693.246094
3502.378418
9749.135742
22276.250000
7145.257324
41961.277344
66569.281250
11929.097656
9281.159180
2850.189941
23659.310547
3487.067139
12787.011719
21474.093750
39003.074219
4926.258789
15662.178711
5456.321777
29195.242188
30644.244141
22084.101563
52864.300781
5359.229004
10721.064453
9264.237305
27086.185547
11310.097656
2983.161133
27881.314453
39966.308594
10194.038086
11691.270508
4204.330078
2031.111938
35418.359375
29972.269531
63113.460938
19524.210938
11860.166992
11596.272461
22579.054688
38108.996094
7834.125977
29085.363281
18215.259766
36524.183594
22073.212891
11434.218750
4237.288574
23188.107422
19063.531250
26700.210938
27743.177734
28957.238281
5892.257813
17341.009766
6075.220215
27663.369141
17418.164063
6149.249023
46547.324219
21792.173828
15997.501953
41058.234375
11035.320313
2509.162598
21655.173828
28591.185547
23339.099609
15830.337891
30703.125000
16296.134766
10489.200195
28325.316406
47747.996094
28817.130859
8114.185547
7750.172852
8990.296875
13538.153320
8958.001953
12016.208984
9432.254883
12884.234375
38625.167969
25322.306641
55821.226563
14627.267578
35720.085938
27695.472656
5919.224609
25783.230469
13180.181641
8967.205078
46805.195313
19599.138672
8361.496094
25991.179688
14156.079102
19256.253906
2147.294678
5997.150879
21627.525391
14334.147461
2845.319580
27845.046875
22458.289063
30798.134766
65428.328125
25381.240234
22124.259766
23542.148438
12661.128906
27685.269531
31199.554688
29921.177734
25201.050781
30108.189453
29329.140625
11217.224609
36865.277344
5678.251465
34419.214844
22843.146484
9657.208008
3276.105469
30320.166016
39886.328125
8487.130859
29640.203125
39252.179688
10469.166992
43585.148438
25321.220703
27165.205078
27455.408203
27592.214844
36702.214844
18608.171875
69778.335938
932.148132
10048.295898
57370.824219
17908.185547
1178.194458
36038.281250
33482.320313
46417.398438
8938.148438
39178.257813
4029.538818
32556.451172
12195.409180
7553.267578
27222.255859
31606.998047
17308.998047
47933.289063
23127.083984
39911.148438
6123.097168
9135.082031
29602.167969
42705.570313
12614.043945
20968.158203
36045.105469
8003.226563
36342.253906
32191.261719
11220.218750
11790.185547
29019.072266
10148.073242
11261.022461
41985.273438
58526.187500
19707.417969
12973.175781
802.105713
2061.419434
33337.253906
42482.378906
30336.337891
9170.283203
54288.250000
5807.177246
32910.128906
25170.349609
7334.263672
24711.072266
24958.185547
24975.300781
23221.148438
44712.449219
34956.253906
18322.177734
5767.117676
54401.335938
26717.195313
6730.174316
40768.285156
55599.210938
35643.355469
28108.138672
6986.341797
15081.286133
30810.205078
11579.145508
21413.388672
27924.115234
26307.214844
36317.527344
20865.365234
32140.074219
33967.238281
21344.287109
9676.416016
7153.511719
16975.232422
2539.242188
27554.271484
20352.191406
28812.130859
4290.548340
23065.285156
38528.128906
13642.071289
11694.423828
26597.183594
23783.169922
8706.422852
38644.203125
11706.292969
5279.282715
10360.074219
4072.370605
48125.363281
42017.132813
1375.421509
64234.093750
3128.214844
16273.999023
29752.136719
25730.146484
29284.125000
11377.331055
35246.171875
29343.263672
12521.305664
10866.059570
30180.380859
5925.217285
2714.465820
5480.193848
35416.207031
24961.437500
3569.063721
23753.527344
12571.088867
52312.238281
4611.143066
77806.593750
2601.153809
10759.163086
19247.097656
10151.999023
10575.120117
38710.144531
42738.121094
14051.168945
749.300232
37415.265625
8674.196289
31769.048828
24074.171875
5019.382813
18024.076172
24746.208984
50297.183594
21938.220703
36149.093750
30312.240234
27931.183594
30889.085938
35627.144531
33634.246094
5904.200195
10400.100586
28592.150391
29720.136719
6809.119629
6990.250977
4350.174805
25486.525391
51511.199219
6146.348633
21799.304688
44903.375000
3854.346191
16574.314453
5758.129883
24416.421875
11523.192383
1861.115356
37307.207031
8203.207031
50686.148438
30505.169922
29296.244141
8190.295410
10509.259766
67874.375000
6638.152832
2962.377930
21822.255859
43878.105469
28870.351563
15259.431641
15233.229492
4793.197754
31189.287109
10163.250000
22844.250000
12755.174805
29259.226563
31730.050781
3678.100586
29039.039063
6166.220215
17932.150391
22130.441406
3431.107422
46294.253906
30007.205078
26016.208984
3450.440918
1399.121826
33158.320313
1376.101318
1137.273804
25873.308594
9596.146484
24214.322266
20215.171875
42077.195313
19040.376953
34837.449219
21238.333984
47998.503906
7763.086914
20378.292969
42565.136719
52323.144531
8982.125977
25316.179688
26065.148438
15231.175781
36151.332031
39038.429688
11081.209961
9479.264648
25712.138672
20456.281250
34983.183594
12260.167969
32994.449219
1886.198730
18238.396484
33094.191406
10771.232422
47987.281250
31320.197266
18696.244141
30340.330078
1833.217285
18939.312500
2825.259521
2435.510742
29415.998047
23378.126953
11792.199219
12429.072266
24966.246094
40609.457031
28245.029297
30532.296875
13778.159180
20802.357422
31552.353516
27133.289063
12749.256836
13316.324219
5930.168457
33383.093750
10227.122070
18487.085938
40565.191406
9631.146484
12018.134766
10401.362305
55470.394531
5771.145996
20607.404297
9705.488281
15467.202148
45002.121094
11405.116211
27688.224609
17574.138672
56048.300781
1192.506348
9942.093750
20661.246094
5412.425293
23172.322266
14409.239258
18470.207031
32621.189453
35451.437500
26921.125000
37904.292969
10401.246094
32995.191406
35519.218750
30878.144531
585.541016
27750.222656
10087.000000
8430.330078
15265.198242
21580.570313
32662.378906
9699.187500
9310.153320
22048.216797
3064.226074
8337.277344
2988.053955
25596.324219
13815.999023
2773.999756
29913.056641
16695.349609
21506.138672
11552.240234
3995.305420
15541.386719
12365.144531
9856.155273
45704.378906
44136.218750
8538.153320
18059.240234
37278.296875
36324.156250
12429.142578
11518.299805
41156.335938
10490.999023
23312.013672
18121.998047
5944.275391
24128.138672
14445.300781
9423.089844
13419.179688
815.239746
20532.271484
12864.144531
68516.242188
22651.115234
27197.275391
25953.179688
20566.316406
15912.137695
15342.118164
6790.101563
10954.280273
2211.287842
7387.150391
18995.201172
15240.195313
10319.111328
12806.109375
5998.122559
29011.210938
17903.210938
2953.379395
10713.049805
2727.002686
11205.224609
45871.429688
24874.255859
9822.255859
30796.117188
10716.083008
20001.126953
12388.340820
11630.287109
25330.337891
10425.218750
11885.095703
9481.236328
11712.036133
13039.007813
22976.312500
34695.167969
60040.429688
21187.185547
66772.359375
21654.220703
26810.214844
6801.241211
19758.396484
38780.164063
10918.180664
46287.308594
36612.308594
30999.388672
10929.134766
23785.212891
17388.224609
28223.197266
10284.435547
28488.226563
30677.216797
41188.382813
6265.207031
21925.171875
27149.130859
28364.056641
9051.168945
13137.148438
7861.136230
34142.261719
7977.302246
47100.160156
8916.294922
10982.276367
18892.167969
17550.251953
17658.316406
48496.273438
27377.238281
8701.401367
17411.294922
22092.332031
22310.341797
13485.239258
34965.242188
18295.212891
38586.175781
24525.207031
17944.080078
56757.281250
22425.222656
40753.207031
32630.216797
11818.201172
5981.181641
9607.403320
6840.205078
2035.255737
17121.160156
12277.395508
34804.054688
965.291931
1500.174438
16868.195313
11252.137695
24273.064453
26223.226563
13621.310547
19544.187500
9813.247070
19656.291016
46264.128906
8644.195313
11772.240234
27741.207031
11200.149414
34175.214844
44934.449219
14770.235352
75186.203125
6847.018555
28843.246094
42484.300781
36582.414063
10418.420898
32948.246094
10097.091797
18311.146484
30590.181641
67799.164063
962.395264
10027.407227
7183.397949
25711.244141
14862.033203
23848.066406
68792.320313
44948.257813
11620.130859
22509.496094
33566.468750
60521.269531
11373.213867
7177.179199
23154.152344
18592.292969
13235.216797
31086.177734
28125.140625
11091.475586
36977.230469
9924.291016
23140.357422
22477.078125
19810.363281
23780.105469
35278.320313
13081.391602
3315.554443
22477.343750
37131.289063
42189.281250
37366.183594
4609.150391
24131.175781
23271.105469
25758.998047
36601.292969
22510.126953
41382.132813
10247.050781
6437.312988
30440.271484
57723.132813
33647.296875
13690.999023
9394.455078
6344.111816
19626.359375
13159.183594
31731.328125
22330.265625
26691.126953
40546.140625
14686.142578
1936.326416
10159.217773
9642.364258
23525.343750
33149.121094
11526.044922
25064.281250
20561.199219
4668.103027
9608.224609
6987.229980
4764.340332
7536.141602
5788.351563
17375.367188
16569.220703
2870.362549
17697.121094
17863.259766
38523.238281
34018.078125
20003.203125
16287.452148
17104.142578
39567.292969
50682.281250
29014.048828
22405.089844
40411.402344
29064.181641
41118.441406
35257.125000
447.027252
28851.021484
4035.000732
20771.083984
33922.390625
2217.099365
4224.188477
26337.310547
11733.084961
8981.033203
1297.233398
9463.999023
26710.052734
21109.275391
41547.179688
11400.172852
18970.109375
21410.128906
54539.996094
10682.000977
7895.258301
21992.263672
14637.279297
19797.220703
8702.504883
18929.224609
6572.250000
29736.324219
6177.040527
23752.232422
40373.277344
29885.205078
28819.132813
27979.460938
17208.279297
53126.195313
26866.208984
14770.069336
21638.314453
11441.242188
3266.251709
36411.265625
30397.160156
3174.568115
13323.478516
16275.163086
8111.276855
47520.187500
10679.006836
22042.414063
14099.070313
735.211487
72268.328125
33064.332031
34335.265625
22499.230469
23806.085938
24908.126953
1328.101318
24436.349609
26478.138672
6983.166504
12092.257813
4757.436035
23968.255859
30493.386719
22613.115234
37321.480469
3590.188477
15473.207031
32313.226563
9215.176758
26785.099609
3025.177734
53874.125000
18294.361328
40961.210938
33215.171875
28925.160156
37689.281250
24178.193359
20753.208984
8821.214844
19435.136719
27923.199219
30739.101563
26180.367188
12718.105469
13102.261719
30861.554688
30775.074219
28607.185547
49710.398438
32401.242188
7341.155762
8860.144531
52015.507813
21536.261719
17530.306641
5301.271973
10055.296875
20705.097656
42875.234375
6197.191406
36075.226563
11829.140625
56518.410156
34132.300781
14603.237305
24541.138672
47413.246094
19019.169922
23668.337891
12176.180664
26460.330078
44203.132813
8693.291992
25877.222656
11977.140625
13388.293945
9498.130859
60556.429688
23714.115234
16671.207031
11531.199219
6956.141113
28333.244141
13909.241211
29748.183594
36401.328125
39872.113281
11435.150391
9041.181641
24268.335938
17225.257813
21043.460938
10121.074219
9700.081055
29085.232422
9227.098633
25106.154297
20217.117188
777.999939
27444.367188
21675.369141
14954.394531
22939.083984
3433.160645
8337.231445
1165.082275
7899.365723
13364.144531
1221.089111
3496.168945
57167.355469
23215.269531
26705.308594
4535.243652
24355.236328
11938.200195
3671.221924
31619.224609
23145.423828
19850.144531
22236.146484
21599.271484
27991.025391
2696.618408
12005.214844
27405.355469
8933.103516
26268.685547
32810.187500
7386.201172
13081.311523
28860.140625
7602.174316
41814.195313
30329.345703
15973.201172
32506.396484
24189.250000
19714.185547
7811.178223
3342.331299
3769.147461
25383.316406
56939.167969
7131.131348
12395.246094
2457.377686
12458.126953
3675.377930
20676.228516
10509.058594
3911.202881
27724.341797
5361.372070
22884.128906
3572.195801
1632.192871
29430.410156
15233.289063
25682.216797
24268.210938
3507.194824
33694.308594
41275.242188
2846.261963
9421.288086
6168.345703
56444.468750
13866.339844
39722.164063
9394.069336
7154.634766
13831.184570
10837.259766
11913.179688
23641.310547
24201.222656
20885.220703
56466.343750
33494.125000
29278.095703
10204.154297
9037.207031
20719.191406
37468.308594
2957.048096
28377.335938
13421.185547
25838.064453
2868.218750
26219.130859
16658.156250
15295.107422
87036.304688
1470.313354
9896.122070
28084.287109
784.379639
21878.226563
37111.136719
31069.244141
11400.085938
13952.168945
14498.162109
6423.336426
11311.287109
44716.460938
27981.496094
5003.155273
37207.078125
42587.070313
36482.320313
25585.166016
10806.179688
9381.229492
8720.281250
10572.235352
45128.433594
25524.218750
32661.210938
8697.256836
6936.288574
22595.134766
8881.212891
23288.283203
12751.171875
14525.005859
14887.999023
13020.999023
25227.998047
8707.175781
11292.094727
21840.140625
45380.164063
30061.291016
25899.228516
26442.119141
36491.343750
20478.998047
3502.388672
23780.216797
2663.135254
17416.210938
18599.548828
50241.101563
14589.146484
22841.271484
2645.157227
45588.218750
5949.185059
22444.316406
31336.210938
23123.166016
24711.263672
5978.232422
62506.261719
23942.240234
9548.154297
35943.226563
12375.301758
15947.244141
2252.506836
33055.406250
27531.302734
14333.060547
23375.128906
10444.227539
864.180786
19406.167969
27530.304688
19816.072266
24568.281250
10306.269531
25891.269531
15907.186523
25159.128906
15532.382813
12460.340820
5445.393555
12463.206055
61557.183594
17898.292969
28621.261719
27064.376953
7610.022949
10791.085938
25514.132813
37556.097656
26984.326172
20370.498047
11655.597656
4280.130859
3075.103027
6953.131836
2104.343506
32817.156250
39249.402344
14812.284180
9941.314453
13673.343750
23413.162109
25035.394531
1795.466309
11248.241211
2877.314209
20862.363281
15737.191406
16033.163086
16053.153320
39584.250000
36577.164063
32953.121094
34990.121094
15537.293945
29357.259766
7443.060059
13097.360352
10174.999023
10724.999023
13981.034180
24935.386719
42012.226563
57223.292969
15856.455078
9086.145508
24548.201172
1821.999878
3334.349854
14225.459961
26962.220703
38067.394531
5485.135254
18682.162109
52177.316406
13340.258789
11014.103516
2846.275146
1282.312378
3237.106445
8813.999023
9392.055664
13359.999023
29054.003906
13529.033203
13044.298828
10545.274414
27935.371094
5000.165527
13910.364258
11923.134766
7794.273438
8798.129883
22640.078125
53163.738281
33387.265625
46364.246094
11311.205078
25727.142578
4702.310547
10903.158203
43236.265625
2521.072998
1879.207031
20354.326172
12092.301758
28276.105469
22713.148438
42593.468750
10548.161133
28003.335938
30732.314453
9263.063477
22212.382813
29431.361328
34213.199219
2167.151367
7371.203613
21797.158203
12551.999023
31598.998047
19340.998047
18759.212891
17681.203125
1633.478027
45445.335938
10399.211914
24490.332031
8240.326172
36693.117188
11930.123047
9461.248047
38648.273438
46105.257813
2980.219238
20105.351563
6668.265137
6912.118652
14939.258789
32821.210938
4545.135254
42200.195313
7450.256836
36900.207031
19992.095703
23852.089844
21895.253906
42616.273438
49584.449219
27745.177734
9413.260742
9819.133789
39709.320313
23865.998047
14068.216797
4716.121094
48656.093750
21354.267578
27517.082031
37739.230469
31619.294922
32234.224609
3189.190430
19030.537109
48361.132813
28577.195313
28532.173828
14661.304688
20683.142578
31170.283203
12491.168945
15807.074219
33297.335938
6676.165039
10161.114258
32061.496094
12064.340820
24447.207031
9942.406250
13733.244141
19158.216797
4809.146973
36493.222656
7975.219238
29046.167969
13941.159180
29470.339844
44754.195313
28412.507813
8181.065430
14679.107422
63624.257813
35536.152344
26582.189453
13549.283203
9654.082031
27252.234375
43965.550781
32290.275391
9024.334961
2676.193848
24915.054688
27222.181641
36241.039063
28791.330078
4650.196777
10873.239258
33416.253906
12346.366211
29918.347656
21058.148438
11710.047852
27448.126953
62712.277344
34188.238281
14932.151367
2512.484375
30948.339844
17364.150391
36142.160156
6458.121094
24536.148438
29742.333984
27591.199219
38150.335938
27109.177734
13609.187500
17380.281250
7308.056641
22180.095703
6601.226074
12788.171875
25917.337891
17152.361328
5635.190430
31818.175781
32374.138672
10717.288086
4993.121094
17684.130859
11348.182617
11360.499023
47529.386719
4748.400879
33146.183594
22338.093750
7933.209961
6669.283691
36554.148438
58723.437500
25578.296875
21484.162109
16861.226563
9345.257813
9850.242188
29667.109375
3677.104492
34910.277344
20619.240234
28195.113281
67717.281250
31361.185547
33717.074219
973.279236
27365.193359
27341.107422
23210.228516
16414.228516
39332.250000
18002.458984
8156.227539
29327.275391
21706.294922
48264.218750
39595.199219
4087.202393
12832.109375
40128.238281
33266.210938
20499.222656
24055.126953
22630.298828
37996.359375
10863.163086
24966.283203
34604.250000
6492.291992
31040.394531
48409.222656
7703.270020
24204.492188
20608.554688
92159.218750
11737.213867
5221.154785
35869.546875
8997.241211
65966.117188
25439.093750
27094.156250
34474.441406
26504.332031
39065.062500
1212.999878
34611.996094
9794.999023
26238.080078
20130.416016
3045.113281
22327.324219
5851.132324
20095.259766
37542.312500
14359.145508
21228.236328
23315.201172
31235.150391
48022.152344
33653.250000
12746.175781
13539.088867
26906.166016
24172.236328
13991.070313
23508.142578
9270.153320
1396.171021
18683.054688
718.183228
2632.143555
37382.230469
26399.261719
22013.101563
2497.129395
7949.294434
10100.354492
5629.124023
15033.104492
36024.160156
22109.394531
17745.062500
26714.466797
1772.196289
45279.378906
30031.140625
49173.578125
43346.226563
12929.068359
57051.218750
43139.386719
1323.198242
33124.339844
17852.345703
26278.421875
13497.436523
7290.401855
30213.296875
27536.089844
36997.207031
2381.242676
13658.492188
15946.367188
29149.234375
10279.125000
31821.238281
10254.175781
25212.240234
40230.230469
19671.349609
49051.089844
26027.240234
37555.257813
25856.292969
29457.312500
8614.237305
19231.191406
7624.051270
17082.148438
42991.332031
31306.224609
22489.550781
8628.364258
9857.240234
10155.205078
12386.132813
6289.217285
25467.203125
20992.251953
45913.347656
22993.101563
41671.421875
28865.314453
38618.328125
36262.121094
23188.173828
9879.192383
24904.261719
38999.285156
3293.034912
25200.210938
30858.171875
29794.273438
30199.283203
23162.083984
14299.426758
29961.201172
11736.373047
51702.277344
32424.345703
28781.148438
13273.220703
9371.452148
26619.191406
14826.132813
26510.220703
9552.146484
27712.148438
12565.083984
26049.234375
14290.285156
22806.126953
19718.255859
18544.138672
27352.175781
8309.196289
29899.138672
26053.273438
5996.223145
25134.080078
18468.402344
5515.533203
6154.133301
10061.213867
11309.128906
21264.289063
29517.046875
6727.174805
33728.152344
17188.224609
39385.265625
4926.105957
15875.121094
44952.257813
50339.234375
1530.443481
21793.125000
24874.150391
32916.085938
13162.036133
42563.996094
26885.089844
11580.279297
21762.296875
15338.164063
23540.037109
42433.273438
8373.104492
12353.256836
16309.224609
8002.178223
3932.304932
11566.302734
19928.265625
40046.148438
18382.318359
34712.203125
11101.239258
20714.123047
2322.471191
10813.181641
11339.213867
31872.101563
24210.322266
29092.261719
35065.199219
24359.318359
18827.216797
4939.152344
53312.273438
23095.291016
1907.083740
30224.201172
31713.222656
18499.230469
1183.179810
23891.123047
11497.284180
24213.222656
22942.261719
28091.117188
41252.250000
11717.135742
35351.179688
11676.117188
27159.398438
8645.151367
27987.177734
33139.144531
19438.187500
12213.198242
21820.158203
14079.161133
23509.126953
1551.384521
21936.279297
45406.246094
25888.332031
34221.226563
10151.259766
10446.208984
10205.203125
35687.195313
33550.125000
6490.286621
42655.316406
68043.195313
40025.296875
63936.410156
19682.234375
42548.109375
9879.157227
1439.101318
41330.460938
29206.298828
28178.193359
26038.353516
42328.109375
7582.140137
32709.480469
25870.419922
24421.195313
8631.186523
13407.465820
9421.004883
22648.224609
3484.177246
23618.253906
33667.457031
28021.320313
45249.183594
22174.203125
5945.201172
26340.261719
10064.110352
7301.234863
6882.145996
23030.130859
4422.132324
27087.130859
27203.246094
44817.421875
1995.206055
37549.003906
22591.791016
41089.164063
18783.167969
21478.091797
6980.717285
39998.394531
5386.197266
26878.390625
37447.210938
15603.142578
40738.125000
1803.304077
22837.251953
19575.271484
12609.360352
12855.394531
32439.261719
31307.082031
26543.105469
42479.144531
31081.318359
6929.665039
11228.356445
6969.416504
29037.142578
22216.265625
16799.330078
23218.109375
23401.246094
20672.228516
30423.103516
12439.179688
5981.160156
48327.179688
33255.199219
2774.101807
22769.193359
34900.328125
18604.177734
24912.158203
23954.306641
6211.166016
38734.265625
9401.145508
52616.429688
13996.265625
28527.199219
37011.195313
22588.248047
8107.280762
34184.187500
15161.211914
24194.140625
3344.127930
39727.003906
14438.999023
2705.047119
36409.132813
19992.160156
29086.046875
46416.156250
2955.364502
8069.215332
13999.191406
42118.175781
1987.059814
21227.359375
56716.218750
6128.262207
62545.273438
24806.230469
22501.166016
27221.167969
26662.162109
24282.316406
44654.230469
21473.230469
11299.181641
15823.476563
19992.250000
23029.279297
23866.171875
3579.257080
13876.350586
28360.248047
5264.129883
25445.167969
18391.230469
7295.098145
10761.213867
34249.304688
9148.208984
24503.123047
29160.111328
40790.210938
57082.164063
16182.305664
33008.222656
86795.578125
2659.218262
47213.214844
10870.220703
28944.099609
17272.285156
23423.304688
18993.236328
7360.260254
34345.089844
4116.368652
37514.343750
31781.203125
21189.162109
13724.132813
25608.111328
15182.241211
35970.375000
33493.199219
26122.310547
24029.408203
3140.383789
24779.154297
37199.406250
19107.291016
35675.343750
3274.356201
18546.173828
44430.421875
7505.337402
52566.347656
12215.255859
25949.302734
11897.199219
20477.287109
29336.117188
3612.148438
21129.261719
5448.168457
27940.294922
21089.134766
11211.171875
21715.234375
10048.327148
14291.191406
7907.237305
44537.011719
27910.208984
19320.267578
39707.230469
24209.335938
61378.687500
21587.111328
25755.251953
14111.170898
15919.108398
11688.183594
10615.183594
1683.213379
31407.285156
26312.083984
40419.300781
27972.408203
13870.143555
19834.285156
11050.123047
28739.998047
598.066711
39187.101563
11067.264648
29006.080078
48219.210938
7780.462402
5509.172363
27940.232422
5396.130859
42645.113281
15472.312500
10219.166992
16347.208008
59001.511719
27576.121094
8001.249023
35295.234375
26211.095703
3766.196777
57534.390625
30811.230469
5351.266602
1959.021851
42901.312500
27312.484375
3418.750977
55002.476563
57226.164063
10762.227539
38870.234375
28331.230469
25663.185547
12096.189453
16749.248047
26632.144531
10667.149414
23261.199219
35161.304688
26255.251953
8315.176758
1348.360596
23452.294922
38046.410156
4929.175781
39433.234375
10221.448242
27080.212891
24417.126953
32983.085938
35256.199219
25138.175781
6832.045898
19822.333984
21626.144531
35687.285156
12581.479492
14275.222656
25868.585938
18236.427734
25636.183594
38410.148438
10746.045898
62319.152344
18250.261719
10821.087891
52029.269531
34649.246094
1829.369385
18518.292969
25656.181641
21291.345703
28442.228516
39245.179688
20497.187500
15628.432617
34959.304688
27604.212891
36181.359375
46303.289063
23033.123047
25629.152344
43772.164063
15215.149414
47442.195313
18379.318359
26535.125000
25260.033203
35974.144531
27220.226563
2653.374268
12146.128906
30115.378906
24089.160156
34372.121094
22041.220703
4497.584961
4647.363281
11128.206055
6867.272949
8994.048828
33718.246094
12972.210938
18751.197266
12896.182617
28626.154297
35067.230469
24530.207031
44269.273438
23918.291016
31243.248047
2716.212402
12877.241211
5038.466797
23881.173828
43799.187500
16407.210938
991.570251
2364.107178
2758.309326
20579.220703
17241.263672
23663.277344
29635.279297
22439.128906
23795.427734
22300.089844
1080.210449
25059.261719
12211.372070
28363.205078
1242.107178
20395.142578
19361.998047
5537.167480
32760.115234
31198.132813
18754.255859
13550.069336
33845.160156
14537.041016
26563.207031
26392.039063
24387.320313
26120.128906
31965.093750
13728.164063
7952.999512
2691.084229
10100.011719
34205.035156
27658.177734
33622.042969
20064.083984
3802.378906
10551.315430
15948.146484
19577.183594
45757.414063
26412.220703
20780.291016
21315.177734
17353.167969
21839.126953
9552.166992
24736.117188
44558.371094
51695.421875
30710.160156
28682.187500
11945.149414
33558.281250
24717.201172
9906.081055
10825.160156
9774.150391
20002.275391
18221.175781
4054.150879
6786.999512
30738.394531
30963.441406
7498.015137
29221.324219
10482.294922
15769.213867
9613.183594
15569.259766
25747.998047
21328.000000
21032.226563
14534.291992
12629.207031
28973.113281
23339.384766
39435.234375
37828.253906
11942.146484
15842.192383
23814.117188
27438.187500
1896.197754
24581.300781
4750.347168
28227.175781
47594.203125
10398.292969
7465.335938
17237.332031
30140.136719
15357.280273
2170.207031
22179.146484
22274.224609
24376.242188
9353.391602
32862.300781
49539.375000
10817.116211
14594.094727
3294.363037
36323.179688
45350.296875
24089.105469
55052.343750
30037.125000
37547.324219
4865.108887
30140.048828
3360.460938
17585.228516
9691.048828
13908.255859
42537.316406
37433.175781
25913.224609
27727.138672
8899.205078
46462.234375
22669.421875
54313.410156
27976.433594
18517.230469
18465.130859
29725.259766
22108.287109
40342.050781
13560.274414
40526.324219
3734.420898
12116.212891
31156.287109
9732.314453
8579.244141
8811.222656
10072.267578
33214.316406
4815.227539
28972.406250
21066.046875
14606.204102
5787.349121
39466.339844
21327.230469
26779.248047
10158.169922
33039.292969
11622.179688
3012.375244
10027.109375
33436.484375
32572.113281
62041.335938
20841.251953
32220.158203
13145.200195
28015.544922
23939.162109
43791.320313
43801.304688
41288.359375
27554.158203
11211.247070
53945.105469
5476.224609
14008.239258
15243.281250
9903.342773
19825.257813
43105.269531
25137.271484
26537.298828
8293.447266
8317.083984
29663.164063
34574.136719
25849.255859
35536.347656
40226.289063
5097.207520
31851.451172
21150.095703
62255.316406
12410.413086
26753.216797
25136.271484
10861.206055
6963.103027
35554.335938
29475.607422
49557.300781
5021.161133
16383.210938
10158.177734
39430.312500
8123.027344
22553.365234
30186.144531
17562.226563
39888.300781
27068.576172
42866.128906
2231.510254
11626.375000
39714.269531
82037.382813
32572.390625
35111.234375
56791.363281
12379.165039
37877.136719
48004.226563
20546.279297
5416.351074
31549.335938
7707.055176
14369.215820
20451.269531
45947.179688
9573.276367
19068.224609
46664.167969
11433.222656
28297.144531
30966.126953
15707.083984
3845.216553
58095.121094
16729.191406
22999.111328
16593.287109
1840.114868
22979.324219
33832.371094
998.185669
12142.253906
27075.326172
3044.215820
26302.214844
44530.250000
5758.282227
4070.142578
10848.240234
26779.382813
5404.187012
10654.251953
3432.241455
28678.289063
64871.328125
38176.207031
47359.207031
2891.045166
11157.061523
16616.335938
23934.394531
39143.042969
10565.999023
31118.283203
23676.189453
15025.114258
24656.072266
3394.288330
43423.269531
15889.246094
8103.156738
22916.218750
10430.303711
19416.275391
22707.134766
25113.173828
14147.182617
11578.386719
11302.230469
22437.156250
31020.130859
23601.214844
23284.066406
12603.281250
24864.253906
22794.285156
36674.265625
35944.148438
1961.395630
21442.296875
9087.096680
24871.148438
17181.433594
9438.210938
19514.250000
13479.022461
19543.347656
26536.236328
10609.129883
11618.272461
20250.123047
14807.999023
36917.210938
14746.205078
25635.251953
24446.173828
52950.277344
2539.215820
32747.210938
56874.230469
29650.166016
30579.292969
32937.238281
31400.263672
24518.058594
7621.434570
13045.143555
46298.355469
12844.151367
9683.136719
9565.195313
21645.156250
22954.228516
7593.242188
28895.052734
2608.243652
11172.151367
16615.371094
22963.197266
9460.115234
9295.227539
3319.458008
32393.166016
20764.224609
5799.287598
22995.119141
11555.069336
1166.373779
35282.296875
26564.226563
6730.275391
32797.269531
13169.203125
21680.410156
7856.072754
33930.171875
59608.277344
36687.148438
11950.126953
3367.171875
31123.998047
4456.999512
1829.458496
5613.999512
58284.304688
17158.408203
34472.335938
8823.049805
45510.191406
24975.164063
22947.164063
21793.248047
45719.175781
21566.212891
10615.422852
27703.214844
13496.166992
4505.190918
12369.128906
3935.062012
53357.085938
3846.158691
37491.996094
12908.031250
8975.999023
39095.996094
24610.511719
18439.130859
37933.250000
41274.167969
20888.222656
27797.285156
23415.164063
7935.289063
3361.247314
30634.201172
11640.325195
32656.205078
39217.265625
37027.207031
4780.177246
28756.388672
12262.413086
9662.366211
12106.236328
49291.277344
24336.232422
14315.135742
29112.095703
11128.196289
25304.179688
21139.068359
3785.066650
49393.460938
10619.248047
49874.347656
29596.091797
42557.140625
23486.263672
63221.152344
43080.292969
8751.216797
21911.316406
17374.214844
7260.168945
11781.108398
23154.378906
24128.287109
31991.230469
4401.317871
31294.205078
22900.433594
38003.164063
28074.300781
14630.369141
23510.193359
11839.409180
5819.248535
26077.107422
20574.310547
27111.238281
924.221252
27825.240234
8087.238281
56852.234375
27686.205078
36548.335938
18048.175781
24366.250000
8717.125977
4365.184082
16481.369141
9996.045898
28599.103516
20598.105469
21804.207031
15244.171875
34004.226563
32738.267578
18251.080078
27889.183594
5986.272461
39609.226563
36986.656250
10354.103516
8622.273438
24849.220703
24892.998047
7216.999512
23689.111328
6418.126465
12618.260742
55868.203125
9884.197266
7251.689453
44047.265625
22264.195313
28509.253906
50248.183594
19696.177734
24589.107422
9299.269531
1508.210449
3195.718750
29501.306641
11098.381836
23569.308594
11105.484375
9644.145508
7190.147949
15223.279297
24754.380859
16749.050781
8350.275391
33886.234375
36585.113281
7289.171387
27527.121094
15386.171875
43690.085938
36966.226563
9664.224609
32907.140625
14266.177734
25162.253906
10004.179688
26155.511719
10148.240234
3503.245361
26786.248047
12114.200195
1670.127563
30356.365234
25736.615234
5884.352051
22572.330078
27690.240234
18675.115234
23677.074219
20052.164063
15131.163086
12805.243164
4484.372070
6199.164063
8553.338867
26646.105469
32394.173828
31396.296875
8899.409180
13600.105469
21018.281250
29327.396484
36959.234375
17395.394531
9587.221680
37307.226563
12084.063477
9536.343750
18043.292969
21049.076172
18816.318359
3961.375000
5323.243652
7027.251953
25194.179688
19749.998047
11630.999023
16011.140625
53627.210938
13347.329102
32223.179688
1322.345947
12425.279297
21437.126953
19630.111328
41770.195313
32408.300781
3436.131836
12516.291016
6156.205078
28935.111328
34718.238281
5671.327148
11291.072266
37495.183594
30146.173828
10344.246094
10215.222656
12423.204102
8702.190430
1474.396729
12176.248047
8726.247070
11078.132813
30182.214844
8831.253906
22394.171875
19678.226563
1539.365479
6213.196777
20869.251953
1272.283081
12384.515625
23722.201172
18691.033203
3321.334229
34855.121094
24235.164063
25387.199219
8440.247070
21088.234375
22463.193359
6300.214844
37931.140625
24569.097656
16616.080078
31575.152344
29289.236328
9356.378906
33236.566406
23434.058594
8406.129883
27829.431641
1323.230469
11859.101563
8901.171875
31445.191406
41110.160156
11659.192383
15232.213867
7336.240234
29530.138672
9386.257813
5584.266113
13329.372070
16408.250000
34516.179688
3605.234131
22518.417969
6105.390625
9323.311523
34267.445313
20602.302734
12139.212891
20761.035156
12216.099609
31644.138672
24176.279297
33618.105469
22136.027344
3468.124512
27091.218750
8566.253906
17183.199219
18105.998047
29526.998047
20569.029297
24121.072266
24802.390625
16649.310547
32577.232422
31763.171875
29129.351563
41464.234375
38340.089844
18230.400391
23196.300781
5267.038086
17577.166016
33118.148438
22129.154297
13640.234375
23668.222656
11685.515625
22151.291016
10436.198242
5151.150391
34950.375000
4332.331055
32485.025391
8159.191895
34732.167969
24533.281250
25338.074219
12528.116211
6463.267090
1859.296753
5765.281738
13727.465820
48818.277344
8557.280273
9951.097656
4923.168945
38821.156250
13703.739258
37991.140625
23053.031250
33389.339844
27118.144531
28939.130859
11840.085938
8746.333984
44294.144531
45962.207031
8583.165039
31915.156250
23057.128906
1252.110107
25747.298828
10388.233398
33740.164063
9474.088867
37632.316406
15096.146484
18323.140625
26134.117188
31407.578125
35146.226563
5782.281738
11331.192383
21363.205078
40807.382813
38081.046875
36997.179688
37046.191406
15972.230469
23011.185547
2023.138306
12393.114258
3791.457031
22665.318359
29341.320313
15470.284180
28678.216797
7340.185059
47983.238281
7011.269043
24331.470703
2031.273804
12695.182617
25140.248047
25617.216797
12735.171875
23647.105469
31427.339844
28810.310547
9625.203125
11694.185547
55466.375000
9957.376953
13827.268555
13138.113281
23979.355469
33488.218750
12903.254883
14489.153320
7860.287598
9424.306641
41391.156250
21845.101563
23155.998047
3038.206055
18312.197266
17117.148438
13060.000977
57931.433594
33194.996094
34512.101563
33485.230469
10433.120117
31177.191406
11616.333008
5035.076660
37734.117188
16073.126953
46550.089844
8551.386719
33134.351563
63738.488281
3057.402832
20822.185547
15662.241211
35896.109375
9350.431641
2642.345459
10354.261719
68307.632813
38666.199219
12979.281250
37483.121094
70657.171875
16243.190430
45230.402344
25046.220703
20123.234375
10789.251953
24746.263672
11533.231445
12360.250977
29030.347656
42001.214844
18306.273438
19213.363281
8993.233398
9802.149414
25712.316406
12160.125000
41992.160156
3774.182617
24763.271484
22289.205078
8177.018555
17946.138672
23729.156250
9425.169922
65712.226563
50023.343750
11313.221680
24539.236328
10371.271484
26692.150391
49926.332031
32763.138672
36420.066406
26642.087891
29027.216797
9961.114258
8543.230469
1637.198242
7766.099121
12322.197266
10981.166016
29335.320313
53762.269531
23643.449219
4395.275879
45322.203125
44153.261719
37182.203125
23384.478516
10918.168945
37104.265625
13603.243164
22627.183594
8899.395508
40093.304688
29316.330078
30538.304688
37226.503906
21138.205078
7883.150391
1982.149536
35694.238281
14330.239258
27987.195313
10043.145508
10488.295898
7991.262207
22788.164063
35020.171875
18525.382813
6903.208496
22078.998047
35913.281250
30934.468750
12651.176758
21240.246094
28562.226563
8791.090820
14183.229492
8752.372070
4988.700195
15789.045898
25232.224609
11625.370117
17556.228516
39051.281250
26108.306641
11931.169922
14178.104492
10169.247070
15037.197266
26516.234375
62439.343750
91226.187500
1350.325562
25008.142578
7991.118164
19651.361328
47199.382813
46219.214844
30369.269531
37559.339844
32380.201172
9495.163086
26223.113281
22666.152344
10445.271484
38193.257813
9916.195313
11801.181641
27299.126953
17020.095703
2939.133301
35413.542969
39800.449219
23858.320313
8505.209961
17604.113281
30273.466797
32187.216797
3210.269287
51415.277344
3397.170410
7393.263672
10586.236328
3577.224365
9585.538086
50144.316406
7981.201172
34412.226563
16260.189453
7594.230957
16555.132813
49517.183594
14866.065430
28350.400391
15915.285156
5700.123047
35358.171875
27271.328125
9777.120117
50115.144531
7042.283203
44908.257813
9882.245117
19736.302734
11287.273438
39050.312500
1846.056885
13513.056641
6905.209473
2240.117920
3266.091309
29437.246094
41681.261719
31161.226563
18854.998047
10916.131836
23905.205078
16533.132813
15214.232422
26719.041016
1333.142700
14403.280273
28227.396484
45774.320313
23294.140625
14966.143555
12307.198242
24840.126953
1289.274780
7226.054199
23387.103516
3850.260498
24829.429688
24651.308594
27089.175781
6392.239746
25299.277344
45724.281250
10850.189453
5080.201172
37840.285156
6551.142578
22396.226563
15605.175781
64363.265625
45520.355469
9376.165039
45962.398438
22517.191406
6824.106934
7330.310547
11948.384766
14739.143555
26922.029297
24646.289063
15585.314453
9337.252930
41667.312500
22782.255859
13541.154297
54229.144531
27722.492188
13761.171875
25213.351563
48214.183594
12796.147461
8082.204102
5933.201172
48978.273438
11094.244141
46819.128906
22095.074219
3236.165039
29563.144531
34991.246094
23629.275391
43639.300781
40028.144531
10245.182617
29594.154297
31505.136719
32952.097656
14541.120117
12440.120117
20076.390625
28937.236328
26448.244141
43740.238281
11034.207031
27111.314453
23371.171875
11772.184570
41853.281250
20613.359375
7467.275879
5481.376953
26077.289063
26892.425781
13854.123047
23992.255859
29060.212891
16415.160156
25893.191406
10299.134766
11897.110352
3727.307861
27525.193359
4384.307617
16716.177734
34647.242188
14001.240234
37200.257813
41312.363281
19692.343750
3170.215820
13991.264648
25971.156250
10558.115234
3314.531006
26553.318359
29573.171875
33997.140625
8206.327148
26063.582031
75312.320313
4306.287598
3632.234619
3069.398438
9429.352539
5536.075684
1828.263550
5869.205566
27851.058594
11338.190430
9170.287109
26460.414063
38479.039063
25930.253906
23565.601563
1824.155396
12347.177734
31857.267578
21852.406250
11884.139648
26496.208984
2700.183105
39943.183594
2129.330811
29668.228516
4792.145996
2192.115967
26296.181641
2379.699219
25203.253906
7935.289551
6797.297363
1419.148071
28978.156250
30619.451172
8608.079102
21404.384766
34713.359375
36379.449219
25373.177734
16715.183594
23478.095703
14889.262695
17308.287109
3188.184570
8480.189453
23391.355469
20244.152344
39404.351563
24576.314453
11452.100586
9339.339844
43024.382813
33105.320313
9137.338867
5015.232422
42425.164063
11916.133789
2226.166992
11399.218750
10394.083984
23488.097656
28676.115234
20106.107422
33491.429688
31966.378906
47005.601563
3210.225098
10717.119141
10473.188477
35463.164063
21463.046875
11470.229492
25243.263672
10862.167969
1348.328979
25593.296875
24128.166016
24080.207031
9336.156250
22399.033203
39477.156250
18953.332031
34465.128906
7223.262207
29131.355469
13193.175781
50277.289063
27356.240234
33700.437500
39731.359375
4407.125000
1713.198242
2856.068604
2631.999756
10462.117188
4951.128418
34926.250000
91861.992188
2533.999756
7648.168457
34298.179688
55998.140625
28493.277344
12436.999023
27712.119141
27403.082031
47368.304688
14890.163086
24208.183594
3745.340576
8903.106445
29903.302734
25455.308594
24101.132813
20697.472656
22837.324219
12525.250977
4931.124512
7956.248535
26643.185547
2619.314209
3961.313232
35500.261719
27898.347656
27597.238281
20322.085938
2647.224609
6057.191895
1313.048706
3783.287842
25082.111328
11019.299805
25695.115234
8129.065430
25194.427734
33981.378906
4659.389648
9917.076172
10987.120117
54435.238281
76605.320313
30534.240234
34517.222656
2184.185059
9463.052734
24290.078125
1444.115479
3636.119141
3204.351318
31725.251953
35822.117188
20475.253906
21750.113281
27842.115234
26308.269531
1181.187134
4641.102539
1860.471680
7845.206543
27278.080078
15289.226563
32950.152344
26834.205078
12376.156250
29878.277344
11338.147461
8850.242188
13744.130859
19431.427734
29662.130859
6797.272461
20934.101563
8086.109863
40721.265625
2933.286865
1764.089111
3472.088867
4861.166016
3654.192871
3952.164063
21663.072266
28248.031250
8275.074219
39419.304688
9433.308594
4344.207031
7178.277832
28751.328125
44016.441406
39296.218750
813.240234
11897.999023
9104.999023
35460.101563
9226.999023
45942.222656
23150.369141
10958.193359
25215.203125
25551.228516
31100.183594
39647.312500
19388.224609
15666.196289
32969.308594
2948.238037
21769.257813
22352.257813
9748.198242
48860.167969
43992.214844
29609.361328
3338.187988
5457.067871
23540.240234
25039.277344
40565.230469
25098.724609
24483.425781
46055.226563
11378.224609
9810.264648
4504.145996
39138.277344
45596.527344
42839.226563
22674.189453
5562.292969
12940.207031
8359.113281
42504.210938
28911.146484
27234.103516
13740.218750
4329.192383
29328.259766
19332.431641
24442.095703
12583.177734
38666.382813
24544.136719
11458.406250
29657.357422
30252.320313
8068.336426
10082.201172
2309.283447
28067.332031
25433.556641
23393.123047
25847.205078
15377.214844
25452.205078
7774.279785
656.262695
11439.276367
14377.374023
10791.294922
11855.109375
8145.195801
14686.353516
25042.246094
27383.179688
18032.271484
3347.483887
20967.119141
7687.204102
7671.027832
22730.156250
21343.404297
9555.262695
23023.320313
13292.189453
6157.286133
32465.195313
2912.237793
4113.304688
19390.138672
16575.162109
21653.230469
20190.238281
9682.256836
27602.222656
48158.265625
11782.279297
5942.312988
33682.179688
33970.328125
10395.166992
34554.132813
7233.180664
3912.412598
60852.390625
47245.308594
12602.387695
27400.343750
16572.148438
49177.433594
4376.999512
44820.050781
28054.998047
60536.238281
9179.079102
44246.089844
3636.566650
22993.193359
15154.111328
21115.183594
49027.210938
9999.222656
30022.558594
18400.167969
23003.480469
8758.284180
43881.261719
8683.102539
3798.146973
26534.222656
48239.289063
3712.310791
9963.143555
13377.247070
8403.166992
35071.640625
6754.154785
6070.473145
25403.261719
26440.175781
38798.078125
7456.175781
27028.277344
32232.019531
13163.004883
51659.128906
39663.187500
3533.209473
64398.175781
4095.369141
27133.314453
15838.115234
29011.183594
27744.214844
8661.188477
17893.343750
26400.248047
5748.291992
30206.359375
15881.100586
29090.201172
18296.443359
2399.200684
11046.166992
9966.198242
27430.253906
30431.117188
3142.170410
33196.175781
10774.179688
39667.304688
15439.261719
24104.275391
7817.189941
26012.236328
1574.196777
26202.326172
21288.220703
23756.136719
21138.162109
26513.173828
82241.031250
28096.300781
33898.265625
22147.347656
26435.167969
8086.338867
28824.187500
39582.285156
13674.291992
20192.148438
10463.366211
24963.246094
10551.137695
18869.177734
20901.294922
1197.116943
9713.134766
2724.195801
10045.121094
16444.998047
27119.257813
13240.333984
9571.202148
36281.175781
22506.445313
28526.250000
12493.112305
4964.216309
13432.327148
36200.339844
17944.185547
29734.447266
22188.189453
10520.255859
34829.167969
24749.294922
7956.316406
24910.158203
3191.169434
34802.261719
38796.175781
29273.173828
24491.998047
23904.998047
3967.999756
29430.035156
14331.037109
31869.132813
8398.183594
3618.287354
47987.132813
22456.416016
43384.351563
44239.285156
18383.140625
39742.390625
36101.105469
14862.166016
13810.141602
10156.573242
2846.215332
33367.195313
46178.179688
18816.130859
30809.458984
25156.181641
9427.103516
24549.240234
10681.280273
18767.218750
27151.273438
8854.243164
756.249512
1444.186157
7203.309082
10140.145508
24435.259766
22354.230469
26934.195313
20433.058594
29549.273438
38706.156250
17603.201172
37392.164063
23321.238281
26654.390625
20838.265625
19131.175781
1084.130615
69042.351563
13662.148438
24766.164063
34671.195313
48044.359375
14863.315430
4499.225586
37627.117188
11629.199219
41751.179688
7669.244141
8156.164551
25524.080078
6898.259277
44042.339844
35559.054688
8957.029297
26017.044922
41933.328125
4318.258301
10822.263672
8553.162109
10690.172852
51450.089844
8304.240234
11083.205078
24570.140625
3822.186035
42896.558594
2981.525146
11517.443359
7686.327148
22181.187500
22207.234375
9229.208984
21420.306641
21365.203125
8280.267578
11584.248047
21650.148438
12925.096680
10817.166992
23102.179688
22634.486328
6150.094238
2072.052490
12238.167969
21095.513672
29281.205078
26470.250000
18115.314453
38716.203125
14998.175781
23659.191406
26403.343750
8774.074219
30987.535156
9191.223633
51049.507813
10610.155273
20373.101563
10544.166016
34670.242188
37273.136719
24570.265625
11848.147461
9773.166992
6422.074219
19849.142578
10822.208984
23738.271484
12488.158203
8299.196289
45450.367188
28576.121094
13747.060547
9399.084961
10388.250977
38842.253906
18691.357422
8299.115234
18704.240234
12230.345703
15680.328125
9675.117188
36323.128906
9832.197266
12699.315430
9129.050781
2946.246338
26537.164063
8433.228516
4105.158203
1779.168091
6176.174316
8235.158203
11199.257813
9224.464844
33159.121094
10695.208984
40821.167969
26891.654297
7369.105469
35672.269531
40292.156250
12607.170898
1616.182739
47137.476563
24296.115234
12242.197266
3735.400879
23297.474609
20348.271484
25990.335938
25350.197266
15053.175781
31658.298828
15482.240234
35086.300781
7301.208496
20117.132813
20847.277344
9332.138672
40128.273438
7606.298828
28491.212891
35116.070313
10701.469727
29542.166016
35476.253906
39514.398438
32664.208984
4341.335938
24383.177734
22864.000000
21245.054688
15810.166016
11855.325195
4034.172363
12758.224609
43150.199219
7979.193359
4749.280762
62818.382813
9657.150391
22083.207031
3905.407715
32453.322266
51170.250000
8742.083984
23609.267578
13314.179688
38481.253906
37345.132813
7559.182129
31257.511719
17969.189453
23137.238281
13683.054688
30724.160156
13890.496094
27770.341797
88687.531250
4983.253418
19406.394531
20198.298828
33970.199219
50113.359375
6497.145020
9394.166016
23948.158203
1832.011597
15079.272461
10240.156250
28315.400391
26653.220703
12483.371094
23078.191406
23815.177734
1909.392212
10127.174805
14242.244141
21313.197266
31674.259766
10202.347656
34990.464844
31628.335938
24951.353516
13214.101563
4778.152344
7906.041992
8020.269531
37739.132813
21549.044922
15978.120117
11732.291016
7080.176270
23062.179688
20692.033203
10332.233398
22437.269531
6265.248047
34215.140625
8183.246582
28252.306641
18983.167969
14482.191406
11770.366211
21660.406250
11672.169922
28382.033203
2299.041260
22328.187500
6488.264160
14817.114258
18767.330078
14099.069336
4202.234375
27683.394531
18237.263672
10614.111328
12067.234375
20734.130859
5599.631348
19852.341797
29724.255859
4496.201660
61584.308594
21894.359375
28421.164063
2136.309814
30801.287109
7364.094727
72546.390625
14465.237305
37470.171875
29143.031250
10722.274414
19848.296875
34856.203125
3195.240479
62115.265625
14452.252930
22648.058594
34494.289063
2147.392334
6356.214355
13154.229492
51972.433594
8907.178711
13319.217773
29301.197266
62360.238281
2254.180664
22480.193359
28171.246094
2479.128906
24848.416016
18611.283203
35144.699219
21789.253906
28374.175781
5326.296387
48268.148438
7804.203613
27464.345703
3803.464844
8109.100586
27067.216797
9046.287109
39722.179688
19669.191406
21654.326172
25915.224609
28069.259766
35116.226563
5106.227539
28389.343750
29929.193359
30071.998047
41496.054688
5280.188965
22064.199219
29752.242188
6570.254883
28961.193359
9625.171875
10735.357422
24524.257813
34856.488281
7880.189941
33604.460938
21616.191406
36763.214844
37016.218750
2732.257080
21205.359375
26146.222656
5023.268066
36680.152344
5249.112305
29358.251953
3045.198242
31349.162109
1391.063232
38123.156250
14174.298828
21819.388672
22918.136719
24460.103516
26746.224609
43952.273438
24691.330078
1048.125732
9255.270508
4035.502686
46082.667969
6745.403809
26085.500000
46618.503906
23205.183594
12572.149414
5020.438477
41134.308594
26040.103516
33222.140625
29252.134766
6414.274414
12418.296875
27338.300781
42087.195313
11316.360352
20403.281250
49350.542969
28339.287109
26377.304688
22678.998047
20775.300781
21902.197266
42124.027344
6176.999512
31514.998047
43102.996094
5840.082031
14341.029297
12998.126953
21843.246094
17260.085938
9668.529297
53104.167969
19884.312500
10077.264648
17751.144531
34532.484375
8470.261719
11218.032227
21264.193359
10070.131836
32357.144531
23481.306641
42077.164063
10572.243164
8792.259766
10567.216797
12803.193359
8348.122070
5310.413086
22393.998047
13396.999023
21319.246094
20407.240234
31652.199219
30780.117188
35901.261719
25904.103516
1660.102783
37971.140625
29388.300781
15489.182617
32024.255859
17981.261719
28340.199219
24403.019531
13381.333008
12634.139648
1112.298218
26669.103516
9500.142578
46504.339844
36539.140625
24627.156250
29459.169922
3109.181152
54905.203125
24625.171875
10208.208008
35928.160156
2410.302979
18919.074219
11481.081055
16949.156250
11615.150391
24655.355469
28969.484375
8542.325195
26569.345703
27155.095703
33606.339844
8601.696289
8177.360352
29169.101563
17387.003906
6041.156250
29143.148438
7362.171387
24883.154297
1596.262085
18738.123047
37817.109375
13408.166016
7093.174316
19979.373047
48885.125000
15048.290039
30014.244141
42642.152344
7447.641113
22774.050781
17625.199219
63089.433594
41697.230469
7177.073242
7188.235840
11313.132813
10176.105469
26861.289063
3333.191406
41238.156250
45278.324219
21299.263672
33468.996094
8874.999023
5952.190918
35062.300781
27947.150391
53320.253906
4968.240234
8820.081055
28373.181641
42873.078125
32740.203125
26231.306641
1866.323975
292.396759
31604.156250
18764.232422
22985.183594
19859.134766
7386.282715
14614.188477
8198.214844
12517.436523
52919.199219
27877.326172
20177.287109
10869.384766
12973.254883
1869.392212
20650.208984
1312.389404
15016.138672
24778.189453
20920.451172
24346.314453
20710.033203
10835.100586
42937.363281
45849.324219
31182.251953
39131.246094
18266.199219
28285.109375
9218.307617
29762.173828
4266.176270
18491.128906
49531.281250
25563.210938
10751.134766
12182.270508
40295.148438
15654.323242
1445.301147
23306.171875
3057.504883
19196.214844
11643.375977
7928.371094
14956.164063
35947.300781
26921.333984
59353.605469
18407.173828
10574.269531
37490.171875
18273.162109
7254.444824
3421.575439
52786.195313
11989.266602
21988.248047
49148.425781
12938.411133
44682.312500
9695.111328
22397.267578
3356.302002
40385.183594
1798.999878
3234.531982
5336.237305
12599.288086
9494.095703
6827.392090
21401.445313
1259.093994
44107.199219
12056.340820
29230.435547
22126.347656
12996.162109
6870.139648
19252.318359
20908.464844
30319.248047
20805.253906
26100.281250
10702.385742
22297.287109
68363.515625
4331.197754
26777.140625
35216.191406
14170.122070
35575.308594
2515.295166
12636.208984
23570.189453
35009.515625
5479.999512
30990.199219
3326.258545
22354.093750
34133.250000
10017.265625
12409.131836
23408.210938
41347.140625
27884.304688
9330.213867
12655.187500
27098.294922
22073.328125
22331.308594
4868.153320
5097.236328
18564.330078
9566.127930
22035.093750
26094.347656
33775.105469
17621.382813
17570.300781
21042.056641
38764.296875
43821.250000
13839.064453
33707.320313
21885.179688
11415.287109
1059.281128
8196.234375
9963.277344
39759.273438
20077.232422
13309.170898
21322.472656
33225.097656
29692.140625
9081.349609
39467.082031
15207.198242
8688.208984
3501.155762
26783.197266
18633.363281
21608.324219
25968.228516
33650.085938
37421.175781
9649.052734
19485.255859
33871.257813
1195.184692
24590.283203
42906.050781
12899.067383
3087.268311
37427.300781
12138.183594
6537.142578
4474.205566
20752.187500
24196.304688
13632.161133
41751.468750
45054.449219
13019.323242
26410.193359
8642.031250
8742.241211
2959.345947
12430.224609
22313.101563
21161.201172
24687.185547
13241.529297
29150.125000
39454.117188
50395.261719
11620.166016
26759.093750
1900.212402
12235.114258
25650.125000
20942.107422
3675.346436
30139.337891
21536.169922
22123.279297
53589.171875
3840.287842
24843.132813
19161.322266
33353.246094
10523.334961
23524.316406
7820.110352
27150.140625
26263.238281
12151.115234
24758.179688
38101.210938
12289.312500
11072.114258
16906.474609
88114.656250
52587.238281
10264.279297
10559.133789
14364.036133
28408.380859
34372.207031
28888.185547
2458.360596
64452.363281
32707.195313
9257.125977
1701.098877
11887.135742
15322.288086
30908.216797
18772.425781
34423.042969
44635.003906
24765.208984
20738.074219
24748.248047
30919.343750
33140.375000
22889.208984
25167.298828
36368.171875
25520.259766
26169.179688
11243.201172
14666.128906
10892.170898
50935.285156
61390.300781
3024.334717
17726.515625
2607.084229
10497.108398
11442.273438
22119.183594
9043.275391
39961.062500
21978.095703
28106.259766
5103.120605
20777.076172
28908.210938
10534.287109
27900.166016
12453.356445
23931.488281
7770.250000
26159.128906
5778.319824
7528.149414
31372.123047
24853.496094
62282.328125
30857.423828
54157.214844
16882.156250
20957.125000
9408.115234
20396.003906
26656.199219
9247.266602
63951.164063
2001.132935
7499.124512
3104.343506
12133.192383
38913.398438
24762.189453
16500.039063
24873.332031
33479.152344
12745.215820
20509.187500
8663.263672
10916.145508
3712.244385
24929.285156
7482.140625
13865.185547
16421.212891
21062.179688
23342.166016
14202.124023
39980.128906
40393.128906
33398.187500
31241.093750
8066.002441
45443.460938
41793.250000
29853.130859
42344.500000
44736.410156
36212.289063
41302.242188
24872.173828
28213.208984
16829.203125
20279.099609
26629.197266
18739.060547
38510.269531
18247.099609
63165.199219
20233.210938
24901.154297
15169.099609
20199.144531
31272.298828
70635.437500
20492.185547
26838.158203
30239.273438
10437.291992
41459.578125
7265.573730
28142.173828
20574.294922
25034.150391
8469.131836
22608.304688
19046.078125
9423.396484
37087.339844
1040.350342
32628.998047
18946.175781
3494.368164
40163.234375
24587.195313
37557.093750
19961.232422
4784.279785
31241.310547
9541.121094
33177.167969
3397.266846
34766.214844
20951.330078
27753.154297
31738.248047
29618.275391
1704.286499
33523.250000
10097.192383
19331.289063
29197.181641
9890.222656
36412.175781
3693.240967
20347.638672
18858.095703
12187.149414
26803.160156
15687.413086
8813.174805
11130.390625
5103.240234
20149.263672
14410.252930
29062.361328
9722.310547
2720.377197
10483.148438
37429.234375
51735.261719
8228.277344
39494.300781
7451.131836
19309.330078
6946.340332
36762.164063
5212.238770
42292.527344
19685.158203
13714.132813
36915.054688
35499.398438
12336.140625
58398.328125
13165.246094
23011.349609
14141.189453
15972.339844
11259.261719
27416.177734
14653.284180
26388.316406
28758.625000
30821.251953
11153.375000
41804.230469
3274.348877
21925.218750
12815.180664
36854.234375
10135.189453
15365.403320
5839.479492
36262.285156
59540.191406
35951.289063
34609.238281
28393.146484
23973.109375
25130.314453
33890.250000
19936.142578
1927.158813
31389.154297
2819.286377
34108.312500
12580.252930
22487.457031
18638.089844
17819.193359
31245.187500
14975.217773
15624.196289
22538.126953
30260.119141
36151.382813
28015.363281
16712.224609
8575.086914
16152.206055
32771.304688
12020.164063
2029.377686
10655.070313
16541.185547
21547.355469
35895.316406
58098.617188
3903.103516
26597.152344
24787.269531
32944.113281
29153.167969
22412.408203
25256.121094
10063.107422
7753.171875
24679.175781
10977.085938
23431.261719
32150.195313
25120.472656
3865.228271
5977.182617
50164.218750
30334.283203
31006.296875
34426.281250
34027.355469
9124.156250
42551.128906
27642.123047
20540.281250
27274.292969
16018.538086
10035.131836
25656.019531
1575.050537
3755.092773
24598.240234
31776.181641
9599.114258
17215.552734
3194.165527
23388.169922
17080.394531
11925.284180
40420.160156
10936.186523
22178.281250
24611.253906
11220.130859
28462.328125
53122.496094
43824.339844
25455.267578
1528.419556
10941.234375
1428.084229
13104.162109
2744.227539
23116.714844
10248.257813
26554.271484
8558.014648
39440.179688
1799.999878
7408.437988
22288.156250
20594.289063
9724.252930
40495.332031
14425.108398
23113.167969
20339.998047
21659.998047
26142.208984
27130.150391
26917.271484
18442.126953
31500.238281
9848.097656
22877.341797
24337.250000
25361.359375
4303.274902
27412.068359
40041.167969
11176.204102
22782.228516
9642.131836
12208.298828
23780.560547
28396.476563
33024.261719
10690.254883
25374.271484
13963.148438
28931.398438
4454.114746
10746.128906
15594.311523
12063.079102
5143.183594
38913.250000
20852.253906
16668.488281
17370.183594
2910.175293
40952.480469
15287.271484
30858.138672
22232.263672
16346.287109
27924.267578
24551.160156
3148.126465
24216.189453
27489.345703
3890.254150
30363.406250
1009.066223
17974.337891
27486.128906
2470.081299
3898.301514
35982.199219
9252.141602
9279.250000
23042.380859
20119.001953
30333.160156
32151.642578
15753.427734
10566.078125
15047.021484
44052.316406
14895.358398
26244.109375
5309.216309
3571.192383
42390.328125
33482.156250
10420.130859
13970.137695
32324.115234
5554.183105
12874.198242
21148.291016
27177.234375
20599.031250
5564.170410
25123.171875
32873.425781
1211.225098
1652.246094
26153.173828
21961.103516
28852.167969
4482.483398
16904.117188
50481.574219
22632.220703
5572.232910
21044.037109
22069.017578
21675.351563
1798.488770
5888.090820
52817.425781
36649.066406
33888.257813
6987.222168
19203.162109
11198.257813
38877.675781
18446.199219
30446.080078
7999.393555
37270.175781
44071.363281
12795.131836
38507.316406
12985.218750
9579.216797
3246.485840
38380.304688
38848.078125
25602.132813
3925.302979
8245.999023
2686.999756
41931.308594
16536.146484
20980.226563
24929.169922
26223.128906
20329.152344
33471.121094
23212.152344
7934.216309
10469.219727
8618.454102
19906.146484
33851.261719
66140.515625
61741.398438
34460.273438
3906.207275
24864.392578
25113.376953
12774.999023
10989.175781
30148.152344
16718.302734
8861.196289
24133.195313
3879.194336
2104.221191
28389.220703
41353.312500
9551.290039
25289.136719
21485.169922
2856.328857
15718.099609
3194.202148
21961.166016
30192.300781
10982.213867
1840.090088
38666.328125
11248.204102
42141.316406
37160.246094
12918.140625
12293.472656
19005.384766
27430.285156
23871.076172
37983.175781
13267.086914
43035.277344
11444.118164
6330.218262
30078.250000
31222.214844
44209.082031
18630.414063
5448.560059
49331.332031
33553.253906
13822.419922
38461.058594
8986.085938
70528.710938
12354.133789
24612.351563
1827.176270
28724.500000
25621.251953
47703.390625
27294.162109
28001.310547
6274.240723
27223.193359
16707.136719
60485.296875
7281.067871
19442.154297
5395.332520
26765.253906
36924.019531
23385.392578
29337.320313
8313.081055
16222.171875
70784.593750
24997.345703
30271.222656
2605.181152
8643.295898
50141.128906
21744.152344
22020.314453
11966.276367
41201.304688
36589.250000
10540.405273
30259.246094
28971.417969
23121.251953
23194.212891
25057.212891
38327.187500
36894.218750
3369.297607
26210.205078
12791.249023
6768.152832
46034.199219
5594.362793
21827.322266
36166.125000
40297.187500
25940.304688
27646.285156
20566.521484
31188.199219
10270.101563
11183.332031
15333.092773
9775.122070
14994.193359
7925.237305
31102.216797
11999.118164
31616.726563
23259.199219
17204.457031
40845.351563
25821.312500
6868.232422
20782.064453
36820.363281
6815.145508
30877.517578
35040.410156
32896.250000
21706.201172
61561.480469
80082.351563
47792.265625
8469.242188
33163.140625
11718.078125
33986.050781
22167.404297
2231.209473
27908.474609
2927.182617
24480.324219
15042.298828
45129.519531
7885.197266
6972.239746
16286.339844
2617.144531
19307.320313
50460.566406
25912.324219
22979.166016
10293.121094
13272.212891
34638.425781
20628.998047
47591.277344
5476.158203
22691.158203
9033.306641
30742.285156
9240.346680
14102.156250
26041.150391
4088.222412
41154.457031
8520.251953
6327.223633
29821.214844
3158.209473
18759.248047
4086.368164
33933.191406
12768.064453
21016.115234
41964.175781
43766.187500
3269.304932
24111.113281
10068.200195
30160.251953
2907.225586
11154.265625
31572.220703
28010.134766
32039.228516
13113.100586
8778.239258
27793.621094
10257.158203
50201.226563
8679.154297
21002.212891
1756.370361
10060.433594
13365.369141
2962.372803
26878.316406
9379.462891
4515.509277
14157.016602
10991.124023
27529.150391
13963.225586
18880.140625
25186.203125
33439.261719
38254.300781
5257.317871
28768.224609
6392.531250
25203.156250
32996.300781
30532.224609
23523.080078
25217.232422
4979.211914
81664.359375
25480.238281
24043.212891
28743.214844
7593.354004
32883.421875
26072.218750
11119.306641
11474.344727
34192.277344
41251.484375
12174.213867
31062.306641
54780.121094
33806.214844
22356.205078
8393.169922
24263.345703
27876.175781
12025.224609
11673.166992
26531.111328
8355.222656
21145.195313
33500.375000
35505.156250
33296.253906
5419.036133
2644.374268
8448.283203
24181.451172
26911.187500
9955.104492
11944.229492
5963.697754
11434.117188
24636.218750
41519.226563
6873.352539
20560.306641
11065.154297
36994.246094
1061.250488
30579.177734
18289.236328
10668.405273
26787.339844
10150.125000
29339.181641
3651.116699
4064.201416
36700.312500
992.372803
12210.419922
24327.169922
40985.335938
23169.201172
30687.177734
9821.309570
46613.242188
31517.105469
38589.265625
34849.082031
12401.137695
30248.457031
2666.249268
6989.216797
11229.187500
9564.191406
10228.190430
32396.097656
22338.173828
13922.584961
8732.217773
6880.327637
18360.496094
50398.144531
8295.214844
40756.214844
13074.187500
10607.252930
35063.187500
5446.410156
23733.355469
24649.486328
24065.179688
43136.167969
10418.092773
13250.266602
31169.308594
23140.162109
13902.288086
27970.230469
2956.425781
26554.177734
6194.277832
12353.446289
10646.219727
17515.236328
24516.126953
16345.180664
15953.482422
11958.108398
17874.187500
23525.232422
13830.198242
27081.414063
12063.187500
28478.509766
20759.505859
11070.125977
2966.198242
20650.263672
1749.244629
1039.129150
18877.210938
25906.089844
48765.250000
13191.240234
5830.142578
12369.200195
86693.601563
66316.171875
23775.410156
32225.335938
4615.153320
33609.210938
48217.351563
4330.265137
10510.093750
38145.148438
54750.359375
10275.122070
29371.099609
5850.241699
13358.160156
22358.058594
24961.154297
5147.223145
29858.158203
10163.041016
42559.183594
21622.099609
28048.187500
25504.189453
12659.167969
29842.144531
29070.214844
23980.189453
22308.052734
22816.226563
10346.332031
27745.150391
9250.999023
24721.082031
13566.302734
26590.115234
31059.279297
22440.121094
34188.097656
32341.998047
2074.059326
68470.437500
23197.140625
8090.303711
15402.333984
11640.118164
23684.244141
7920.244629
7102.100098
4083.176270
43393.308594
25437.136719
11499.192383
8674.248047
41326.062500
28203.312500
28892.298828
3198.182129
6699.488770
5205.236816
10135.189453
21808.181641
41396.347656
7345.274902
30388.572266
9691.109375
42145.363281
21483.181641
53532.167969
24589.505859
48861.289063
37600.273438
73426.054688
8351.204102
32498.111328
4431.448242
35242.074219
6953.497070
34371.164063
46032.726563
7437.309082
8392.251953
9916.096680
11480.230469
3706.657715
9516.117188
24939.179688
21971.089844
5554.202148
1129.196411
33173.183594
27889.238281
13681.225586
26040.091797
24961.208984
23031.263672
29495.107422
19625.298828
34291.281250
14945.113281
33999.296875
30958.117188
10159.172852
18933.246094
22870.328125
10280.380859
38176.394531
9200.310547
12569.293945
6461.157715
19717.160156
6307.403809
22423.210938
24236.234375
7629.176758
5544.370117
36789.152344
19976.095703
35244.210938
26761.158203
9874.125977
2338.175781
34182.707031
3537.327881
4137.194336
38250.328125
3001.093506
38636.421875
11944.063477
40025.230469
25312.232422
26739.132813
37793.144531
35645.066406
28349.150391
17007.367188
17006.218750
30763.275391
9758.373047
12717.166992
29218.271484
37812.460938
14007.127930
11844.163086
11060.320313
31939.320313
62017.359375
10413.130859
1248.282104
9197.239258
21828.509766
7223.100098
4471.228516
11884.192383
10623.162109
24847.265625
3588.234131
23705.271484
21505.279297
4614.300293
2708.348389
12427.282227
2235.207520
48126.753906
9934.235352
12868.253906
1802.446899
29359.126953
24590.136719
14510.064453
23781.248047
8155.204102
8820.162109
34812.414063
6089.222168
25736.261719
39391.359375
11921.203125
5943.162598
9090.457031
33360.347656
21515.271484
6857.537109
27882.519531
9897.119141
8870.280273
4942.999512
3285.033936
13328.999023
27203.222656
10751.153320
51004.347656
41840.269531
23949.232422
12741.185547
9752.278320
17362.230469
3716.291748
2421.274658
34659.359375
17481.224609
3565.052979
37094.363281
38832.085938
27742.111328
8438.101563
8260.221680
3464.141602
22565.169922
3870.229248
23940.119141
32394.294922
39194.203125
14556.174805
19404.054688
39972.515625
46942.707031
25062.451172
35662.039063
23786.179688
22188.251953
22108.248047
36080.335938
30357.398438
9408.169922
9456.230469
13773.260742
31587.232422
90157.187500
9326.251953
25022.318359
19904.263672
25520.367188
16954.251953
55178.496094
26098.318359
37759.281250
28985.306641
22404.166016
24491.087891
5322.098633
48706.253906
26193.267578
15503.163086
2528.251465
1773.119751
7455.138184
8033.086914
5850.999512
21290.134766
11692.259766
12921.208008
20315.148438
11727.066406
11092.375977
24016.396484
2206.608643
3104.187988
20329.421875
9575.252930
8531.208008
5241.203613
2649.269287
2556.523438
28790.263672
2182.695801
14592.155273
8410.245117
47581.125000
27465.431641
25080.142578
29502.328125
48037.273438
33657.210938
32059.322266
32475.230469
12224.196289
23916.185547
10846.041992
3102.272705
27274.164063
33182.312500
37018.054688
17424.199219
13943.207031
26292.142578
26583.060547
69002.062500
27481.138672
52696.343750
35074.027344
8315.237305
13916.079102
24939.126953
44695.312500
23424.183594
30513.285156
21180.238281
21598.095703
21168.302734
23965.140625
18008.263672
11168.229492
63248.257813
31981.224609
1455.354736
11870.300781
21662.398438
27586.203125
5414.326660
1559.088623
22616.291016
14182.140625
20242.154297
10744.104492
3377.135254
28570.332031
77831.250000
1825.205566
41992.312500
31259.437500
2407.194336
33914.531250
11536.153320
28545.183594
23076.226563
37270.148438
1299.148071
29424.193359
10764.213867
7839.231445
6297.184082
8207.218750
13250.230469
3890.023682
41175.332031
35576.246094
10095.155273
25099.257813
20353.109375
22455.156250
36706.359375
9154.174805
23230.187500
29352.078125
11908.400391
16007.116211
27079.208984
4209.146484
16407.177734
5001.358887
12878.021484
17410.402344
24274.205078
11632.210938
8027.066895
37387.093750
20043.312500
28560.183594
11164.178711
20264.152344
14810.164063
16775.130859
31239.238281
35012.128906
13675.159180
22513.074219
9449.148438
35079.097656
38085.253906
3635.195801
10738.094727
34310.218750
3488.374023
46959.277344
26474.388672
27278.134766
1169.364014
28330.212891
8517.252930
19595.250000
37022.105469
23364.140625
19182.248047
16321.416016
27628.998047
30495.228516
1149.281616
51889.433594
13507.294922
30273.595703
48202.214844
28539.150391
11768.396484
4609.243164
41112.457031
22778.679688
45123.277344
1016.332825
2417.170410
10632.260742
51435.148438
24064.998047
38502.238281
8855.214844
2809.305908
2466.093994
30254.097656
8747.270508
19393.138672
24733.251953
24492.375000
30957.181641
11638.755859
10929.355469
32416.146484
32501.998047
735.387451
8452.455078
24283.117188
33752.343750
24855.281250
19468.068359
30092.148438
759.999939
8467.999023
11764.083008
2545.999756
31049.322266
31195.414063
4555.069336
22161.207031
23798.283203
11399.293945
8325.322266
7715.231445
12171.195313
12564.282227
11417.227539
19043.212891
24831.347656
9146.228516
36189.328125
45769.390625
44941.367188
11427.136719
25442.152344
24983.681641
2667.114746
39534.253906
5303.114746
18504.300781
2195.208496
16141.223633
29196.291016
23548.197266
34664.402344
75374.046875
3064.121094
29130.132813
53252.371094
37228.359375
10652.178711
22709.218750
20963.125000
28097.230469
1528.265015
11060.250977
34861.367188
12476.312500
22502.238281
23528.269531
22088.101563
10411.258789
5375.203613
9722.125977
19566.117188
36325.042969
35794.527344
13839.068359
19019.093750
26088.052734
10855.095703
14582.254883
4916.240234
19804.492188
38650.371094
9024.125977
18619.369141
24918.158203
11881.242188
63319.546875
6882.080078
10814.380859
24399.398438
16268.414063
11701.228516
2468.420898
92678.273438
32776.160156
25319.324219
42158.156250
41741.191406
16333.060547
34996.242188
7649.251953
5291.055664
23847.343750
12603.377930
31198.228516
36085.269531
32384.175781
12820.449219
24253.312500
47319.238281
11229.066406
11531.286133
9398.287109
24417.291016
9767.195313
25018.394531
46026.410156
27691.292969
26400.130859
28733.261719
11883.254883
29479.156250
12696.109375
26931.154297
42081.164063
22310.222656
13957.356445
17211.328125
3303.341064
23303.144531
10138.416016
36635.156250
13850.217773
21535.146484
29577.066406
7607.276367
27025.140625
31007.265625
33701.167969
17302.437500
8494.166992
20621.341797
38320.175781
8556.297852
8406.033203
26443.341797
17785.125000
50127.328125
22114.320313
12314.128906
13222.330078
11493.024414
69871.250000
37008.113281
17102.281250
10010.163086
25386.214844
51168.140625
11399.205078
30576.185547
39268.183594
10876.169922
29105.128906
48789.339844
28967.322266
10664.348633
21222.134766
8536.250000
6891.117676
38205.238281
29668.148438
25622.130859
24002.240234
33795.332031
1935.316650
27486.119141
5593.159180
32478.216797
40579.292969
2749.150391
6135.147949
7796.171875
27313.138672
10342.286133
10073.203125
37517.714844
29159.273438
26719.408203
26484.291016
33114.128906
31732.105469
1759.240723
24281.158203
12048.334961
27155.281250
20004.203125
42884.222656
27092.281250
36792.195313
38768.363281
19982.193359
20780.326172
22831.320313
8404.231445
11583.125000
8749.092773
12356.171875
4838.282715
41007.359375
19876.355469
34769.402344
28351.191406
15142.343750
34066.105469
10094.159180
5110.383789
26638.498047
14364.037109
14347.309570
21400.115234
66535.273438
26959.263672
30120.257813
22954.169922
8953.162109
18972.464844
39783.300781
25598.310547
4398.253418
51703.273438
33271.121094
18189.433594
15255.212891
19395.998047
20737.216797
15139.408203
24904.326172
15215.125000
13126.199219
12214.106445
8309.388672
41545.089844
24359.175781
94505.750000
6853.023926
1729.154419
31051.083984
24803.259766
21350.525391
9620.275391
53385.207031
19124.330078
2692.302979
22757.457031
60044.253906
10093.172852
17401.535156
24518.328125
7441.161621
38212.089844
4148.192871
25310.361328
38377.226563
9672.255859
1324.157837
19302.265625
12481.409180
1198.245117
7652.222656
2642.110352
29275.164063
11775.166992
23248.392578
10450.183594
5963.134766
13151.148438
31884.277344
9390.178711
5503.225586
52006.437500
9019.108398
9055.091797
21619.085938
31688.132813
6999.166504
21247.126953
27621.289063
36059.296875
34718.261719
18825.308594
30504.238281
37491.214844
6038.254883
39316.300781
37877.234375
6841.212402
18044.998047
34833.187500
11381.123047
25640.154297
22500.142578
45428.996094
23996.074219
2571.234863
29085.126953
22001.076172
2614.295166
23921.236328
19865.089844
9762.274414
3411.280518
5140.276855
24290.154297
13559.194336
46047.218750
40906.328125
26864.296875
41969.457031
8315.149414
26179.261719
29076.316406
9644.356445
3260.222656
6091.119141
23105.253906
38839.199219
18407.271484
7453.208008
19793.644531
20686.232422
8799.243164
7245.158203
9999.122070
30318.132813
12303.058594
12347.199219
40503.312500
33806.175781
29619.214844
11887.361328
11186.999023
20266.212891
3369.080322
28327.236328
39294.335938
12575.506836
27260.285156
12219.276367
24092.152344
5764.237305
3724.204590
8826.198242
13900.225586
36109.308594
43227.230469
32657.382813
36723.558594
22467.095703
14286.275391
39630.218750
18095.232422
25904.484375
10779.271484
26570.197266
28414.095703
18734.171875
27713.226563
9703.088867
21276.228516
38202.207031
22709.134766
37720.226563
19849.414063
2514.070068
4645.334473
10555.222656
26265.207031
10937.191406
7127.238770
8492.125977
12448.178711
10478.165039
18705.205078
12069.363281
22243.074219
42496.414063
15308.247070
18624.402344
16203.062500
35499.167969
10429.217773
7491.426758
33810.179688
9049.109375
14005.107422
4167.267090
12328.448242
11950.112305
8884.184570
9229.097656
22763.292969
13622.296875
12910.999023
23382.146484
43530.125000
45136.343750
25362.412109
41531.164063
4726.236816
11883.106445
33109.304688
35374.191406
23346.447266
26600.197266
22392.220703
40995.386719
5801.264160
23416.101563
46218.222656
10574.111328
1578.390869
9466.376953
30739.181641
54425.148438
26164.236328
25620.091797
41345.148438
22069.119141
28588.271484
29251.310547
43466.378906
4367.272461
8439.076172
13785.052734
22877.384766
26762.455078
54356.242188
9843.255859
31056.224609
9806.112305
26233.431641
30845.513672
36607.296875
1705.369385
15077.266602
12921.233398
18995.119141
36344.167969
37096.261719
13457.142578
3739.251221
17414.429688
5523.198242
6550.263672
22719.228516
22871.345703
2164.156738
5981.470703
50973.085938
30196.310547
16899.152344
25877.101563
21781.144531
9867.203125
10164.326172
8850.251953
3586.493896
55016.332031
2489.184570
1534.301636
2662.421387
2638.181152
14928.059570
7625.247070
15972.154297
10325.033203
13849.276367
2786.227539
10977.202148
22047.150391
32205.445313
2114.060303
31176.271484
19185.351563
48845.332031
22192.396484
28471.167969
27023.337891
28656.281250
28321.011719
24713.007813
1991.036377
27816.363281
25992.214844
7135.354492
25184.298828
2376.232422
8363.209961
45209.296875
27340.177734
22099.072266
4579.242188
5388.136230
10946.071289
19827.105469
19564.199219
5070.451660
13340.259766
26877.248047
20059.328125
9737.204102
1009.301636
23614.234375
44939.304688
10143.164063
13288.291992
13807.041016
62858.394531
5405.170410
19792.119141
15544.099609
9597.162109
24591.222656
1089.275757
21653.089844
30719.216797
24851.160156
2027.121216
35327.167969
10316.151367
12202.367188
2762.333740
37606.226563
41112.199219
16631.287109
47134.019531
6511.326172
14790.286133
35521.320313
27023.419922
9416.069336
35302.191406
23451.287109
10633.196289
34565.179688
21987.283203
3240.133301
4172.257813
29838.132813
34929.101563
2592.209473
12946.202148
33274.164063
38181.566406
8622.132813
11165.162109
9037.245117
26408.322266
25933.210938
14845.125977
26342.087891
10012.089844
4073.160645
13702.209961
9189.015625
21726.261719
23302.222656
7495.221191
26352.226563
9324.191406
18960.193359
17084.750000
47813.335938
19122.169922
81829.140625
24202.167969
20449.232422
40431.164063
19934.218750
33311.121094
34083.355469
8698.200195
26168.171875
7214.324707
12070.318359
3586.208496
37986.089844
37231.121094
27144.207031
11788.178711
3908.268311
28927.189453
25020.162109
17961.130859
10333.999023
26629.101563
4640.453613
40775.144531
3178.078369
9814.224609
8943.542969
66347.867188
20296.265625
38807.171875
27186.083984
12547.082031
12599.131836
35302.207031
31784.197266
23034.513672
31512.041016
16424.244141
10825.373047
30626.146484
29750.312500
23861.210938
26631.263672
10671.150391
3620.145508
23285.298828
38306.363281
10189.315430
26796.154297
7257.180176
23665.246094
25125.296875
11248.174805
31575.146484
5488.310547
44563.214844
3533.180664
16744.339844
9461.186523
21698.201172
50568.312500
45588.242188
11679.196289
3513.223877
8247.330078
7133.255371
41343.195313
21585.998047
32406.154297
9962.052734
11561.260742
7701.069824
41534.152344
23299.382813
10186.338867
8371.205078
11259.187500
13289.159180
28251.218750
36420.390625
1908.198242
12547.128906
25242.242188
28773.164063
9631.084961
14955.318359
6647.307129
12415.348633
15911.304688
2948.201660
26185.201172
26318.310547
26919.203125
6192.184570
29177.337891
19178.199219
864.189087
7909.067383
30256.255859
1449.214355
11417.084961
6752.207520
22961.455078
16830.355469
10627.146484
29232.195313
30538.271484
18345.148438
24174.332031
8415.393555
1169.291870
40879.175781
31498.208984
26305.373047
9154.177734
10065.195313
12409.210938
31858.568359
14947.276367
10762.198242
24330.003906
23707.517578
5035.286133
1868.135864
979.279236
15495.185547
13855.259766
35824.164063
23922.400391
50731.363281
13848.287109
23697.623047
6069.066895
5762.327637
5595.267578
76007.343750
1380.224121
44118.398438
3436.257568
48288.312500
5907.275391
5938.046875
3281.178711
28632.312500
23127.328125
9115.202148
28847.312500
12272.180664
22308.169922
25839.257813
36516.156250
14057.343750
16620.294922
33771.164063
15851.587891
20347.408203
7154.240723
7249.132324
10373.069336
18261.501953
3935.305420
22107.109375
8053.253418
23569.998047
44284.996094
14713.999023
13308.128906
13645.085938
59116.410156
20162.123047
8413.213867
2667.090576
29681.277344
11627.242188
6439.304199
25563.291016
4199.156738
4327.173340
11827.072266
20685.216797
17036.322266
34404.437500
40663.156250
30172.265625
3961.440918
9842.079102
12758.229492
11730.178711
9189.408203
10501.233398
11143.177734
30724.271484
25765.205078
16939.251953
10539.169922
23503.248047
25373.318359
23219.289063
9798.138672
18221.488281
28313.099609
4884.261230
33513.339844
61811.703125
24024.035156
41931.437500
23358.136719
16492.333984
36532.648438
36682.234375
9474.049805
9458.228516
26360.154297
15354.265625
1739.165649
12540.213867
19393.128906
36042.203125
9496.237305
15076.189453
8657.144531
11857.169922
27852.376953
8639.131836
5971.094238
31310.998047
24519.121094
27269.197266
51926.058594
19738.205078
13954.299805
21114.113281
6730.605957
36318.109375
2888.199707
37579.343750
27673.265625
39192.242188
28518.205078
37535.132813
7953.270996
28380.246094
13127.186523
19048.328125
14800.999023
4687.427734
31950.033203
11536.396484
32046.175781
3352.311768
3487.275146
10121.301758
32096.093750
41821.777344
29679.453125
12666.070313
33703.460938
26661.402344
13801.109375
28843.126953
41190.136719
32574.222656
10620.371094
19312.152344
12509.240234
11398.189453
30487.289063
39062.242188
8114.149414
25091.287109
35817.300781
10143.181641
15343.190430
7609.128418
6244.229492
1845.253296
29714.353516
32850.523438
3674.999756
34025.996094
25685.998047
32312.058594
36823.062500
26977.173828
26634.152344
17969.183594
8869.215820
25739.359375
40677.230469
39003.027344
3508.052490
25547.185547
9896.375977
14208.180664
3132.201172
25683.410156
23454.154297
4444.100098
55858.218750
31331.099609
47436.261719
21842.158203
14277.232422
25421.148438
29801.496094
22562.232422
23815.455078
5891.250977
23594.265625
22404.091797
22410.195313
9527.221680
22092.166016
17579.060547
39225.257813
31092.248047
33344.242188
23514.382813
27766.257813
30524.332031
15858.051758
15874.197266
21559.310547
14947.159180
26733.435547
31065.166016
24024.130859
1482.118774
26201.419922
2729.185059
11126.196289
16347.261719
30787.275391
37738.468750
12788.139648
32373.673828
15853.397461
49725.085938
29768.236328
27145.498047
34862.335938
15060.298828
9842.405273
26682.158203
25668.156250
6044.316406
9471.242188
9775.246094
5069.009766
32535.169922
29296.304688
2346.133301
31981.226563
61980.476563
14601.355469
24619.167969
27484.322266
4122.393066
58352.476563
29877.275391
24837.314453
35282.285156
23433.353516
24911.316406
30334.226563
7647.199219
25872.056641
7032.351563
33361.070313
22437.152344
35787.175781
28758.156250
60224.382813
978.211975
21810.121094
11258.119141
23401.277344
10651.273438
23997.099609
19166.193359
27980.082031
9688.199219
34338.183594
36747.250000
57297.355469
26764.148438
61167.347656
12687.999023
9967.999023
23792.998047
19232.078125
3668.115234
32017.443359
8181.083984
28064.117188
4456.111816
13097.332031
21336.154297
28391.158203
41313.242188
12042.116211
31327.224609
12618.231445
35678.281250
31155.187500
14490.410156
34629.339844
3853.471191
51504.285156
2958.140137
13398.045898
17164.189453
32078.281250
20703.226563
34076.175781
2841.190430
7141.215820
14612.591797
18362.226563
19967.154297
20192.218750
28100.107422
14607.180664
25435.357422
22228.218750
9017.244141
8445.314453
32305.156250
26662.277344
13578.103516
4382.279785
28323.027344
29378.261719
28007.125000
24943.259766
10817.331055
19864.998047
26716.195313
27375.076172
36622.136719
7546.172363
1751.263550
16321.223633
28705.248047
11923.241211
38714.292969
28049.039063
4639.164063
28302.238281
45248.441406
25472.105469
11652.045898
35168.312500
3371.146973
21807.107422
43332.566406
34659.187500
25572.380859
11844.214844
17298.005859
8470.196289
9059.121094
18215.437500
49639.207031
10295.114258
22583.123047
44252.121094
39098.246094
24976.164063
35132.250000
11056.174805
5635.193359
33538.375000
14775.221680
11493.262695
14313.253906
41388.191406
36151.160156
14334.069336
4408.168457
10303.137695
37123.230469
14644.124023
26906.654297
650.328979
13365.210938
7592.031250
11960.288086
19745.226563
24083.337891
38140.132813
11042.219727
2062.159180
22183.191406
7540.357910
34869.097656
21861.208984
1596.040405
6188.999512
3753.010010
35585.097656
10914.215820
28397.220703
12303.199219
14414.348633
1315.223633
20364.187500
34713.289063
20257.302734
12714.156250
17002.107422
38016.203125
9976.164063
20667.376953
22204.238281
25277.126953
28880.087891
14764.152344
26483.250000
27716.316406
13874.095703
5263.199219
10166.161133
30156.220703
18345.226563
10241.172852
25790.361328
60195.261719
21935.193359
10750.205078
10919.088867
30185.406250
22057.376953
30852.130859
32187.417969
15282.155273
27588.154297
3751.451172
2087.376221
6657.312500
11625.369141
31067.169922
6270.412598
22620.326172
2225.999756
45499.996094
6567.156738
15998.327148
21334.166016
26248.132813
34210.253906
9152.084961
9959.219727
23966.154297
20146.025391
15303.209961
17103.177734
32731.335938
27608.291016
19623.396484
43974.136719
11552.125977
9421.338867
25576.152344
24265.253906
8040.197266
38971.199219
12398.043945
38817.148438
10129.347656
15289.480469
18479.998047
10041.168945
52475.289063
21353.238281
15342.122070
28199.203125
9571.287109
42927.343750
41982.152344
1952.199707
9279.292969
9626.250977
45636.308594
26614.095703
23719.267578
20343.199219
34598.375000
52960.281250
21602.382813
11672.194336
16740.074219
23134.208984
11994.258789
24525.224609
12397.083984
12742.296875
37695.230469
13072.198242
8988.080078
9487.127930
18846.216797
5213.316895
27087.242188
12451.194336
37517.105469
18406.242188
2503.282959
35635.242188
31814.300781
1501.302612
29558.365234
9942.162109
3663.398926
14337.157227
12565.307617
29872.316406
7273.139160
16589.998047
24536.111328
31244.142578
9328.260742
23991.281250
21574.373047
22585.275391
3889.143066
10892.125000
20305.117188
39990.570313
29551.128906
8713.198242
6241.264648
9065.326172
32789.343750
24579.296875
45457.367188
4345.000000
41278.769531
9912.166992
8039.228516
19422.310547
35203.160156
22811.507813
34393.214844
28411.152344
12471.195313
52420.210938
8127.240234
20439.259766
5101.358887
7403.143555
3190.146484
14221.411133
23761.103516
12288.238281
23969.250000
19248.306641
38698.265625
33336.011719
26305.066406
13704.088867
36863.316406
10107.244141
23378.265625
3292.172852
41037.304688
13115.282227
19795.296875
27990.183594
9175.125000
27204.296875
27047.296875
8520.239258
24549.275391
3749.134766
47039.191406
12542.098633
28686.333984
7671.132813
25605.066406
5473.135742
31828.044922
27327.537109
24929.117188
680.231506
30827.324219
41034.253906
40564.406250
22496.267578
26351.279297
26786.222656
20606.208984
10715.142578
22828.308594
1789.146118
25371.091797
49488.058594
29156.363281
19860.236328
19828.115234
32748.345703
31696.384766
46789.464844
11551.213867
9295.296875
34623.125000
42512.148438
15890.148438
28680.220703
50643.511719
12196.305664
21906.300781
12805.113281
11923.096680
35832.242188
13949.301758
26040.212891
22923.285156
26032.679688
4095.372070
30363.482422
19274.162109
24795.216797
20098.302734
52614.195313
4048.275146
13193.999023
13236.146484
4212.174805
5014.071777
22485.132813
18563.148438
33106.316406
28783.232422
48874.308594
16574.201172
15001.181641
64519.863281
21303.263672
623.426453
8900.301758
24196.304688
15749.106445
26864.347656
25825.298828
12857.173828
16825.035156
26874.396484
24002.193359
10880.530273
9228.226563
16632.183594
42629.398438
7297.250977
34327.394531
36826.027344
9485.145508
19728.144531
3855.269287
13006.103516
8252.170898
23213.312500
26420.373047
28948.105469
11297.282227
6714.182617
31338.228516
29126.250000
7157.199707
32983.222656
435.352386
6449.162109
9387.999023
8420.999023
15984.290039
29485.195313
10957.102539
27368.177734
25322.355469
20214.189453
10973.190430
30687.347656
13638.306641
9154.230469
3817.176270
27666.015625
4190.203613
24742.287109
12932.382813
9225.165039
58600.289063
9350.186523
4428.245117
25585.287109
5651.211426
27222.300781
22154.183594
10431.309570
23528.103516
27106.187500
3689.355957
22211.150391
1927.281128
11711.172852
14319.186523
25314.169922
25495.300781
21708.425781
15342.191406
7029.089355
49317.085938
23257.281250
28915.218750
9753.316406
7864.417969
36932.421875
53651.269531
28473.234375
3734.213135
22129.156250
30535.396484
44122.683594
11983.052734
34566.320313
19134.125000
31877.263672
18675.287109
14717.274414
41045.144531
16310.182617
10486.023438
12397.238281
31346.226563
1647.194824
12385.098633
19438.613281
6849.201660
14475.025391
2172.350830
30597.291016
4967.375977
35202.308594
25844.220703
2317.188965
1583.239258
26450.339844
28700.380859
28257.121094
11480.145508
5409.338867
18785.140625
43901.339844
25231.164063
47266.328125
27742.343750
40570.191406
3723.320557
12222.254883
10311.126953
16250.178711
40446.156250
32144.148438
12269.577148
25487.148438
63909.503906
13680.199219
44602.269531
23296.298828
10484.285156
2644.230957
4268.388672
9488.125000
9111.146484
45781.203125
32855.492188
27399.125000
5021.173340
2072.253418
46524.199219
1124.184692
15147.263672
12603.127930
25368.429688
14978.332031
7768.229004
26602.126953
32483.199219
1544.128052
41541.195313
50064.253906
10513.279297
10839.331055
23942.318359
21215.164063
25341.167969
18462.513672
34314.265625
1892.126099
29870.083984
18000.136719
23237.144531
28360.224609
22870.285156
37078.304688
24179.064453
11465.137695
29330.236328
17476.187500
23220.236328
32622.371094
84505.257813
10811.157227
28028.390625
11348.181641
33621.265625
24692.410156
31658.152344
71197.203125
10739.237305
14184.265625
23647.238281
31128.181641
10103.241211
33569.253906
5733.290527
33083.343750
30234.287109
23958.136719
20829.152344
2179.107178
40762.078125
3411.228760
19369.464844
1978.238281
29878.234375
22192.341797
35463.281250
17230.394531
11202.228516
32468.322266
16058.999023
9930.055664
9824.065430
10307.266602
17645.154297
35684.148438
11101.139648
27158.220703
2064.083740
24210.226563
25381.095703
50789.222656
34221.261719
23315.324219
2422.819092
7259.465332
18840.177734
14838.052734
11083.214844
1493.415161
24486.210938
24975.218750
24334.070313
32678.998047
8692.156250
8118.221191
23706.208984
7686.416504
3564.451660
24299.123047
20055.474609
4271.377441
20953.136719
12526.262695
22105.265625
9157.119141
8847.078125
22781.998047
28007.349609
22923.125000
27199.123047
42129.074219
32996.199219
27383.218750
25132.400391
22523.380859
20450.101563
11392.265625
9764.163086
3471.082520
828.215393
10967.243164
17979.126953
11612.129883
12040.182617
40586.183594
17259.107422
10905.311523
11158.294922
4403.380371
35211.453125
24842.232422
10017.086914
8560.005859
44413.257813
26143.128906
4777.183105
10201.257813
45185.441406
23451.308594
29522.171875
4524.326172
37786.214844
9186.214844
37942.335938
28222.160156
22893.087891
40754.113281
51101.203125
17914.302734
9234.250977
22349.312500
8202.189453
20807.117188
42863.199219
8727.253906
4173.357422
2678.279541
14687.121094
60220.148438
20504.287109
52595.218750
44983.222656
22825.193359
11894.284180
55411.277344
42029.996094
2120.270264
2679.319580
27673.136719
47066.257813
32677.111328
17279.388672
20349.244141
36754.242188
28089.070313
9498.130859
6014.346680
32606.281250
9638.120117
9607.325195
20498.136719
24503.371094
33256.140625
37428.226563
98408.703125
5669.202148
20077.064453
27534.287109
2831.164551
30216.062500
37553.257813
13768.195313
20218.148438
45446.355469
11394.282227
22635.193359
15783.080078
9533.398438
46098.265625
15635.399414
6577.258301
8328.284180
42366.347656
22549.181641
28532.156250
25257.242188
3948.273193
36075.253906
24752.261719
9677.197266
38607.296875
30584.199219
24874.097656
11845.183594
6207.261230
9100.208008
43256.324219
3861.156250
15780.059570
7772.393066
26734.107422
8421.151367
7408.606934
12705.430664
7472.363281
37406.226563
33449.183594
34352.250000
48727.300781
2880.171875
35151.210938
38165.246094
39045.343750
29278.460938
25103.080078
52241.265625
21531.050781
27594.294922
3257.316650
28663.226563
25621.257813
8815.182617
17840.283203
8871.210938
29531.144531
40488.085938
25902.210938
18341.195313
10386.106445
31839.117188
36643.097656
16354.226563
27453.060547
30771.361328
33315.222656
19275.181641
10856.157227
63530.296875
13426.196289
11283.141602
36690.250000
30175.181641
9709.198242
12216.434570
34487.183594
14790.254883
5165.366699
23597.361328
5794.255371
28075.234375
21141.222656
17937.285156
10064.046875
39610.519531
34928.218750
29216.189453
37566.101563
3233.046143
13434.576172
23430.181641
14538.254883
24024.306641
19237.746094
37879.230469
28823.171875
47788.429688
21231.251953
5683.101074
28895.388672
18981.203125
5907.263184
69548.781250
1928.170044
2702.133301
43586.175781
3745.099121
4490.465820
12892.223633
28677.107422
27603.394531
6505.165527
24679.349609
35796.152344
5504.157227
42721.179688
27549.003906
61349.500000
7117.212891
13201.157227
24740.361328
2930.390625
18913.365234
7887.775879
26283.187500
22130.109375
40452.222656
35180.148438
19908.349609
23554.113281
27665.275391
11392.134766
11530.163086
16507.113281
34683.210938
12730.273438
35077.175781
27708.203125
11533.116211
17751.160156
15738.129883
20745.230469
5159.375000
32218.253906
51122.312500
4211.096680
1608.137329
23920.160156
13538.624023
11710.237305
29831.015625
11215.050781
22605.441406
29246.230469
19841.220703
24586.080078
23491.318359
40793.234375
31537.080078
26063.255859
10794.187500
24549.228516
28172.136719
9044.094727
13100.282227
42366.218750
8515.078125
21664.162109
8416.024414
22644.285156
36000.382813
8539.362305
25632.265625
15846.022461
24705.234375
23158.208984
10377.054688
28999.365234
17125.167969
7175.195801
8287.073242
23743.222656
42497.273438
9841.168945
10338.134766
35504.214844
9096.165039
45202.343750
12067.270508
42785.148438
18309.166016
31065.117188
30463.267578
22467.189453
3645.433105
23925.011719
20481.292969
26261.279297
11912.118164
28984.005859
42029.542969
10859.190430
29908.310547
20086.337891
22134.277344
7397.095703
8684.145508
23053.302734
56667.359375
9561.203125
2091.150391
47135.179688
30527.082031
34385.355469
33531.121094
47499.273438
50892.277344
24400.263672
26084.187500
34639.472656
29357.339844
33649.335938
40648.308594
18675.279297
31405.224609
9403.371094
31248.250000
24795.015625
55252.167969
9934.196289
7790.220703
13418.598633
11605.191406
24101.150391
78732.585938
9676.061523
25403.337891
2119.327393
12552.060547
12575.234375
13802.335938
34717.136719
17975.410156
26354.162109
7694.193359
21130.121094
35943.332031
32509.314453
22230.148438
7506.491699
24246.316406
40645.078125
9998.233398
25604.228516
2048.393799
1028.206055
17619.273438
1881.442017
26057.195313
24727.259766
25229.091797
27165.150391
33542.156250
43677.531250
5971.199707
31697.435547
44931.191406
21370.140625
13694.463867
22272.216797
9630.081055
42361.214844
16770.250000
21847.253906
19950.115234
31398.257813
13565.184570
29191.216797
12503.277344
9397.230469
9213.142578
8586.205078
25686.263672
25332.125000
19627.353516
28531.183594
12798.079102
18297.148438
34890.167969
46180.457031
40260.089844
28925.279297
10944.707031
12437.208984
4362.300293
38373.328125
25401.326172
31629.205078
38466.472656
2889.437988
24967.285156
32893.382813
13027.082031
30988.281250
22016.230469
5459.057129
27258.232422
25170.230469
9818.221680
35299.230469
10947.176758
41164.003906
8625.221680
14467.228516
26502.341797
21084.017578
26303.339844
17622.107422
25883.103516
1880.226563
19479.169922
8738.288086
17235.134766
21489.341797
25255.302734
28116.251953
11777.206055
5943.598633
37244.378906
37852.210938
20239.074219
14122.249023
11112.132813
22064.335938
25085.070313
30360.154297
9532.353516
23610.148438
39895.320313
4459.332031
10513.274414
20567.167969
28235.275391
967.337708
33399.183594
16570.220703
41911.390625
25569.138672
5588.345703
36684.230469
50718.210938
33787.128906
32976.191406
45860.273438
8790.387695
11841.075195
33814.230469
59446.171875
44799.156250
10832.204102
28583.251953
13547.365234
12892.349609
34927.183594
27236.226563
9482.106445
11259.050781
10657.563477
23099.361328
37104.148438
17421.138672
1477.282593
14511.132813
7751.154297
14494.086914
34299.179688
46653.511719
39357.210938
25951.238281
47556.230469
1873.005737
25748.123047
19263.195313
66162.390625
2922.512207
28180.179688
24843.259766
27573.171875
25241.146484
8239.170898
9029.227539
29303.132813
60863.441406
17809.166016
15142.227539
7570.048340
7021.130371
26961.142578
26615.078125
3162.310791
11786.013672
13196.305664
10607.313477
2782.286865
30849.263672
14796.304688
9621.000977
28537.078125
11756.108398
39708.386719
1513.357178
12452.292969
39177.167969
52161.234375
22800.074219
25045.171875
23049.388672
51015.296875
17185.412109
8638.261719
27899.199219
31425.339844
55084.277344
52776.472656
35776.339844
3936.210205
21894.351563
25412.201172
15857.204102
38363.175781
47289.277344
22485.150391
9979.094727
34703.242188
10418.069336
5940.123535
21498.378906
10793.151367
3556.249756
21553.328125
9516.136719
11263.119141
30126.261719
34980.148438
2270.299072
36541.554688
29539.423828
28513.126953
38999.382813
19134.140625
1825.096924
32949.308594
5797.285645
9507.237305
19147.191406
17028.474609
23234.226563
7816.190430
9102.249023
25020.349609
11556.324219
3396.179688
37174.312500
38310.207031
37976.257813
73353.468750
29755.132813
8723.333984
37235.417969
5296.307129
60883.378906
46241.406250
11180.107422
37577.246094
24907.328125
9334.223633
21170.527344
24880.250000
29293.250000
10007.176758
26558.306641
1341.213379
40236.343750
14970.298828
5807.121582
21111.712891
26336.419922
7592.204102
8004.141602
42724.398438
8603.166016
10760.207031
12214.238281
56136.207031
26371.255859
17237.177734
5290.343262
11449.173828
11773.314453
8335.412109
6568.333008
27020.416016
43667.183594
10104.194336
2133.573486
10746.302734
43790.234375
9677.113281
4477.086426
41386.492188
2475.046143
4535.113770
12964.223633
46521.351563
26582.304688
19382.218750
23771.396484
32001.400391
20348.208984
9178.999023
13101.206055
38677.070313
41591.210938
9541.333984
26363.353516
3814.325439
11938.208984
2152.467773
7733.278320
8159.048340
22723.236328
50795.523438
17913.156250
18199.085938
43896.445313
22569.349609
9440.999023
39500.414063
23786.998047
12961.999023
21092.300781
9821.194336
43566.191406
11299.291016
7653.335449
18433.324219
15651.999023
13849.014648
875.192993
73421.281250
15282.170898
29073.117188
21559.382813
14020.197266
24893.333984
20887.150391
4173.211426
3488.173828
23757.083984
1847.156860
11917.087891
27220.103516
42317.414063
20198.154297
1631.353271
25909.148438
33513.019531
13175.226563
11238.253906
34223.308594
23055.279297
15944.223633
36753.421875
7998.109375
52726.195313
28753.292969
11677.312500
14189.467773
43933.179688
37535.339844
30046.199219
13032.162109
11244.343750
41620.117188
32511.167969
61004.378906
15930.238281
10851.061523
31445.468750
2242.240234
1769.586304
3844.314209
10471.180664
23973.058594
9108.263672
3028.122070
17291.332031
11050.134766
30264.246094
8562.184570
2657.302490
7056.334961
24372.998047
15781.130859
32996.222656
33390.234375
35332.449219
27508.173828
9105.515625
50093.265625
2646.348389
8940.447266
11467.198242
9499.016602
41682.328125
4634.999512
10610.245117
478.025787
26023.451172
14637.265625
24736.292969
25413.296875
13235.248047
31561.183594
20774.187500
29165.119141
35726.214844
43457.207031
4786.272461
52764.324219
29060.425781
3664.438965
25817.263672
15622.158203
34804.339844
16567.189453
26123.203125
25433.271484
15782.214844
5712.219238
51760.179688
19457.365234
8004.203613
23018.341797
10384.069336
40409.257813
27713.236328
40324.296875
25230.062500
11861.497070
12921.297852
6125.274414
22169.330078
9483.162109
20684.394531
21283.097656
19509.289063
28206.355469
4877.236816
3167.569092
11883.999023
12627.177734
39611.292969
22126.306641
12299.343750
8220.171875
8836.582031
36755.359375
28328.244141
27945.382813
34375.289063
26040.255859
34926.308594
24349.460938
20589.089844
39199.410156
26840.205078
29283.396484
32386.259766
4610.604004
9653.999023
20625.998047
20568.998047
11526.117188
11530.410156
31907.095703
10436.161133
11604.263672
2828.290771
42229.132813
8688.298828
24747.083984
4656.274902
9515.152344
4157.267090
30046.236328
3847.294189
69796.367188
3062.138672
7532.347656
5861.459473
34448.179688
41872.203125
22833.203125
21084.156250
24618.070313
50814.238281
23225.392578
37466.542969
15845.293945
1787.084717
22815.242188
13655.314453
26403.142578
32936.292969
19745.138672
7139.177734
6663.083008
28107.263672
12444.134766
31683.453125
9198.150391
21847.076172
11485.220703
38881.156250
5057.378906
11942.999023
23213.146484
32811.226563
16129.215820
10074.175781
25364.292969
19613.193359
12346.230469
22792.101563
3842.326416
10422.227539
8118.152832
12394.122070
29696.152344
15812.297852
39761.167969
12077.194336
4173.151367
28939.203125
25980.216797
49365.257813
11291.113281
25268.195313
23165.150391
18778.357422
82962.289063
3351.140137
9300.135742
10098.189453
37079.460938
4213.227051
25265.449219
29375.031250
27844.306641
17589.345703
2458.293701
23612.134766
28309.226563
28440.189453
24440.054688
30561.224609
23257.246094
31990.136719
34760.156250
11166.249023
30012.222656
41222.539063
23065.087891
1991.140259
12298.116211
26568.205078
8531.098633
10560.093750
25956.328125
30877.541016
7976.086426
27239.310547
6238.312500
10193.172852
18850.320313
15201.066406
23037.185547
4976.221680
14262.190430
20686.111328
37681.324219
8742.107422
5907.226074
30430.271484
25883.259766
14206.110352
9154.081055
8715.340820
12757.099609
32756.240234
11893.106445
2769.217285
26410.283203
38369.375000
24748.093750
9380.291016
34329.148438
40805.437500
13349.200195
24164.244141
24809.052734
31800.388672
21876.314453
41526.218750
26052.011719
43853.097656
11886.106445
11055.333008
22417.519531
14164.223633
12919.208984
10474.170898
9018.187500
13106.075195
23803.152344
29446.261719
10006.195313
34689.042969
20676.435547
23664.193359
24694.111328
35864.117188
4706.221680
32269.349609
20482.488281
8528.567383
26478.203125
9715.062500
20624.285156
3202.103027
17919.046875
21396.082031
16028.032227
4565.452148
26473.095703
7571.090332
5020.157715
8512.250000
16169.190430
24219.253906
36422.238281
6188.144043
34521.996094
61960.394531
7071.022949
56287.472656
15493.093750
3375.285889
16783.275391
1269.322632
6696.093750
18490.205078
15468.193359
48867.300781
32405.224609
10226.133789
16236.424805
38106.417969
2208.138672
28749.125000
10560.235352
26315.326172
46164.167969
36128.394531
30820.330078
14818.434570
14203.083008
43000.207031
11714.182617
23485.242188
11359.166016
3622.244385
7095.174316
27102.263672
26750.251953
2675.128418
31686.458984
13062.206055
61950.226563
37394.246094
21586.099609
4186.216797
25842.125000
12747.135742
23332.144531
23896.275391
15672.109375
22731.132813
6746.093262
10881.250000
7791.068359
14381.250977
26065.515625
13254.262695
29168.115234
6214.145020
9939.285156
46069.250000
10155.202148
25729.330078
22911.220703
8133.322754
20901.162109
24569.066406
30833.347656
9163.529297
37234.507813
15365.113281
5120.141113
13244.048828
10823.409180
30701.146484
31595.158203
28634.283203
19575.253906
10095.119141
9131.174805
37434.238281
30645.205078
23199.152344
26129.162109
3523.216309
21311.246094
1509.310913
48506.195313
10098.157227
25430.171875
18733.150391
3747.457520
36411.269531
10413.279297
24900.119141
19841.369141
47698.230469
21743.279297
15548.353516
34028.203125
3933.150391
15284.047852
13306.049805
7122.293457
7383.098633
23930.140625
24132.224609
19600.304688
24172.326172
2404.617432
5974.354004
18286.197266
25347.365234
10670.409180
23851.273438
9716.113281
12274.257813
4712.151367
11426.090820
3643.179688
5843.360352
51703.160156
18869.132813
21646.111328
9170.127930
12939.219727
9075.021484
25178.304688
15920.187500
5305.152832
4171.073730
7925.571289
28458.050781
28879.294922
24783.089844
39692.257813
38103.601563
13426.100586
38182.109375
12639.265625
29215.216797
29620.123047
22218.255859
54377.171875
5673.135742
10595.210938
36294.082031
2899.144043
9374.999023
7567.137207
10275.141602
1319.374756
47471.175781
17381.228516
14168.099609
13827.260742
28590.347656
34708.238281
4840.255859
5648.273438
10772.218750
8470.275391
26516.341797
10845.124023
10284.228516
11627.183594
11930.066406
30996.191406
9507.134766
4864.243164
4681.441406
43463.343750
6927.112305
10402.242188
49599.386719
22899.105469
20472.246094
17046.128906
27438.421875
5894.114258
31303.330078
1736.266968
10346.266602
50474.468750
31179.253906
20832.228516
27137.154297
10315.163086
17450.128906
5583.200684
33383.277344
6174.225098
33365.371094
7820.234863
4853.325684
10003.412109
5757.179688
28006.296875
20305.347656
3379.147949
39194.195313
27555.291016
32239.431641
44561.347656
9038.271484
14459.123047
10027.161133
38281.253906
28892.289063
51284.214844
12918.323242
7409.397949
7154.150391
18126.085938
11883.134766
2838.344971
8457.214844
1121.159790
12475.275391
2695.168457
66152.250000
28132.187500
23254.158203
40789.292969
12305.044922
54793.527344
24585.083984
11849.235352
7343.227051
37093.015625
42978.199219
32431.347656
29385.142578
33193.273438
8868.156250
9127.396484
29200.267578
9754.175781
54849.261719
40761.339844
27246.439453
7676.611816
43564.050781
21274.412109
28851.183594
5495.328613
19452.205078
1289.515137
34934.402344
26973.378906
28386.298828
8016.161133
11682.135742
24569.324219
22499.169922
20442.177734
26732.453125
7811.200684
19318.271484
41484.222656
10972.252930
17300.220703
14629.095703
11909.115234
1328.521484
9803.130859
33510.152344
25822.396484
2474.245117
56333.421875
20577.283203
34002.261719
27618.076172
33178.238281
31514.136719
22590.138672
34019.261719
7965.174316
17222.167969
31786.158203
15353.199219
21968.263672
7939.218262
42735.144531
41998.367188
19784.167969
24284.337891
5420.146484
8246.178711
7807.198730
8181.231934
24203.222656
3767.372559
4871.109863
9676.160156
6690.213867
23478.222656
41725.109375
10089.089844
11059.248047
20983.298828
869.229980
14469.439453
34040.160156
51482.339844
24073.080078
3004.263428
19267.210938
9147.326172
39252.222656
11747.107422
22685.167969
23678.158203
3416.411621
8564.111328
16014.197266
12165.170898
12598.189453
9292.275391
31342.400391
24692.445313
5138.231934
32510.185547
23857.474609
11491.039063
23483.414063
9349.159180
3656.194824
23846.066406
3093.182617
12085.067383
6594.333984
41617.304688
6232.232422
11062.082031
18087.232422
29806.181641
8684.359375
4715.275879
27869.289063
24724.285156
41158.476563
9618.296875
25565.228516
41880.355469
9051.248047
31559.222656
37058.238281
22504.128906
7414.261719
28352.154297
8029.054688
6652.314941
18648.255859
27738.361328
27729.248047
13400.396484
35297.382813
5724.398926
43272.339844
30916.189453
30108.460938
11722.367188
9282.715820
9485.177734
44944.335938
10031.069336
19369.267578
9744.520508
11625.193359
12565.084961
3037.213379
28908.187500
29070.257813
23777.125000
44600.507813
35901.292969
36645.500000
30294.242188
11560.380859
9847.180664
33974.167969
11054.143555
24553.234375
11182.278320
23757.216797
39913.277344
23638.166016
8782.013672
13890.283203
1623.160278
18849.152344
2010.292847
4909.081543
10303.199219
33074.101563
42384.359375
17461.080078
3093.227051
52275.171875
21409.371094
41447.492188
35931.218750
32947.285156
10148.147461
21167.246094
31276.058594
33631.285156
1220.206055
47584.359375
3951.074707
30381.244141
11149.013672
17112.166016
31767.119141
11257.008789
1954.205566
1598.362549
12481.287109
21931.263672
14748.148438
14508.055664
29339.384766
18890.328125
15995.209961
10762.298828
24437.203125
9535.041992
13559.343750
28138.187500
31032.187500
1206.064209
7267.118164
32300.361328
28352.259766
16458.099609
21288.208984
2418.033936
26065.214844
5476.240723
46038.410156
26406.164063
20986.064453
6964.176270
8448.215820
50403.164063
51238.574219
41988.238281
2408.147949
19004.154297
28541.244141
16385.210938
30923.248047
9463.243164
27681.113281
55757.468750
20517.302734
4701.333496
10101.195313
34074.117188
35334.210938
12176.171875
7227.293945
5593.214355
22907.208984
22544.998047
41328.996094
39828.316406
7757.999512
26650.998047
18062.082031
10821.059570
8077.048828
27765.062500
27141.195313
25880.158203
29321.130859
32872.132813
17594.050781
6619.046387
17253.197266
38704.304688
50942.546875
42380.183594
20512.289063
12039.155273
39812.312500
16576.267578
71589.328125
24037.181641
25683.134766
29071.240234
29689.332031
22730.187500
36922.394531
8509.276367
5358.339355
22793.191406
20378.240234
28603.119141
55275.222656
30105.248047
21676.277344
36068.433594
30611.392578
8742.319336
23195.154297
2987.468262
18601.310547
9811.108398
32428.193359
1538.149536
24150.083984
7266.272461
29008.406250
22780.146484
32289.505859
22646.494141
19897.564453
6054.086426
1362.169556
32104.376953
38444.351563
13273.249023
9859.117188
21502.109375
29984.224609
21603.125000
38939.082031
35735.632813
13541.319336
10166.268555
30370.361328
12527.108398
18258.308594
31767.308594
38511.289063
39761.199219
10339.679688
24514.089844
21230.142578
13318.212891
31381.160156
20509.226563
26811.236328
35452.234375
12592.163086
26047.142578
55862.238281
13838.289063
6898.220703
43647.093750
24227.189453
10421.207031
44991.250000
9094.125977
32235.162109
21077.154297
45041.156250
23457.177734
17926.132813
18703.388672
23547.156250
14662.147461
26591.369141
22070.148438
28717.171875
41794.593750
13733.166992
21449.164063
21682.261719
42715.140625
9444.072266
3756.338135
24129.076172
3449.202637
36763.394531
13083.291992
25019.117188
6656.121582
30412.199219
13279.153320
30065.222656
19093.175781
10137.075195
7523.092773
32683.166016
22814.279297
23520.269531
57315.292969
7524.031250
11912.999023
24546.089844
29583.283203
9449.367188
6396.095215
25495.113281
16714.148438
2570.372803
28773.169922
22507.253906
28455.335938
30607.027344
7489.236328
6611.118164
2379.496094
23278.218750
8925.139648
30191.265625
9947.349609
5730.115234
12079.207031
13215.999023
4568.999512
23654.998047
41647.089844
12295.166016
9446.131836
31819.125000
21549.248047
27004.162109
22027.212891
9345.204102
44228.281250
11809.081055
6282.190918
14060.170898
9158.088867
32442.179688
1421.114990
25025.230469
2059.352295
44479.316406
6991.107422
3739.310303
43647.074219
5184.124023
66098.492188
14967.160156
11018.316406
3446.225830
23546.167969
10802.169922
40247.300781
39002.996094
25600.998047
19858.197266
11065.195313
19980.224609
10447.169922
22601.283203
25698.228516
4156.351563
7719.167969
10741.196289
33763.132813
4250.303223
9821.082031
12791.177734
20028.205078
11586.227539
18945.603516
31063.177734
4890.298340
31345.560547
33972.234375
30939.402344
9504.321289
15361.358398
3151.237061
15930.155273
19382.349609
10765.089844
11061.171875
25466.304688
25332.203125
12550.440430
9582.163086
9445.198242
18300.289063
43963.230469
10866.161133
27039.140625
3391.130371
17028.234375
27755.199219
44166.230469
2753.348389
18722.470703
38636.312500
13438.308594
4545.214844
28732.033203
22891.236328
23495.078125
1120.045776
23374.292969
23055.130859
8207.298828
25160.998047
23254.078125
65567.109375
15485.224609
18623.212891
1911.248901
33945.187500
18330.316406
34369.074219
42957.292969
9955.205078
15306.261719
7869.179688
47961.273438
8043.017090
5008.452148
9594.178711
13752.176758
30664.384766
18629.220703
28071.242188
13099.142578
23551.351563
33543.199219
42737.167969
13109.211914
35749.210938
43042.996094
23860.109375
2551.367432
824.391846
26807.066406
26207.234375
8760.481445
14604.175781
31024.244141
18510.322266
9986.262695
39017.359375
14519.138672
25345.300781
27290.228516
34717.347656
24599.277344
14725.105469
40892.230469
27054.222656
25061.132813
2363.204590
25450.291016
1748.432251
51115.152344
9727.281250
46173.382813
15957.196289
25058.222656
42807.402344
20279.203125
38006.371094
36641.300781
10540.252930
14946.313477
15270.160156
20742.267578
17562.333984
19515.212891
23020.197266
6507.197266
35382.234375
27905.013672
22680.242188
21541.490234
20692.322266
49922.476563
42986.195313
22254.173828
56962.250000
3137.199219
9352.157227
21757.246094
18929.205078
10926.267578
9394.187500
30679.207031
8932.209961
6992.154785
2783.398438
38943.339844
30931.064453
3991.277588
4830.354980
24561.259766
35991.167969
62016.175781
22132.175781
20759.324219
29792.261719
40580.320313
24268.216797
6242.536621
17991.306641
2843.113281
15351.245117
37993.304688
21404.357422
1249.538086
22566.183594
3200.177246
898.208557
30019.333984
8412.350586
897.663818
5676.043457
25311.115234
29358.154297
20243.083984
50814.339844
20002.119141
6583.521484
6612.335938
2742.120117
7117.157227
23054.289063
32790.285156
20741.216797
9988.106445
26265.998047
33002.996094
27612.177734
16829.121094
34881.148438
73052.359375
20417.326172
13037.138672
4686.163086
6273.377930
28154.220703
11819.094727
16740.076172
11830.999023
9014.352539
32748.177734
50924.394531
19233.544922
21815.302734
25073.158203
22841.431641
29850.236328
30010.136719
30025.203125
5554.191895
4983.188477
3923.356445
31230.160156
14346.208008
36726.371094
36839.253906
26854.541016
26407.255859
59580.539063
14564.364258
1033.168091
28704.251953
2875.262939
16786.152344
9559.175781
21851.322266
36137.160156
24804.232422
25010.185547
1314.361572
25694.300781
25425.160156
10973.116211
10231.011719
35377.253906
56288.382813
25236.154297
20897.097656
8741.099609
10687.116211
27036.365234
10838.020508
29966.138672
1465.273804
4238.157715
7109.163086
4490.289551
34789.417969
28514.066406
12803.214844
12134.013672
24662.162109
8068.128418
28734.187500
47908.375000
20163.246094
29408.388672
5579.110352
24660.339844
23320.285156
34867.152344
12834.083008
26309.179688
8018.195313
5937.207520
21026.332031
4904.222168
10549.336914
9342.195313
33820.207031
5150.179688
23894.205078
33814.246094
19326.458984
26626.347656
13370.343750
16018.398438
1533.999878
20435.279297
9519.208008
24299.054688
10266.130859
29904.119141
28049.210938
21993.207031
31719.386719
2080.069580
9942.160156
10617.104492
10132.473633
22948.164063
10067.170898
27255.355469
3930.218506
6962.182129
22885.281250
88312.429688
12502.121094
26209.205078
28562.267578
35683.246094
5807.338867
1595.317261
18463.181641
4700.294434
33839.312500
14853.238281
53982.175781
5866.401367
21591.277344
28160.291016
2471.367920
12339.285156
9951.391602
2034.197754
24926.123047
30483.205078
15783.153320
39271.316406
11485.050781
21133.214844
4747.153320
21854.140625
45903.320313
4468.222656
21925.064453
34626.125000
25608.281250
35307.281250
11156.125000
38688.167969
23451.269531
36048.234375
12665.267578
28373.316406
28889.208984
34306.261719
7168.132813
40873.328125
31576.339844
28143.294922
19565.269531
41671.351563
14207.189453
13234.184570
10166.309570
42194.304688
12883.492188
32213.271484
6870.437012
33662.285156
14014.205078
8812.162109
12282.333008
30144.232422
23575.138672
9496.248047
63934.312500
28266.232422
33996.417969
5007.091309
25491.193359
52896.222656
21421.302734
17835.099609
14541.079102
27232.056641
2955.112793
26268.271484
19626.185547
47610.222656
43427.484375
37003.312500
19480.013672
32783.238281
3275.155273
9843.035156
11172.094727
39740.066406
41903.429688
9792.247070
20567.093750
9634.276367
58587.304688
41768.335938
5846.159668
40311.222656
8618.191406
11093.351563
7433.111816
4789.238281
43295.261719
30044.236328
19091.261719
3141.279541
10289.093750
7786.253906
26723.121094
4429.328613
28949.273438
9604.172852
2517.104248
32223.144531
34367.175781
31494.230469
38460.226563
13731.105469
24688.039063
25265.236328
12823.184570
26514.087891
29499.189453
26550.322266
12227.215820
60384.265625
43058.347656
33829.171875
40012.304688
24900.242188
12645.089844
23672.171875
40313.269531
19497.220703
5263.083496
25627.111328
35368.226563
7732.235840
13077.220703
21743.248047
33233.234375
31026.330078
6025.188477
13188.277344
30933.453125
5296.369629
14053.361328
9639.155273
13599.230469
7258.114746
9943.193359
45615.218750
5202.630859
30324.189453
14137.375000
1019.224609
42844.351563
17929.015625
25879.195313
4241.330566
47311.296875
6053.176270
9646.188477
8631.291992
9931.094727
25519.320313
16624.300781
8642.092773
6483.119141
54671.996094
20783.125000
27617.470703
17983.130859
33342.562500
32857.511719
41264.156250
41294.253906
426.999969
31260.203125
11963.178711
43667.109375
2262.278564
9708.302734
33718.164063
33549.296875
17428.482422
28615.265625
31092.298828
10983.516602
8779.298828
2470.056885
32602.238281
5348.188477
14281.110352
13369.249023
49289.101563
16550.464844
26900.193359
4172.249023
2551.106689
13202.194336
42917.289063
12386.246094
35142.082031
4934.313965
20669.224609
60994.230469
21435.376953
33718.261719
70151.421875
9260.133789
21740.218750
23250.265625
28861.173828
34661.128906
19859.160156
22109.175781
37206.105469
5156.498535
21800.154297
8347.142578
2580.135254
23315.166016
52722.113281
25450.210938
18572.212891
12968.121094
48828.285156
19943.185547
18984.521484
27676.259766
9416.181641
49205.261719
33550.699219
13311.066406
31708.351563
25082.257813
32312.238281
47481.335938
3641.295654
50165.550781
6056.176270
2518.065674
11642.061523
9777.365234
6134.352539
4380.285645
24263.373047
41478.382813
8518.261719
37548.117188
29785.207031
2056.369385
7808.471191
73090.414063
71882.750000
13963.234375
6016.109375
1459.101807
15450.098633
35768.136719
35735.339844
11419.194336
23043.152344
35546.203125
34945.289063
1644.325439
21896.998047
40142.195313
23314.041016
10028.022461
26467.242188
37322.562500
31984.322266
21951.228516
12753.144531
23403.386719
30120.197266
45628.234375
22096.232422
5007.159668
21148.171875
22408.355469
12648.140625
22818.101563
6729.135254
16815.152344
25929.380859
7048.153809
2099.196777
28327.281250
12815.115234
17907.160156
21968.115234
24503.998047
9819.999023
9084.999023
58533.101563
13236.221680
30620.119141
7750.111816
31376.308594
26970.576172
11853.040039
39215.207031
13028.214844
29866.322266
6481.189941
26429.115234
45349.230469
24066.207031
10074.195313
5357.395020
30245.136719
19155.294922
29467.183594
49329.125000
7462.173828
30013.101563
11853.181641
19257.636719
24341.292969
38536.226563
1231.219238
7886.226074
11654.143555
24029.285156
30976.244141
15135.205078
6054.254883
11651.372070
24958.183594
23126.300781
21782.396484
12323.249023
6339.137207
26281.433594
30553.287109
47546.289063
9176.136719
9379.165039
14993.177734
1227.263672
31347.103516
49526.238281
25221.259766
23351.998047
1962.999878
8190.133301
2047.403442
28602.330078
6814.287109
11637.257813
40730.203125
20619.384766
21302.181641
54221.167969
30246.222656
26613.267578
17139.351563
28100.283203
22004.998047
26065.179688
37287.371094
11726.129883
12896.303711
6375.095215
55233.082031
38743.464844
15053.183594
11981.999023
28669.406250
3785.083984
39984.320313
11708.196289
14813.174805
4267.405762
12144.133789
35400.207031
38915.226563
28308.070313
26418.187500
2616.297607
32311.242188
11972.105469
10372.216797
11530.259766
22021.712891
28321.195313
2981.372803
3697.266846
32150.242188
39405.250000
12403.215820
22950.070313
8797.166992
1879.038818
11172.369141
11635.132813
37658.464844
9240.434570
21156.134766
7732.312500
4556.083496
1756.251343
24182.353516
40165.234375
20845.189453
23980.115234
13432.159180
32017.343750
35748.261719
3352.289307
21732.121094
20397.193359
11462.248047
1932.272339
9492.073242
7837.999512
25872.031250
25768.089844
27549.072266
3948.095215
5501.189453
41083.207031
11717.151367
30505.191406
46654.539063
35233.195313
45480.234375
10692.247070
43152.335938
10993.130859
27141.240234
10561.248047
6433.191406
35713.500000
27355.066406
16847.134766
35814.324219
36689.378906
16143.547852
42076.425781
30881.177734
16026.245117
12635.243164
11264.306641
25231.236328
38198.996094
11472.188477
2132.354736
4894.143066
18050.154297
15385.251953
11989.125977
36206.226563
19091.064453
15988.140625
56837.332031
33163.238281
25799.232422
12207.320313
28286.240234
23514.132813
8222.141602
12199.166016
44457.593750
20766.281250
41669.304688
27955.216797
8640.116211
10236.249023
35093.355469
40915.203125
46550.332031
22433.279297
2575.115723
7087.484863
2537.303467
1867.306519
1931.467285
18151.314453
18060.111328
11873.225586
24092.277344
8890.049805
28541.500000
39506.695313
4508.242188
18202.105469
48493.230469
19060.152344
24928.128906
4112.460449
33647.207031
30301.011719
25474.244141
6078.100098
14188.257813
32963.234375
56761.363281
3225.239014
16946.210938
20118.316406
35093.199219
12582.164063
2356.193848
32780.285156
28150.298828
8674.250000
9804.302734
37571.332031
4740.310059
11180.289063
2149.351318
15323.266602
11171.278320
17928.228516
11445.148438
11298.176758
14756.543945
2757.329346
28975.287109
13563.113281
27770.332031
13382.363281
30958.150391
12987.999023
7275.101563
6851.276367
8231.140625
9175.143555
32588.416016
28983.373047
6550.117676
39131.175781
12155.208984
5672.148926
6402.128418
4199.337402
6232.225098
30762.097656
10487.178711
10685.357422
33761.160156
12946.267578
31948.166016
80455.210938
21752.054688
2214.445801
2211.102295
1545.331787
7384.140625
4146.197266
24011.537109
10398.349609
25169.414063
31836.417969
24175.160156
12483.999023
9313.067383
8527.155273
17439.226563
11229.108398
2063.186035
13608.231445
37626.316406
61163.722656
20382.156250
1057.081299
11761.201172
3330.121094
12470.184570
31697.232422
33635.039063
4711.324219
24850.468750
33838.125000
12239.086914
5035.146973
23367.130859
32023.130859
23771.111328
13270.252930
13248.105469
11188.999023
12604.041992
22867.119141
14850.241211
37992.246094
32516.136719
27692.496094
7554.067871
37645.257813
4846.471191
25644.414063
16787.261719
13510.123047
25386.509766
25847.212891
31241.013672
32940.207031
10135.244141
10893.259766
31338.195313
24117.269531
7096.147949
30584.324219
26464.158203
5343.572266
12454.410156
6810.179199
22608.333984
40853.355469
22275.248047
38901.593750
4554.383789
14573.046875
16032.163086
23300.304688
34598.355469
21030.197266
27016.291016
22229.259766
32035.185547
51455.285156
25595.310547
44473.496094
11661.134766
23185.261719
28402.156250
43649.289063
22233.105469
21939.388672
13432.083008
45254.339844
25245.128906
2039.164673
7179.257324
24021.224609
27561.300781
1692.131958
20824.267578
42822.324219
11817.005859
7762.071777
12229.266602
10559.213867
4658.404297
33810.171875
29023.208984
7596.308105
27953.160156
12789.177734
33453.417969
10548.186523
12599.320313
6577.255859
12011.362305
17590.199219
4842.273926
30417.205078
42044.257813
5959.180176
8172.064941
7739.041016
26173.271484
17134.210938
7635.400879
24217.066406
11132.180664
29675.201172
7941.187012
31682.310547
34295.230469
23274.226563
3211.256104
792.143250
486.198364
8783.224609
9878.205078
31517.140625
3743.999756
44805.132813
2815.398438
13415.194336
12269.170898
20544.236328
3905.428711
35622.707031
26132.302734
16163.371094
2067.149414
1082.138794
31778.251953
1250.045776
3071.579834
10342.216797
9726.026367
3923.201172
7212.260742
11421.329102
9338.031250
21900.419922
14686.338867
10987.078125
30513.238281
22947.205078
28220.251953
43892.125000
28489.310547
50017.281250
22999.197266
10177.282227
9792.172852
5688.351074
27306.308594
16622.390625
13794.098633
10599.543945
13251.163086
10282.147461
33463.140625
22856.246094
3223.093750
30612.332031
25092.275391
22821.099609
61786.273438
26931.246094
8135.351074
7966.058594
22429.162109
20883.214844
3049.312256
33168.257813
4076.245361
48363.316406
17881.464844
32190.373047
27698.164063
12845.140625
3145.080811
39726.210938
35271.183594
19971.140625
37587.171875
1634.999878
9310.999023
13514.201172
44883.117188
26552.218750
7444.083984
5869.023926
38789.218750
13594.180664
12590.287109
25014.302734
30833.228516
19952.277344
10078.224609
9506.021484
3564.207031
14255.217773
39115.394531
15530.211914
23076.066406
10076.111328
1674.106201
9445.999023
64666.996094
9703.053711
32379.238281
21550.339844
32936.214844
34717.570313
19103.496094
53618.265625
1943.486328
21419.382813
24401.322266
5693.358887
21061.308594
31057.148438
5275.197266
58928.375000
11216.206055
8688.229492
9548.255859
5307.206543
36452.281250
7014.271973
19085.289063
28589.291016
9515.128906
42876.410156
10921.999023
42312.199219
31348.394531
12602.197266
16465.140625
15590.245117
4851.148926
31331.232422
22305.173828
11825.364258
13579.149414
29490.218750
13300.348633
25492.341797
26045.103516
21853.208984
11055.308594
39319.273438
10370.154297
6034.999512
23749.134766
41839.300781
47961.222656
63384.269531
30645.345703
8799.267578
29774.218750
11074.187500
13622.087891
8125.136719
55979.175781
19471.246094
35013.355469
16038.120117
18868.044922
13298.121094
29853.037109
30073.072266
25795.195313
8219.154297
24876.171875
3657.141113
45176.289063
26887.330078
39771.414063
4875.194824
36061.312500
32518.339844
42021.187500
9116.229492
10779.242188
7597.271973
26569.109375
8879.209961
9036.212891
39599.308594
9760.254883
24136.115234
27570.433594
15008.095703
20313.164063
31821.412109
12395.253906
14266.161133
50745.265625
23569.093750
38230.281250
10856.282227
10497.201172
18024.226563
14940.107422
37239.113281
9153.096680
35207.207031
21880.208984
37617.148438
32448.283203
34161.152344
18806.326172
31746.492188
6435.250488
22263.128906
5843.266602
33711.078125
26358.105469
33531.183594
10027.250977
4846.261719
12306.200195
1973.174316
27299.550781
30126.298828
13804.292969
30400.210938
17630.152344
14539.158203
16074.339844
23819.091797
23258.130859
25681.046875
27390.085938
6889.365234
3920.167969
33498.222656
23255.373047
26855.138672
5939.158203
34603.023438
42258.695313
1275.138306
17555.339844
34872.128906
49011.152344
4336.204590
25030.324219
24234.166016
6705.335449
7612.163574
12366.155273
51315.199219
23848.253906
1927.357178
16698.255859
23886.226563
20876.021484
3389.511475
10754.272461
9812.155273
27854.367188
45321.207031
22481.212891
13730.290039
27769.386719
32379.291016
17938.417969
12923.207031
37779.292969
11825.161133
28409.384766
27036.253906
26686.179688
19568.148438
29415.257813
13333.204102
28097.212891
26951.285156
19440.093750
59188.312500
6755.739258
4076.169434
32821.273438
14320.309570
42502.300781
5555.164063
25530.201172
52021.410156
29645.144531
16507.320313
27750.261719
1193.221191
8990.205078
25572.519531
28301.525391
13769.370117
22219.224609
4582.139160
4866.268555
20861.330078
34761.238281
31148.066406
53050.156250
10168.573242
19537.314453
1432.246094
2860.349365
10002.158203
19385.279297
13651.627930
26359.255859
15201.159180
13167.221680
1820.253784
52556.304688
44183.289063
19978.373047
12629.165039
32915.164063
21811.097656
8103.363281
35232.097656
22540.445313
7908.297852
13303.343750
20367.208984
37478.328125
33825.453125
4356.159668
36945.304688
21373.074219
25324.138672
25684.281250
54817.335938
13398.223633
7393.222656
8067.059082
9622.227539
10401.142578
18913.167969
12190.140625
12312.386719
4629.362305
35486.328125
22847.164063
4897.480469
57017.312500
7686.139648
2750.489258
17913.113281
11436.083008
6391.145996
34009.093750
5428.278320
9913.236328
14918.116211
29252.246094
8665.266602
9091.147461
2547.236328
22950.179688
27326.167969
34715.718750
22022.210938
69332.265625
17692.353516
20841.062500
11552.075195
901.342590
22580.097656
27693.203125
6796.162109
31717.332031
28642.287109
13233.392578
12150.144531
21545.199219
31102.373047
18651.185547
44424.136719
18464.214844
2014.443481
4810.126953
41020.058594
19179.289063
19705.134766
24016.132813
3700.120117
13490.426758
12595.215820
51728.378906
5945.460449
25117.328125
33765.210938
29411.564453
20398.201172
31921.351563
29591.236328
13003.184570
38464.230469
5977.226563
10840.066406
9342.347656
85869.742188
25697.140625
20121.156250
16071.285156
24308.222656
40645.191406
32441.222656
3128.029541
29672.082031
26511.035156
33147.187500
7355.185059
8284.410156
8076.285156
9991.225586
22900.173828
20035.212891
9516.082031
7889.115723
27639.246094
27758.605469
30750.152344
27208.253906
19551.150391
22873.169922
2532.112061
19128.259766
25964.187500
33600.164063
23555.242188
11826.999023
11503.138672
37347.542969
20519.328125
9258.391602
29694.099609
13886.346680
4586.245605
24976.386719
29879.402344
20996.357422
16220.079102
12569.172852
12047.076172
31046.519531
6460.279297
20469.294922
20902.117188
18919.199219
10150.358398
22532.208984
42302.457031
9241.999023
8377.999023
28977.003906
42825.007813
25047.117188
15806.472656
10573.207031
2871.170898
30737.376953
10653.132813
23656.142578
28822.998047
3830.164551
1859.049072
20436.285156
22302.259766
1636.303101
23653.113281
11475.041992
16079.174805
38570.367188
3025.196777
34180.109375
11087.178711
14063.366211
7113.181152
43258.324219
22132.355469
13041.262695
30445.253906
11369.262695
6614.256348
13319.173828
7890.168457
11828.142578
46111.082031
18677.316406
14187.096680
25799.203125
11936.234375
24530.242188
2094.171387
25303.150391
8030.103027
18196.291016
5138.139160
26322.220703
31908.253906
8329.113281
27530.179688
33752.296875
6362.254395
5449.427734
7953.238770
25595.285156
15543.091797
10909.601563
31147.509766
10341.149414
59646.257813
33240.386719
39663.117188
26339.181641
16297.999023
29936.998047
24780.335938
40273.519531
22151.132813
26633.154297
54325.332031
26142.289063
13132.138672
13723.359375
47873.523438
32091.158203
26982.251953
23739.218750
27199.277344
38741.996094
55823.253906
8348.177734
5198.239258
5896.107910
42383.214844
6550.325195
13022.298828
6101.207031
14273.200195
5314.253418
1781.208008
21234.179688
18784.173828
36505.582031
16903.240234
10401.217773
28697.080078
32994.089844
13689.206055
36790.328125
39980.160156
14840.209961
13936.294922
3112.189453
3227.328857
41229.164063
18885.300781
910.151062
30587.398438
8885.126953
3588.490234
10621.090820
29059.275391
35731.246094
8037.371094
31265.339844
52191.433594
11442.290039
9036.147461
26469.248047
21341.142578
32558.130859
23115.154297
8457.110352
10507.100586
32337.554688
4755.192871
12774.150391
35404.187500
32013.552734
24978.175781
23989.185547
12368.151367
53652.089844
12574.253906
3127.284912
28312.587891
13389.114258
9132.333008
6666.252441
23081.193359
23481.119141
14991.125000
27346.212891
15577.450195
17980.189453
25542.183594
9725.282227
1878.086182
9641.127930
19504.164063
43212.343750
6542.036133
11555.254883
25893.257813
36836.332031
1376.147583
47107.148438
11392.213867
34051.253906
42709.242188
12686.166016
18907.275391
17974.173828
17707.207031
3576.160645
18483.052734
19025.484375
9951.196289
9526.106445
9956.160156
52386.199219
35617.316406
6557.081543
20540.171875
11045.058594
25448.371094
24746.250000
31901.220703
57413.191406
36117.449219
13014.096680
23965.363281
11329.247070
41250.292969
21219.339844
9932.168945
11824.054688
2077.391357
6683.138184
30838.101563
8392.213867
19737.160156
8488.178711
23577.248047
53544.203125
37435.996094
20938.998047
21937.275391
40075.210938
2421.213867
36248.300781
2524.142578
3484.423340
10262.250000
49085.164063
46736.136719
5719.112305
23534.175781
12882.246094
11658.106445
20451.998047
12159.999023
8088.999512
948.078430
21461.158203
19751.265625
12996.094727
26363.296875
19099.322266
47450.410156
10431.115234
6484.156250
32685.197266
15998.337891
30146.291016
5382.389648
32845.296875
60290.156250
28060.238281
23986.248047
22156.328125
46523.253906
44831.148438
30183.302734
10820.091797
39645.191406
22739.232422
9943.375000
32516.283203
10862.253906
23297.312500
8752.165039
9199.152344
8107.422852
13220.104492
32131.417969
22788.445313
31766.339844
9980.134766
2696.276123
55587.726563
24232.255859
28545.177734
20860.248047
41461.167969
14878.130859
29873.154297
6412.483887
11382.243164
33498.113281
25775.144531
48271.230469
47751.539063
11113.247070
5268.306152
21781.105469
17008.998047
34273.171875
13229.999023
13286.999023
22600.261719
38029.296875
2141.156250
35496.199219
11800.497070
9280.150391
11510.334961
35021.621094
27951.390625
14406.208984
24970.125000
29939.283203
6954.216797
1595.545288
31329.037109
12645.267578
44682.441406
11585.999023
11706.115234
2095.206055
10717.112305
12773.196289
2352.176758
2779.148926
8302.431641
11449.125977
1616.120239
21205.150391
10681.125977
16472.269531
3251.251221
11509.232422
30098.261719
9246.999023
25888.130859
73763.078125
9576.312500
17505.201172
28106.335938
50230.214844
1907.256714
27836.261719
7007.279297
22143.312500
9791.999023
5413.148438
21575.166016
13356.361328
4180.114258
23437.341797
18621.511719
27086.394531
20801.175781
27189.355469
8268.115234
24368.070313
26252.089844
34325.277344
32281.175781
10817.151367
21463.052734
18124.218750
11283.181641
56155.468750
29656.455078
44928.226563
13101.177734
21536.126953
11513.199219
16767.341797
29570.275391
22973.523438
9412.096680
21723.205078
40390.488281
5075.333496
7828.086914
25428.271484
28412.224609
9358.168945
24711.998047
33484.335938
14556.207031
11962.185547
47264.507813
33348.332031
45865.261719
44849.308594
23114.246094
38286.230469
14663.306641
11756.045898
8461.268555
9593.595703
20544.337891
6024.358887
11798.145508
11352.309570
21595.232422
25669.187500
24414.230469
2814.765137
25459.162109
42753.203125
3747.371582
6941.117188
24435.103516
7716.107910
27115.121094
3114.336670
34456.222656
26715.275391
41248.281250
22611.324219
12339.124023
60300.460938
21594.214844
21975.337891
32641.109375
16848.373047
8083.365234
31053.109375
48465.160156
22340.167969
25691.195313
10722.230469
24096.169922
52233.199219
24428.265625
43945.253906
42303.269531
23152.322266
2322.237305
5798.373535
20499.132813
30112.183594
11460.282227
11210.245117
33219.238281
43694.281250
31400.548828
50512.195313
9880.139648
10929.250000
10110.127930
22758.378906
26544.101563
20430.126953
21536.367188
12666.186523
31274.128906
22237.312500
38453.296875
36018.144531
14557.125977
13361.537109
26793.208984
29389.199219
21349.347656
22206.230469
26977.064453
26798.236328
2763.203613
16065.073242
22461.390625
29882.128906
2610.293213
25772.134766
6744.297852
5136.257813
35048.207031
30718.333984
5488.240234
42198.195313
35639.402344
21492.001953
6621.380859
22099.048828
12270.171875
27010.244141
23307.148438
27031.343750
9509.265625
24933.318359
25551.238281
10330.149414
11064.237305
2387.336670
31049.273438
9450.352539
10456.019531
50742.199219
36569.394531
21255.236328
32626.404297
40189.160156
27183.185547
13674.188477
10543.458984
16894.187500
7522.263672
23217.261719
31395.693359
15722.189453
26195.042969
32249.267578
7744.332520
35441.253906
23164.226563
23037.269531
32262.142578
23199.148438
37850.097656
13012.216797
27416.328125
39278.199219
13102.384766
36240.148438
19045.296875
26028.404297
34216.226563
62170.179688
27362.183594
21407.378906
5546.151855
13008.317383
23160.140625
22685.185547
7740.154297
24922.392578
38998.312500
4392.449219
4164.208984
13508.241211
25549.126953
5436.142090
18324.076172
31924.390625
36566.195313
26387.267578
18262.246094
9395.146484
3747.363281
22651.275391
38607.261719
14455.196289
6487.258301
7091.178223
7992.082520
5250.600586
18542.371094
2009.274292
10141.127930
20078.160156
21036.292969
30807.089844
21559.164063
24462.138672
36370.339844
29693.236328
14206.237305
6810.079102
13225.182617
11693.105469
35128.230469
37676.167969
21145.232422
10937.999023
13373.033203
51491.566406
62152.058594
20630.187500
22057.154297
28703.251953
25833.482422
22963.376953
23475.253906
17202.234375
9969.170898
4693.187988
33448.519531
41441.386719
42714.480469
14612.502930
5528.148438
19230.998047
30557.191406
2228.391357
7042.256348
11484.105469
18133.113281
23840.265625
39452.121094
24484.255859
19835.410156
33888.160156
13595.180664
22098.998047
28268.259766
9895.278320
25400.472656
39116.414063
11259.268555
18253.433594
25898.417969
45228.359375
13525.294922
29017.181641
29008.273438
34900.425781
20307.283203
46243.500000
10264.192383
13675.280273
31641.212891
14236.182617
8750.286133
77744.273438
47434.281250
28526.150391
27113.039063
20390.015625
30113.173828
26130.212891
20547.095703
25009.015625
8674.140625
1536.281616
24088.267578
19334.164063
33065.351563
29569.416016
40760.320313
2425.091553
27680.123047
34971.390625
44853.296875
21182.109375
31772.144531
20547.220703
23127.132813
13092.251953
12218.088867
39838.078125
23810.175781
4177.158691
24856.427734
11688.411133
35227.093750
12933.999023
10753.207031
21827.511719
34750.117188
3254.412109
32043.191406
11620.283203
33475.292969
26976.068359
25734.146484
23702.271484
9171.168945
39894.363281
15239.107422
16866.251953
71599.992188
14599.999023
11112.999023
23601.238281
9001.264648
31362.298828
12291.101563
2285.147461
6059.337402
22376.277344
22653.238281
15966.267578
5700.026367
9145.290039
23475.238281
23716.175781
19257.177734
5079.155273
27886.201172
22008.343750
22331.242188
8371.144531
32035.375000
36080.171875
19214.333984
49649.527344
26646.115234
17150.998047
26213.998047
45595.996094
47514.175781
10909.148438
10278.308594
46383.312500
34596.179688
38992.273438
11848.650391
2642.115723
37283.222656
14377.999023
21093.998047
4133.999512
10345.999023
36285.382813
4755.234375
31017.394531
8417.052734
25439.341797
10482.210938
4415.178711
30273.177734
33559.347656
42438.226563
25029.378906
16219.340820
88868.242188
16856.232422
15007.237305
18633.101563
20178.326172
1553.285522
56286.542969
12225.434570
13643.202148
13659.070313
17367.242188
5969.229492
6618.273438
57768.203125
19405.246094
30622.201172
10630.166992
16015.209961
44539.203125
18173.371094
26993.257813
8191.115234
38432.515625
25111.283203
29375.181641
14370.214844
33088.410156
21285.119141
4730.274902
53968.242188
12852.257813
8120.146484
13782.107422
13544.259766
14191.020508
23483.205078
21718.144531
35818.386719
14653.179688
38231.011719
16438.130859
48499.343750
45081.078125
13094.598633
9088.187500
36801.144531
43485.363281
15855.145508
21609.306641
26014.720703
12416.267578
30253.162109
30037.162109
10826.114258
25040.250000
30747.119141
20639.154297
21551.208984
20241.232422
13963.600586
48478.125000
21225.480469
10025.520508
6430.389648
22030.156250
4595.484375
3261.152344
21934.218750
19390.097656
4966.151855
11431.319336
10477.123047
15636.353516
15329.196289
37123.238281
13225.097656
51936.093750
3100.330322
27497.193359
11631.181641
4614.150391
22300.199219
34580.316406
42951.214844
19015.378906
3614.262451
10935.330078
32202.130859
24228.148438
33618.242188
5939.475098
6624.129395
1144.456665
26010.271484
50202.355469
30140.359375
24823.455078
12950.102539
20173.193359
12856.294922
37172.320313
2734.394531
22171.146484
7191.240723
8289.129883
4946.342773
6937.222656
18657.177734
26276.554688
34143.343750
22439.316406
29485.373047
10525.203125
13580.142578
30381.177734
33121.292969
9320.125000
27791.171875
28822.121094
11041.999023
37586.996094
2447.327393
42837.281250
27598.083984
82878.664063
29495.289063
4509.181641
42958.195313
35523.261719
11867.496094
19808.187500
11938.213867
10506.278320
6190.139648
24094.044922
25028.201172
7172.299805
15613.190430
13688.138672
9636.157227
7356.388184
1713.315308
28868.169922
32083.404297
33026.359375
12013.285156
47829.082031
45191.257813
11245.037109
17356.292969
29531.230469
10662.378906
6221.145508
3175.262939
2633.089111
21064.289063
25219.351563
2854.203125
11176.215820
45107.335938
34482.210938
26097.214844
4937.530273
29030.230469
30377.212891
3937.166504
6955.244629
3123.372070
8625.139648
18368.197266
4134.269043
13385.369141
26574.119141
1158.259766
8127.010254
21590.113281
38714.109375
3744.246826
10509.102539
6962.151367
30196.287109
10637.099609
29079.519531
21416.189453
29384.361328
38165.367188
10405.351563
31117.232422
22326.320313
22627.164063
2266.347900
2657.412109
31170.259766
13245.044922
15519.186523
31793.285156
13402.218750
11888.240234
22533.132813
5560.321777
8125.271484
30717.212891
29863.123047
7771.149902
14105.480469
37705.152344
8441.185547
17477.458984
52040.539063
5710.198730
31716.392578
28689.220703
10553.207031
7386.250977
18740.376953
68934.289063
42832.074219
6761.233887
13546.066406
11519.223633
37530.910156
31478.281250
13442.381836
3449.504639
24007.248047
30861.400391
7157.303223
4481.196777
28750.322266
28171.435547
28220.292969
11533.140625
9373.305664
21096.212891
7456.180664
30918.208984
10284.269531
14084.336914
2758.217773
1207.490234
1431.240234
28971.169922
40548.265625
8548.285156
34905.187500
9508.181641
48682.277344
9649.318359
20311.287109
48158.359375
4287.259277
22703.117188
11341.166992
11846.237305
31072.312500
22677.441406
33403.265625
3021.465332
30797.228516
4059.999756
39002.246094
12446.144531
6509.007813
18674.027344
34762.226563
11962.259766
38957.222656
20700.279297
2931.641357
33310.156250
23262.269531
21266.240234
14032.031250
44185.214844
9030.198242
10087.143555
12231.194336
9094.277344
9305.176758
17997.111328
3916.118652
2184.178711
18771.212891
28253.205078
2147.274170
25791.255859
31864.244141
5374.168457
11493.341797
28107.082031
14271.327148
14358.122070
14128.378906
7705.202148
5470.309082
6422.035645
11369.252930
9653.212891
42027.214844
36793.363281
12226.125977
57768.804688
26193.275391
35090.152344
35099.164063
31931.255859
56821.230469
11626.424805
8176.155273
7776.144043
39710.187500
2162.999756
15259.347656
18571.402344
38499.234375
15428.515625
2447.230957
25696.378906
12171.304688
40826.476563
15340.243164
22542.134766
11175.227539
11049.226563
22605.292969
36233.554688
23413.310547
25083.363281
30612.289063
14182.105469
29502.298828
36213.265625
40149.226563
14739.204102
28527.285156
23645.541016
13051.195313
2136.398682
6301.123535
26226.210938
20550.074219
28468.333984
36193.265625
9298.153320
10072.135742
22820.324219
16031.509766
27660.216797
12182.062500
33674.996094
1613.128052
32546.308594
41031.523438
7372.128906
26037.527344
51603.417969
9454.191406
23921.312500
24614.298828
11736.300781
1540.317749
53466.203125
16392.203125
12500.125977
29618.128906
10237.111328
4607.354492
42662.015625
18629.292969
16995.240234
16481.179688
29038.169922
2575.232422
21273.177734
31633.324219
11554.103516
37390.300781
23856.660156
54970.375000
26191.224609
1099.213867
7643.225586
33798.265625
25533.316406
32777.390625
58642.312500
50167.359375
1123.194946
35527.246094
30234.158203
30558.304688
34810.210938
12216.166016
18453.261719
2645.126953
22459.291016
29045.037109
24279.039063
24826.150391
6500.058594
10390.325195
23079.451172
41426.152344
5409.400391
5527.023926
11410.305664
37859.308594
10889.999023
987.169067
9816.241211
21797.177734
19491.126953
7826.081543
23596.142578
2371.291748
13175.106445
10072.162109
21497.152344
7335.336426
54067.082031
39920.496094
25521.289063
9602.196289
43722.062500
28738.310547
80997.210938
15182.157227
35387.238281
18338.070313
16854.218750
34180.128906
10694.232422
35157.242188
11341.105469
30147.207031
16114.174805
29374.046875
9840.086914
12113.343750
21227.179688
4760.150391
10988.117188
30219.248047
11587.114258
15200.999023
6092.150879
13218.043945
31865.029297
25610.333984
16163.116211
40198.207031
32797.238281
27786.597656
45318.125000
10835.524414
20636.316406
14020.152344
7413.204102
3413.240967
19756.212891
27225.210938
14155.205078
14768.081055
32259.339844
28403.230469
25039.302734
28091.291016
19086.361328
34244.128906
32200.171875
10459.295898
40863.152344
14012.087891
30950.402344
2388.211426
17142.242188
8975.136719
4446.198730
34862.433594
9624.341797
23142.242188
3291.532471
41863.195313
14904.111328
11632.131836
31204.111328
675.274841
8173.552734
34490.175781
24118.310547
36428.140625
8124.126465
35687.222656
20900.175781
9944.148438
25324.154297
8518.214844
3428.272217
27244.316406
34381.867188
6708.272461
32966.101563
6138.167480
4655.711914
39446.402344
12030.199219
35199.265625
55833.402344
28450.117188
4163.112793
23231.220703
11341.263672
10350.159180
47281.343750
39997.421875
24791.152344
88994.492188
28751.287109
11543.124023
10567.209961
31446.041016
12691.130859
45089.273438
9217.155273
26295.277344
7467.249023
42952.195313
7854.389160
35610.199219
9923.203125
10228.098633
14027.314453
11002.085938
10237.031250
24536.148438
27803.302734
24297.298828
5658.281738
11032.070313
35888.246094
9553.184570
35694.300781
34959.234375
12293.148438
27032.138672
29402.263672
37176.324219
33264.343750
26421.224609
28368.220703
31041.423828
30090.205078
14645.132813
33497.441406
11300.270508
1689.428345
32871.472656
25524.117188
11351.999023
4391.594727
30701.193359
26197.152344
31127.302734
3584.195313
10165.404297
11244.133789
27603.164063
7291.215820
30624.457031
41943.359375
39095.218750
26180.228516
14992.154297
32114.169922
2346.170410
15836.308594
4557.149902
11030.148438
45880.144531
23629.224609
21254.320313
25322.427734
36410.265625
28930.201172
28565.130859
21632.144531
18301.189453
28190.199219
12237.130859
30318.253906
26648.056641
18309.177734
29506.275391
27573.277344
32423.417969
12684.225586
4994.206543
17546.298828
20612.292969
32959.242188
15580.216797
11973.128906
19754.285156
5623.348633
24238.193359
55987.203125
24027.455078
14996.345703
30395.298828
10588.139648
14030.173828
3744.369629
12986.299805
6053.166504
19134.414063
22265.208984
16174.999023
20400.029297
6417.201172
31526.281250
13202.261719
14434.260742
12604.426758
24560.394531
14792.200195
30768.320313
5489.207520
35664.328125
18009.228516
22734.160156
32578.175781
9493.077148
18252.248047
29861.468750
34672.191406
12002.077148
11369.107422
18556.062500
16854.539063
26997.275391
2457.142090
16636.257813
6939.226563
19249.197266
24605.326172
11824.083008
25629.298828
15249.142578
8587.999023
24752.257813
41941.238281
28607.343750
20207.205078
45060.371094
35343.199219
12994.226563
20864.189453
19708.302734
3776.263428
24944.244141
23566.298828
10032.391602
1022.214417
32017.123047
12559.140625
10068.251953
26603.349609
20834.230469
13098.118164
15143.082031
21984.117188
8167.117676
1801.551636
35169.273438
18612.138672
6109.080078
21538.138672
28138.998047
27656.242188
13962.106445
32817.132813
29020.269531
13035.095703
46453.109375
23444.396484
15224.309570
25439.181641
7877.316406
39010.207031
19010.128906
20581.419922
13304.211914
17242.474609
26871.333984
13078.192383
44279.281250
32771.277344
26220.232422
1745.112427
26673.480469
28272.154297
30153.253906
24644.414063
10281.068359
17132.271484
77859.804688
26049.226563
22481.164063
17645.099609
9565.325195
30792.232422
22070.369141
1932.104614
9261.999023
29370.091797
13919.247070
38700.269531
11869.091797
17940.158203
2851.123047
16692.251953
11546.078125
26602.554688
12878.232422
25850.191406
29778.132813
44674.238281
25220.027344
4387.245605
26890.261719
16063.335938
12704.176758
23401.480469
55286.375000
21213.320313
8455.198242
43064.152344
25301.449219
4787.171875
20111.332031
30658.298828
9509.310547
23064.242188
17288.138672
76582.703125
16232.005859
18276.095703
5708.468262
27245.351563
2189.233398
34967.339844
48376.285156
41307.398438
31942.333984
25104.273438
18170.080078
1608.027710
19387.248047
4437.112793
7035.153809
35917.144531
24251.279297
32252.259766
17375.162109
9742.380859
32721.201172
25000.312500
10647.123047
29656.263672
12579.302734
18176.146484
3341.314209
13683.212891
21522.355469
9212.187500
26798.236328
21004.251953
26727.189453
7481.293457
19489.289063
15419.084961
31778.326172
21520.570313
3751.197754
37414.328125
17689.169922
35897.203125
26841.082031
3334.178711
26477.177734
10887.256836
9128.232422
41072.226563
9924.142578
41088.144531
40643.203125
16526.251953
18625.244141
33116.230469
46349.226563
27037.257813
28851.236328
12961.075195
9664.201172
5937.190918
7121.256348
34465.179688
25769.300781
8104.270996
36054.285156
30231.337891
11855.133789
8126.999512
33591.996094
2748.139160
11134.058594
21468.267578
24510.201172
10450.163086
22762.388672
20119.214844
27768.230469
16383.128906
21446.146484
26003.119141
25837.076172
39137.082031
42390.125000
10583.117188
28977.291016
22541.199219
26862.412109
2425.266357
1713.303101
10448.036133
61104.500000
14346.252930
26345.144531
8939.227539
31126.169922
4496.157715
28600.554688
19102.429688
17367.222656
18037.195313
7987.044922
14629.389648
3426.419922
9668.236328
3300.120117
19995.101563
27374.388672
1824.183594
29236.367188
2891.298584
20136.101563
50630.296875
20140.144531
22761.068359
22868.267578
4343.278809
11200.274414
33680.343750
36405.460938
20570.343750
30489.207031
27053.107422
24890.125000
9755.256836
10191.397461
42444.207031
36131.210938
5268.256836
25083.185547
9432.077148
34475.292969
9998.250000
30760.306641
6391.170898
46303.316406
54211.171875
8557.220703
2039.301147
34972.433594
52915.089844
54600.250000
9809.181641
19092.226563
11751.181641
28168.302734
26001.128906
12657.199219
32187.142578
23662.449219
22741.164063
17016.144531
12007.263672
1468.228027
8337.368164
16170.156250
35986.257813
13470.281250
22760.255859
30132.156250
6060.290527
21162.115234
15239.291016
11218.207031
2156.194336
54352.140625
14765.345703
8063.305664
15348.448242
40552.519531
6792.174805
9792.158203
35706.335938
11437.139648
2539.449219
3176.212402
26028.093750
17437.197266
22615.228516
33629.253906
12407.237305
2693.805664
35149.359375
2902.450684
18825.234375
53858.105469
26508.164063
29353.314453
6675.183594
2175.198242
23300.347656
27103.173828
21578.156250
10003.081055
2771.322021
54931.441406
36352.390625
34753.265625
6178.253418
26377.007813
7177.565918
24379.244141
17596.121094
47290.281250
5267.153320
21244.525391
22019.236328
9317.282227
86905.328125
1866.412231
11393.999023
17959.041016
3362.023193
12938.141602
31340.386719
25948.166016
35002.164063
27000.265625
11495.276367
13644.269531
4481.323730
24794.328125
20767.197266
23190.337891
9301.183594
24164.158203
6875.437988
25735.160156
21974.201172
8081.367188
41036.308594
11721.064453
11372.226563
11029.064453
14179.351563
12045.085938
30437.134766
28019.193359
10061.064453
2541.174805
10822.099609
6265.356445
40212.281250
13450.189453
28087.189453
22814.195313
12055.192383
21231.441406
43722.464844
7235.160645
24619.230469
34092.371094
12336.231445
22212.343750
12792.215820
21743.169922
48951.257813
3595.215088
23674.177734
13691.154297
12774.269531
19096.185547
10277.247070
20280.218750
22118.396484
5616.159668
5109.342285
48273.289063
9183.177734
21296.167969
12208.206055
9048.234375
64834.296875
2559.426758
6033.283203
31824.189453
6089.245605
10942.245117
9734.367188
5017.999512
19465.998047
6362.999512
12678.126953
18373.013672
18762.060547
29787.097656
2882.189453
22740.197266
42232.171875
20169.091797
12486.454102
21005.103516
15635.424805
38978.367188
13293.092773
40639.187500
9579.242188
11494.085938
3164.118652
16082.252930
29277.167969
5127.233398
4883.260742
27840.128906
33387.441406
38200.101563
18093.134766
28283.208984
3449.223877
4632.240723
52776.191406
3281.186035
37663.214844
22878.281250
32952.312500
2269.275146
11124.339844
32020.216797
41253.214844
12919.069336
16028.083008
23735.085938
27693.322266
30560.375000
8294.161133
27550.378906
30495.431641
4818.278809
18743.183594
7411.230469
28178.193359
32735.357422
29332.291016
24965.167969
11037.416992
31099.298828
2433.531738
2312.084717
9936.034180
20057.998047
28508.242188
11399.233398
29278.404297
11054.088867
28203.117188
29825.261719
27319.138672
10195.106445
24561.625000
9542.107422
26877.486328
2063.294189
44824.367188
18889.208984
19053.205078
8130.440918
26719.265625
40267.253906
28998.369141
16160.264648
16655.121094
38106.246094
16210.184570
42134.386719
4543.174805
18591.345703
5545.225586
3531.158203
88174.656250
17536.042969
5559.024414
25322.125000
29954.138672
14935.070313
23377.130859
8520.049805
17207.191406
16473.167969
21938.185547
3357.332275
24091.283203
21690.150391
9267.099609
24858.134766
4669.478027
19905.378906
17643.355469
27259.117188
26287.126953
69228.500000
23192.142578
8832.351563
16327.147461
12524.301758
23344.406250
1393.231445
30135.214844
9499.250977
45442.203125
18425.181641
23124.244141
84423.437500
12943.189453
26921.322266
12510.180664
17754.220703
36148.210938
24473.150391
1735.222168
14167.164063
35948.539063
11927.481445
27151.234375
15174.204102
33326.285156
35157.109375
13514.447266
31205.175781
10973.390625
27035.082031
13136.214844
9918.065430
20502.357422
9417.077148
21513.222656
24407.429688
40901.292969
29835.062500
28399.039063
16074.140625
18350.183594
18119.138672
25705.355469
39588.257813
29059.218750
29330.152344
5822.459473
39593.355469
23956.136719
33501.355469
3412.342529
20257.083984
25857.119141
8607.119141
8624.190430
23834.263672
9954.329102
27262.132813
49091.273438
4673.350586
29428.208984
29776.357422
21728.304688
23291.375000
29705.269531
9856.175781
20663.529297
25933.175781
24389.238281
9829.183594
27582.171875
13084.221680
55641.628906
28127.396484
24440.248047
1088.373779
37254.144531
30117.078125
33364.371094
35080.105469
38588.363281
25717.261719
2762.336670
11396.139648
10680.170898
9105.083984
11347.183594
10739.116211
23592.119141
2733.156738
8971.350586
18907.207031
25104.339844
26231.201172
21436.287109
31341.212891
2315.118896
5895.234863
23004.273438
8844.164063
23280.400391
679.091614
9668.121094
20166.195313
55114.335938
24207.464844
27361.208984
8854.203125
23145.998047
9550.166016
25559.287109
46849.199219
7467.121582
28851.513672
6853.374023
3085.497559
17145.148438
7385.145508
8638.044922
23438.185547
11446.191406
12687.291016
9306.250977
21958.189453
35962.257813
20807.285156
11707.175781
14252.285156
15996.197266
12360.218750
28007.289063
4883.233398
24547.498047
12081.226563
23642.103516
33216.261719
20660.228516
31963.285156
19106.376953
29027.246094
6683.109863
3455.082031
65285.085938
23653.337891
34542.296875
22202.113281
9402.125977
10224.139648
39175.285156
19508.214844
14750.248047
10740.173828
5910.217285
3738.260498
2859.268311
8322.115234
76820.171875
24082.158203
28789.181641
54100.382813
31404.246094
31696.244141
27168.320313
17951.263672
2986.355713
22615.292969
38857.363281
46060.128906
44688.195313
49600.343750
37152.375000
4970.297363
26448.183594
9479.242188
8228.335938
33995.324219
23592.080078
9744.175781
26891.093750
55881.316406
6117.316406
40228.324219
23004.146484
3834.242432
34891.160156
25048.230469
12469.232422
2563.176270
27792.347656
30646.160156
16309.442383
23985.154297
22028.251953
23005.166016
27135.355469
13041.256836
26526.140625
11591.156250
15071.508789
8217.139648
38334.398438
23186.271484
36849.460938
24617.201172
12069.133789
44929.261719
2093.326416
14337.025391
34358.367188
22523.273438
36641.132813
51156.250000
25598.318359
9563.173828
10393.137695
67116.273438
43134.230469
35989.363281
44347.402344
29683.123047
702.199829
8851.162109
38581.210938
20209.396484
37434.074219
12979.239258
3729.268799
3224.105957
9111.151367
24434.175781
31487.251953
9782.263672
1907.212402
42100.199219
16452.382813
23994.248047
26957.257813
12758.166016
35525.300781
24185.164063
14105.289063
7891.164063
25003.414063
45124.347656
12003.315430
54931.433594
13418.198242
9366.293945
18115.123047
12269.189453
63499.382813
53164.531250
21317.267578
20633.248047
14890.250977
4322.388184
19030.998047
40070.996094
8571.102539
8106.121582
1324.141235
49880.226563
28575.152344
13345.186523
92693.523438
9082.183594
30064.302734
7693.268555
55340.281250
20743.251953
15493.234375
13711.066406
39731.234375
25506.306641
27490.242188
13713.134766
18343.251953
48402.230469
37470.101563
25394.339844
25164.146484
33514.222656
11246.150391
9309.112305
23780.355469
2204.093506
1595.119751
37067.265625
15405.039063
21703.998047
26400.998047
14434.999023
9953.999023
20423.009766
47678.226563
21344.048828
10413.146484
16740.248047
5322.205078
33909.117188
19417.345703
21638.154297
53356.238281
21107.167969
55001.375000
31387.250000
22682.179688
36509.414063
13855.222656
10566.107422
4047.480713
3974.662598
23716.125000
27981.191406
24177.203125
8542.133789
32753.283203
25210.289063
25984.257813
24060.267578
10811.150391
30182.187500
15635.140625
4842.294922
36186.625000
23417.408203
7011.055176
12966.085938
22679.296875
37176.265625
12026.101563
24597.179688
29517.251953
33278.144531
27892.119141
62640.257813
10710.230469
3776.215088
10017.460938
9888.315430
8933.114258
10440.222656
6049.260742
3632.113770
20401.308594
2270.273682
34374.367188
28579.341797
32448.183594
21899.230469
42770.312500
28495.062500
22462.027344
6389.271973
1580.135376
6409.345215
4126.460449
35159.332031
33427.101563
3695.143066
33303.246094
24666.121094
27827.292969
49237.160156
29213.226563
67311.367188
32777.261719
9947.039063
19066.091797
13654.343750
12243.109375
29915.193359
3349.268311
10590.435547
17518.253906
27275.203125
12432.116211
3032.364014
18986.015625
24937.525391
31240.316406
21500.099609
31844.234375
20038.136719
16944.337891
26128.183594
11018.039063
1577.141235
12543.203125
29498.253906
26576.076172
7362.234375
42855.609375
9490.376953
12460.204102
24487.087891
4789.185059
11533.179688
9701.125000
9094.430664
23305.087891
13896.164063
17949.146484
21253.242188
12310.221680
35850.457031
47827.437500
36786.218750
48881.996094
42494.191406
14597.160156
15936.143555
22572.117188
10677.172852
21336.998047
43491.007813
33770.031250
5995.222656
31260.164063
4266.248047
2854.212402
4224.372070
76818.343750
33250.765625
10547.445313
39713.292969
26123.171875
5489.388184
65029.257813
34948.277344
3219.084229
3417.290283
618.301697
18022.298828
10596.199219
27175.162109
27995.169922
10542.333008
66663.539063
20683.324219
11442.384766
7173.153809
15658.233398
58101.996094
43399.140625
10752.132813
10678.262695
21333.197266
33952.378906
9765.138672
39157.566406
22796.156250
23647.041016
27406.298828
6912.378418
27528.259766
32953.382813
1858.175781
55332.488281
30646.253906
47643.371094
33448.304688
32285.322266
15169.418945
7851.347168
10722.089844
51481.164063
17185.140625
25595.414063
2494.182129
4045.088379
31260.107422
10262.179688
12723.394531
25215.250000
17611.285156
36501.449219
14027.275391
34946.289063
25865.298828
31342.351563
13129.123047
5693.228516
11110.305664
30540.371094
12526.292969
7624.255859
8886.999023
25754.068359
8641.398438
22499.259766
45273.359375
5055.202148
24702.154297
36920.281250
46548.207031
24521.310547
27410.294922
14720.216797
45382.027344
26362.294922
27873.082031
10128.242188
28238.072266
2733.163086
7385.049316
26442.082031
31074.421875
17100.326172
25909.289063
37667.312500
16432.751953
12408.162109
4121.110352
15037.200195
6837.226563
15442.138672
1855.999878
49949.035156
34717.093750
24437.142578
23692.041016
50406.070313
37562.175781
24337.130859
40789.222656
7843.252441
9359.336914
13406.125000
33562.250000
25219.386719
47322.328125
46526.058594
1552.478516
24210.291016
17308.339844
35168.203125
34155.234375
11917.343750
7877.201660
5933.183105
41782.382813
23609.183594
1032.230957
27106.193359
28309.277344
4324.371582
26423.214844
23221.425781
37621.144531
24445.250000
25044.373047
9162.134766
11380.194336
25151.027344
36211.449219
9091.269531
3388.404297
12468.352539
27718.357422
27244.263672
32723.123047
42196.281250
10415.196289
28688.416016
12900.084961
25191.160156
19416.228516
38421.179688
28350.189453
26769.148438
21383.406250
31280.509766
27970.173828
30115.181641
36086.351563
26174.273438
29601.568359
12730.266602
20117.201172
8512.324219
17223.312500
19405.296875
13331.160156
35430.160156
3021.128418
20009.220703
34937.199219
27480.140625
35776.355469
32982.132813
90967.406250
40420.230469
12095.287109
31049.304688
9654.361328
4766.250000
9391.208984
31039.427734
17384.345703
32987.152344
25929.111328
8996.261719
22707.228516
33026.261719
27851.144531
41701.132813
38286.160156
21580.138672
23811.146484
40067.210938
19836.347656
4250.228027
33592.332031
40208.148438
32858.179688
6164.191406
16497.056641
21265.083984
32019.314453
47140.292969
2302.148926
27657.166016
21522.304688
21677.371094
10414.170898
24792.275391
36212.203125
15257.163086
54131.390625
23709.041016
15184.158203
28425.158203
36161.273438
13255.291992
7080.213379
14003.281250
10737.135742
2773.261475
5400.091309
15504.131836
11755.087891
2152.471191
42343.179688
9778.117188
12178.214844
4633.141113
11810.247070
25643.187500
12912.246094
71769.156250
10721.151367
12409.189453
2595.478027
1270.145142
12451.253906
24564.246094
14367.186523
20159.261719
11174.263672
24230.208984
26800.289063
6324.298340
52371.246094
4251.210938
33498.261719
24168.078125
4317.348145
26866.367188
27802.177734
4910.281250
34686.027344
37487.457031
22041.224609
21651.236328
2895.258057
40476.195313
23318.166016
9583.110352
21475.347656
11173.385742
26453.220703
2228.185547
47230.632813
12054.243164
20967.210938
23140.123047
33754.218750
10779.047852
7520.119141
14297.194336
26164.207031
937.329468
1562.174927
13585.158203
3871.043701
11448.224609
8115.254395
20486.998047
12203.166992
26868.248047
48504.378906
38226.484375
21154.275391
10102.162109
32054.275391
28030.087891
10266.173828
46206.203125
17950.005859
23531.162109
31034.246094
23743.185547
30179.289063
13945.206055
24482.376953
2484.189941
30073.375000
11122.206055
33420.226563
27643.167969
45979.191406
35763.339844
3092.278076
10069.147461
11889.336914
31786.101563
43894.347656
33864.265625
41614.363281
9445.288086
8953.463867
40435.457031
10937.409180
26556.300781
4414.100586
9020.111328
25591.187500
23810.175781
35429.179688
29675.125000
25663.148438
26868.414063
20633.107422
15598.091797
12922.239258
2884.431152
11250.176758
34489.292969
27402.238281
31442.279297
15163.318359
31203.191406
11187.179688
39746.332031
34796.187500
9969.172852
38515.265625
4205.236816
15360.139648
11484.750000
16772.208984
10092.132813
32899.250000
26414.998047
15119.999023
50978.390625
30829.097656
7078.422852
39839.136719
29831.291016
31006.177734
25329.197266
24477.214844
10655.353516
3564.094238
20895.169922
22607.216797
26579.230469
24251.343750
24521.212891
12849.243164
4121.230957
13319.224609
20433.164063
25524.431641
21246.312500
21618.181641
22781.259766
24702.119141
7536.205078
32712.039063
22003.001953
40338.398438
25000.181641
1410.171021
11947.326172
3350.545166
42424.460938
34302.175781
4607.296387
16636.097656
9843.274414
19078.419922
9907.192383
9460.132813
56902.414063
19684.232422
36415.097656
24928.386719
20406.113281
1135.113525
13559.181641
19155.318359
24820.171875
10092.293945
48963.363281
19349.138672
37316.292969
7451.354492
25357.224609
26464.304688
22953.302734
67320.226563
9628.062500
24855.220703
20495.281250
37253.437500
23000.246094
9976.093750
7895.136230
31591.123047
11467.222656
25609.287109
27366.283203
23319.179688
27920.306641
27555.351563
25599.130859
35136.113281
26005.171875
22724.255859
39268.289063
12389.391602
13339.166992
25833.117188
34867.328125
3608.265381
31479.183594
34333.199219
39395.328125
24992.126953
15044.235352
8719.163086
11184.074219
12209.212891
1340.415649
22024.314453
32033.201172
12019.094727
7278.482910
35540.148438
11898.202148
21255.128906
8244.324219
40008.125000
12463.059570
39814.433594
49039.511719
24080.326172
27629.167969
45890.316406
44586.304688
36387.167969
34823.203125
12970.291992
26350.306641
26733.207031
18587.263672
10009.999023
54868.355469
12695.129883
39737.222656
37218.527344
36191.441406
66326.335938
816.197815
10620.130859
15943.285156
55649.156250
14854.207031
50692.332031
24937.318359
22663.152344
34940.234375
14107.160156
5089.693848
15963.226563
34275.300781
8402.055664
46554.277344
21500.216797
31424.417969
29372.574219
4603.125488
10723.337891
799.139343
3401.318115
43791.277344
29016.177734
54428.371094
9333.123047
21916.173828
10589.006836
26952.222656
22178.089844
23230.152344
41712.261719
25515.250000
2022.558472
19269.191406
4526.999512
3129.304443
8097.484375
20040.361328
29135.066406
63809.222656
21936.072266
29278.998047
14324.166016
30968.998047
1461.149048
22228.333984
26422.283203
9262.191406
13689.171875
30244.248047
26891.183594
9085.268555
32509.269531
24812.376953
2202.167480
50661.402344
46760.238281
24007.603516
42674.277344
59802.109375
4077.284912
27546.265625
21780.150391
34260.355469
20034.392578
11652.177734
41500.285156
45942.312500
25125.099609
25428.105469
37372.265625
8244.248047
27625.195313
43889.230469
19420.292969
24872.351563
26429.277344
30023.136719
3427.216797
6319.156250
43597.285156
20568.097656
28959.310547
36348.195313
5226.088867
5857.170898
9647.302734
43825.101563
12168.076172
7319.183594
12629.223633
12038.149414
12075.185547
5564.249512
25793.103516
36590.300781
8567.085938
13257.222656
49071.328125
24030.330078
11600.247070
9104.337891
19238.732422
9059.388672
10627.234375
5013.416504
34365.242188
8880.285156
55171.371094
9936.191406
18543.164063
18865.109375
7743.153809
11302.201172
2750.330322
42466.238281
19215.298828
1905.999878
34426.019531
6214.117188
23010.044922
29499.167969
10452.154297
4798.345703
32572.208984
20139.253906
52340.355469
8066.073730
28400.242188
1009.349915
30105.574219
1939.276733
35747.402344
38348.566406
8703.097656
30247.195313
23348.398438
14359.141602
33761.320313
9098.104492
23739.175781
19715.251953
3513.999756
25993.998047
1454.255859
22627.292969
16848.187500
10232.159180
23928.109375
27098.998047
22777.027344
1783.273804
10105.061523
11383.278320
50185.429688
38177.183594
59681.167969
26319.144531
25542.300781
25321.082031
12890.204102
50447.187500
3241.424805
31855.187500
21162.152344
47118.316406
42434.500000
7999.358887
10132.228516
10520.336914
24813.177734
32951.351563
44233.378906
1640.233887
6844.295410
3504.389160
14895.332031
36247.058594
12560.103516
32139.189453
4865.096191
12579.318359
22872.126953
44568.617188
13707.418945
45370.136719
18083.179688
27852.207031
17648.205078
7611.318848
39666.304688
47833.332031
8679.238281
21239.414063
1191.567261
35728.218750
53960.437500
3259.999756
4748.173828
19706.074219
4987.367188
42933.417969
2132.205078
1700.273804
11654.145508
37059.289063
35499.332031
24060.308594
6394.377441
12151.223633
10520.462891
36721.453125
8900.250000
10539.135742
45823.242188
52470.171875
19717.083984
1235.186646
37069.203125
8895.160156
2355.178223
9826.418945
16049.226563
27561.304688
2104.312744
10578.124023
12150.143555
54900.640625
18930.289063
35525.136719
21488.324219
28494.521484
27748.244141
5715.051758
40075.359375
40539.414063
9070.333008
26872.476563
7868.115234
19547.306641
13390.102539
19438.111328
4173.140137
20984.199219
22164.218750
6529.711426
41086.097656
31105.267578
9391.042969
9574.261719
8902.251953
37259.136719
1684.168579
21138.197266
22991.140625
65568.304688
23140.300781
20514.085938
27339.244141
16744.169922
24174.447266
25920.119141
24577.271484
7843.145020
14461.204102
20443.136719
14516.132813
57059.507813
7513.201660
50840.429688
51819.167969
16645.208984
16393.125000
10252.294922
9786.212891
19593.220703
13434.327148
13439.163086
24573.138672
37237.464844
40645.171875
37830.191406
7876.999512
36673.996094
25461.085938
4719.238770
11652.211914
20952.109375
28468.115234
14004.194336
33851.144531
21642.437500
26354.332031
30326.253906
22491.205078
33097.191406
30658.142578
22783.035156
29592.408203
12044.239258
45708.324219
1669.301147
31885.291016
15876.273438
43332.238281
26651.214844
15123.217773
17774.099609
11765.486328
9848.105469
29261.042969
9194.096680
17387.394531
19881.222656
21675.115234
10267.220703
7424.052246
36454.171875
9673.999023
44039.152344
31644.316406
25650.253906
27323.289063
13824.286133
13106.206055
13183.112305
1817.234375
30423.337891
42375.058594
18118.281250
29582.246094
21039.386719
11238.163086
30943.365234
9846.082031
12770.355469
17570.027344
9268.099609
11570.074219
7272.175293
28931.998047
20174.132813
3320.222656
1053.083740
11605.203125
29352.039063
13804.287109
46959.175781
24055.351563
13145.145508
15047.344727
34551.097656
44909.175781
6119.098633
43809.316406
28489.179688
9171.121094
33487.250000
4103.229004
3625.073730
11224.320313
20899.017578
3651.303955
27359.285156
2108.163086
35052.496094
25349.130859
18953.126953
20440.228516
3061.237061
24070.345703
33202.335938
9841.482422
12450.234375
1463.156372
2732.238281
62691.339844
34903.265625
4282.277832
13858.052734
34213.074219
25324.076172
27395.052734
2643.238281
29519.253906
26213.175781
4373.248047
3407.307373
33228.250000
28247.330078
29050.132813
16483.289063
71342.648438
33243.187500
12081.141602
13236.205078
19934.490234
32884.382813
10894.237305
7072.000977
29009.308594
23477.218750
10827.221680
1011.013123
8501.153320
26833.173828
21614.320313
23358.136719
23797.285156
23357.294922
7114.182617
9671.123047
9136.119141
6137.236328
4755.225098
40999.242188
13371.101563
16113.338867
26035.125000
13350.396484
12168.128906
18114.314453
2868.281982
36544.414063
11311.268555
19827.324219
7290.178223
12424.208984
13280.195313
3273.343506
26966.115234
7420.249023
17954.142578
30483.181641
13185.175781
26412.400391
26895.369141
9118.139648
36775.351563
22167.343750
8658.333008
6755.148926
27263.162109
62074.203125
10699.202148
33397.441406
40386.351563
4107.168457
9863.187500
15857.099609
11384.339844
39058.226563
13059.182617
19839.376953
35783.218750
25679.148438
45378.394531
11013.999023
37479.035156
11379.091797
24333.376953
25580.281250
41505.339844
12103.264648
4964.185059
14686.448242
51621.300781
27187.216797
30076.226563
10459.160156
34815.246094
1963.256226
8137.185547
28192.105469
14574.073242
23044.082031
20466.144531
45519.042969
41781.175781
20684.248047
6524.111816
33144.300781
30264.189453
13057.091797
67021.281250
32714.255859
28842.279297
39734.359375
15238.085938
25630.408203
38853.132813
20843.171875
29489.330078
23826.642578
5627.209961
3177.179688
3609.562256
12889.160156
5400.999512
1611.999878
17877.998047
1501.199219
34132.148438
2024.302612
26426.488281
7790.299316
27715.205078
9941.423828
12318.275391
30758.275391
15531.303711
45819.164063
25284.263672
12698.273438
43815.136719
12802.319336
25984.121094
23097.119141
17620.203125
9778.228516
9814.172852
35585.492188
1805.280151
35787.398438
22776.642578
10154.229492
29371.095703
9382.257813
32803.253906
25807.998047
38970.296875
3612.168945
17114.046875
20348.205078
26952.123047
29692.160156
12030.398438
37958.226563
12579.341797
4734.323730
19787.197266
12882.133789
56667.308594
10474.126953
23667.232422
25352.269531
11996.273438
11077.479492
3404.193359
19064.218750
13371.264648
36146.187500
37016.203125
33333.320313
4274.170410
32390.095703
23937.130859
38985.269531
20054.337891
20934.267578
27075.169922
28998.322266
34961.152344
47288.218750
14525.158203
40423.242188
24944.503906
40348.132813
57206.230469
18980.103516
40106.234375
30966.195313
38863.425781
12551.266602
30257.287109
32700.275391
65221.421875
7397.293945
9211.246094
30867.103516
39098.269531
30586.128906
8779.330078
20199.308594
24680.126953
9523.267578
25873.429688
2912.366943
19019.375000
51834.312500
19052.292969
23552.232422
41488.187500
30289.111328
15695.368164
13767.296875
23184.341797
27863.253906
31734.080078
10895.376953
42883.230469
21366.335938
38348.218750
4257.300293
9569.298828
24860.203125
38509.359375
6896.267578
33832.250000
34894.199219
16741.166016
8273.242188
35115.203125
41718.292969
9890.484375
53183.234375
25487.298828
554.276794
10800.292969
8642.392578
23507.201172
25655.228516
42246.304688
53739.468750
22817.181641
40414.250000
22697.205078
10745.147461
13266.250977
33952.304688
1930.652100
14078.999023
28103.998047
8089.146973
11266.088867
38829.054688
17083.439453
17974.257813
7631.128906
34880.238281
5612.385742
33251.425781
53120.605469
14498.280273
34256.300781
5576.207031
18912.068359
27022.257813
23761.103516
67562.476563
49366.406250
26657.400391
27067.029297
11709.221680
1686.222656
23979.064453
13828.150391
20820.099609
42802.312500
24401.509766
10459.251953
11798.303711
4217.371582
34619.222656
4475.160156
12295.143555
9264.197266
23651.347656
15956.207031
10270.145508
7897.197266
39485.292969
16085.176758
17388.072266
36045.285156
28041.265625
8315.050781
12182.316406
21884.265625
8966.296875
11498.373047
33393.113281
22740.464844
10829.320313
8097.071777
15507.219727
1807.312378
12954.206055
45426.093750
10954.274414
34970.074219
43164.265625
29691.150391
9576.282227
10586.158203
44378.503906
46965.289063
12437.136719
22483.011719
2589.169434
11416.450195
24217.234375
28340.302734
25060.359375
27519.218750
7229.310059
20545.375000
27809.339844
28169.203125
34674.367188
32226.125000
10608.142578
8615.235352
11467.115234
31372.371094
29545.330078
44620.527344
10251.134766
10986.999023
11985.127930
10139.190430
23001.003906
10450.375000
33035.429688
3329.208496
19151.044922
26729.320313
33657.312500
2651.212402
636.259277
16431.392578
21910.150391
23600.220703
7495.336914
17387.462891
35499.269531
11408.261719
23756.392578
24454.195313
26397.392578
42423.500000
41990.312500
33209.507813
11269.120117
21077.296875
24427.021484
31682.380859
23732.130859
41594.273438
13776.390625
32876.261719
37345.390625
21172.408203
8690.278320
36215.285156
28037.408203
10558.490234
5468.312500
9939.391602
20008.171875
12755.380859
29710.156250
9333.176758
30580.162109
14269.140625
24609.193359
40258.199219
5817.239746
17842.500000
17646.083984
25458.142578
4422.276367
12388.116211
14798.179688
13445.131836
5048.175781
42897.367188
10092.166016
4280.056152
15770.195313
21786.349609
11508.125000
10326.183594
8483.274414
32675.222656
33141.472656
38718.382813
12889.152344
21324.222656
11274.390625
19404.193359
22785.380859
12774.411133
10798.567383
30899.099609
4109.156250
48301.453125
721.999939
19944.271484
9314.186523
28297.343750
25332.181641
30065.359375
23982.087891
33749.347656
16682.212891
18487.171875
18723.291016
8283.079102
13355.279297
63045.218750
26343.998047
13431.999023
12795.219727
10044.026367
3416.448730
52667.500000
1528.114014
33716.003906
18085.136719
29036.103516
22245.146484
20264.187500
23795.109375
40006.257813
22171.166016
46625.187500
40659.269531
11292.500977
21021.322266
29092.177734
8518.155273
24732.791016
2692.150391
46038.429688
36695.207031
7422.041504
50914.324219
11983.234375
10983.146484
10054.212891
19388.457031
5510.119629
4796.543945
38946.492188
18104.207031
8180.404785
25435.205078
23072.345703
26007.285156
23552.189453
8574.158203
10238.190430
22805.218750
43959.011719
21499.201172
11975.151367
45100.191406
30691.250000
26246.126953
22336.306641
50171.242188
5210.220215
45533.257813
11235.040039
9393.019531
13159.178711
8404.189453
27441.261719
34335.277344
40984.265625
13885.205078
59742.328125
17657.220703
29901.234375
30054.335938
34920.246094
23221.205078
17073.242188
9910.031250
18252.240234
9263.255859
47327.269531
32477.302734
5479.293945
760.346008
30508.582031
26603.214844
14700.253906
21287.226563
34167.246094
33892.164063
43176.335938
32493.685547
24424.326172
6961.365723
22804.123047
36065.210938
25490.271484
4767.106934
14519.274414
11620.261719
2579.254639
15827.331055
20387.171875
12717.347656
36046.261719
20810.335938
44206.050781
1669.122681
14073.322266
11458.575195
29043.173828
10368.042969
27998.380859
11347.171875
10204.167969
23181.134766
29323.160156
41508.292969
6040.078125
10422.082031
13766.307617
27765.193359
15712.385742
28479.169922
11875.230469
4086.096680
11129.079102
5455.265137
30999.193359
11736.302734
25609.218750
702.132019
25887.277344
24243.320313
33024.132813
11825.121094
13433.426758
6085.092773
2412.305908
27299.164063
25918.998047
14828.395508
31343.183594
16683.185547
25811.251953
23888.238281
3129.321533
15596.120117
3232.647461
39895.152344
45851.441406
39893.285156
16629.273438
5097.198242
12569.999023
10225.236328
17308.105469
10306.295898
29511.250000
10420.089844
4674.145020
22343.222656
11197.035156
30441.179688
8975.267578
23623.214844
21173.365234
23199.136719
30872.625000
19677.273438
13388.255859
10358.287109
14427.523438
1956.169067
1224.182739
1582.209961
35053.218750
84986.367188
759.229065
32833.289063
8705.123047
18613.138672
40542.417969
23691.185547
85295.742188
14702.430664
15087.240234
25277.167969
17686.195313
24189.099609
27631.382813
3242.032471
31216.341797
39346.257813
2959.257568
12217.288086
3229.300537
26509.312500
25113.111328
4646.350098
23687.371094
38915.070313
26622.064453
36355.296875
51658.335938
28160.177734
24979.277344
8686.222656
5269.291016
7594.118164
34911.234375
18550.335938
18397.259766
15659.330078
91326.515625
32326.400391
11756.078125
5241.136719
9658.288086
31165.236328
8234.188477
27808.142578
27154.400391
15039.432617
27813.132813
7987.293945
5328.356445
16478.302734
12130.166016
5079.207031
43110.253906
12149.373047
26026.074219
2119.202148
3258.114746
10618.445313
21373.345703
33125.269531
2148.161133
10734.251953
2311.157227
4220.320313
14454.239258
21334.257813
28950.328125
2907.018311
20370.189453
19432.093750
33223.273438
50195.535156
15500.123047
34678.386719
6452.280762
10529.108398
23942.226563
11220.682617
24799.308594
30799.287109
35205.226563
22622.998047
11905.999023
1996.999878
11037.999023
14679.754883
15795.231445
28650.255859
46514.156250
30760.146484
62041.562500
36152.171875
31240.412109
14537.200195
32721.054688
21593.166016
60113.296875
22810.386719
23161.291016
3853.098633
29582.085938
20905.109375
9028.187500
36458.394531
14283.193359
47073.359375
23822.300781
21433.244141
11911.052734
15708.564453
46113.292969
40369.183594
22581.339844
22827.273438
42983.269531
4142.181152
24633.292969
20132.123047
33141.359375
28468.388672
12209.273438
8201.136719
30268.253906
46102.261719
22110.417969
13578.118164
8172.134766
7642.332031
20022.214844
42810.343750
47628.285156
12216.177734
23675.326172
2915.132324
50280.390625
8105.288086
16430.378906
31618.281250
23085.355469
13403.168945
21399.103516
20262.136719
25916.218750
6298.312012
41040.527344
21898.226563
2131.281006
33491.261719
10091.214844
23458.154297
9887.149414
58172.351563
30629.285156
7066.367188
7390.228516
42951.210938
26030.521484
2377.316650
15489.233398
14436.282227
5341.092773
6778.145508
9378.245117
6587.159668
29075.437500
23257.158203
4222.080078
30559.310547
3130.184570
27972.189453
3908.174316
42644.285156
19176.119141
26657.216797
24223.359375
5266.352539
11644.259766
41845.378906
34591.203125
25658.375000
24245.175781
16015.105469
21548.214844
39441.371094
25085.210938
23225.144531
41637.335938
10729.328125
19870.316406
41380.136719
34207.265625
39534.203125
31450.380859
11997.184570
7556.322754
8290.002930
35026.453125
37900.183594
14061.207031
14334.100586
17575.400391
7743.181152
12613.142578
12737.187500
24802.287109
5307.176758
27456.300781
27609.140625
45704.250000
1843.191406
14079.099609
10572.208984
20163.205078
35646.199219
6427.825684
35699.468750
33695.230469
69129.242188
25214.166016
9777.267578
29126.064453
40172.226563
22080.210938
17737.269531
12149.051758
3391.029053
38583.183594
11325.174805
26893.183594
20870.162109
2861.106934
2934.147949
11109.157227
17311.101563
12498.089844
44738.203125
22490.158203
24204.138672
35115.441406
26894.490234
10970.151367
5272.099121
56444.324219
51300.265625
8004.265137
12971.439453
52704.210938
19365.382813
6430.208984
5637.457520
8159.365723
3127.080322
49115.234375
12981.227539
10865.216797
22762.146484
42350.144531
20331.261719
17877.197266
46326.605469
8554.069336
12710.148438
11822.152344
5001.552246
17341.439453
11824.147461
9062.242188
66686.359375
22037.382813
1485.341064
32360.214844
10600.283203
1652.370850
27223.154297
8888.117188
22179.205078
27226.234375
26467.175781
19352.269531
27277.146484
23509.216797
14277.146484
29238.316406
39676.457031
33481.171875
39936.179688
20308.136719
32331.314453
10311.382813
10164.101563
34259.195313
28440.105469
27871.392578
25428.287109
10507.192383
22702.253906
3214.341553
18929.353516
18725.214844
34678.289063
15705.231445
2563.312744
9614.196289
40100.089844
12442.165039
9212.185547
37685.183594
2316.211914
44902.230469
11887.169922
26826.335938
28091.039063
26510.148438
32705.269531
1904.296265
20342.191406
12019.186523
12451.083008
3122.079346
12128.120117
33986.300781
5826.282715
46080.156250
31803.056641
7119.342773
12173.169922
40039.484375
5283.407227
17396.353516
39263.250000
19340.148438
44191.222656
8659.302734
37393.242188
10893.149414
6482.134277
21641.373047
1728.170044
3623.244385
22484.220703
20104.283203
6195.166992
13057.164063
20696.435547
8391.144531
24007.205078
58646.335938
9101.381836
36362.250000
10662.247070
6235.539063
2644.409180
10248.119141
20197.195313
8452.488281
6468.109375
11703.297852
16051.199219
20516.123047
28710.224609
34045.152344
2414.243164
37240.121094
1581.168091
10001.222656
36212.101563
15955.306641
9596.099609
12046.116211
20936.289063
24561.251953
12044.282227
27719.156250
46384.140625
25897.425781
34175.339844
31751.279297
13894.118164
4017.216553
9589.302734
37332.261719
13255.166992
21701.285156
25658.275391
22779.156250
47257.273438
35293.226563
4867.092285
12332.221680
9020.153320
4644.289063
35308.347656
5950.199219
27351.222656
17640.251953
13477.312500
10201.366211
26282.183594
29750.380859
48090.363281
22076.160156
44435.250000
2135.258789
17108.318359
1783.164673
28722.269531
22858.281250
12144.281250
18980.152344
34394.027344
33147.996094
25382.109375
1949.057861
36132.277344
66975.242188
14272.089844
27852.195313
28270.353516
30635.998047
6887.999512
24829.076172
21961.171875
9008.406250
9984.287109
27592.294922
30452.916016
15220.199219
20580.191406
3160.193848
51806.296875
16028.265625
4593.403320
24187.267578
5395.518066
2852.305908
7468.294434
13628.639648
24424.216797
24562.302734
27797.226563
29345.337891
33881.164063
24647.162109
5458.517578
21984.218750
47416.183594
5195.100098
35891.218750
11688.262695
18837.257813
10442.230469
6682.400879
25081.296875
846.177368
9583.165039
30207.343750
20709.197266
43907.285156
5693.108887
9180.178711
16681.244141
1521.053955
50563.234375
26137.287109
6533.181152
18600.300781
7555.243652
1376.244141
9396.096680
2699.117676
32608.224609
15270.143555
7953.284180
18346.191406
4026.512939
40612.554688
3646.330811
23146.416016
24874.126953
26626.132813
3292.247314
15697.294922
10809.170898
50776.230469
6542.085938
28181.261719
29577.392578
18580.437500
17868.378906
28341.558594
4217.131836
50093.347656
30568.185547
55831.277344
19834.269531
2764.157715
9885.134766
24061.191406
3214.067627
62077.289063
5957.092773
21372.248047
10012.292969
7160.373535
33169.109375
40171.167969
54715.460938
2174.459961
6380.395508
27627.177734
22321.289063
10677.255859
12085.201172
38694.214844
16967.267578
11557.162109
19787.259766
50923.382813
19975.101563
12786.225586
26251.333984
10069.258789
16773.193359
26367.234375
2028.555054
35031.210938
27457.126953
40324.316406
30104.365234
17836.306641
33235.187500
28093.205078
9941.999023
20420.998047
17383.998047
9562.999023
46668.550781
46920.390625
9409.207031
40833.562500
26132.347656
28460.544922
8448.245117
38625.296875
10681.146484
21576.232422
25599.267578
25080.179688
30372.289063
31690.324219
19180.187500
36452.441406
79027.351563
21492.310547
33131.269531
19499.220703
40014.164063
41172.257813
10786.076172
20483.224609
12610.115234
49640.468750
9961.215820
22627.177734
26395.109375
10488.426758
9857.325195
43559.156250
25139.386719
26263.849609
8830.209961
20909.148438
19689.134766
12819.275391
28799.191406
34286.281250
3013.343506
11485.204102
12168.174805
40328.222656
10463.152344
16897.179688
33605.105469
4324.204590
21053.103516
24310.462891
29619.287109
25870.183594
39124.082031
30978.152344
8761.180664
21228.173828
8604.172852
28827.406250
8321.247070
23916.251953
13573.119141
23266.132813
9732.205078
32778.371094
21530.244141
11207.147461
3342.734375
10236.086914
61098.132813
19992.150391
23342.134766
84021.828125
13070.025391
48441.359375
36320.191406
29515.261719
14825.204102
2483.163574
18938.109375
28278.298828
20156.250000
7145.371094
36061.054688
4722.265137
21042.294922
33501.222656
36111.257813
9326.208008
39777.363281
21712.234375
13714.305664
83825.281250
9038.999023
14178.071289
43663.570313
10164.546875
22342.281250
7159.299316
28859.087891
31055.353516
10295.227539
30871.156250
8757.114258
10029.999023
32896.996094
25228.998047
25784.058594
19204.283203
40937.175781
14236.343750
12706.501953
9293.431641
6212.331543
14602.291016
23564.175781
34278.402344
42183.234375
4529.180664
29124.228516
12488.194336
10179.406250
4380.356445
34991.406250
12363.028320
16860.171875
29776.238281
49887.179688
16699.175781
8680.436523
9749.190430
9144.242188
8674.237305
26949.291016
39005.230469
26343.072266
20111.283203
16366.289063
33512.296875
9864.057617
14523.352539
38320.265625
9119.213867
3936.230713
6224.145508
27685.998047
12748.999023
10072.999023
9170.002930
11374.238281
41680.078125
8326.269531
1642.343018
12941.250977
11479.228516
24474.142578
37847.996094
5419.529297
15358.999023
24752.236328
33277.042969
51158.210938
36486.027344
41406.246094
2639.063721
22450.361328
49546.132813
23646.201172
13887.132813
61703.324219
2889.348877
28275.308594
31663.460938
43077.320313
9189.269531
21049.123047
2497.302490
32115.197266
27438.326172
26279.164063
25200.179688
18454.248047
5946.191406
10577.222656
2979.185547
16390.144531
9417.193359
9099.294922
9408.041016
8891.186523
27356.101563
7215.276855
24562.220703
27503.210938
25213.134766
10608.059570
12877.319336
24199.291016
23791.187500
8387.120117
30815.468750
8262.221680
10574.357422
96219.312500
17192.613281
12106.176758
3320.115234
63219.335938
7658.171387
21515.326172
21113.117188
10186.203125
12416.113281
10559.108398
19060.373047
4321.125488
31430.191406
21704.060547
27193.255859
13070.200195
33953.207031
18907.107422
24027.130859
23046.181641
2769.252686
18503.228516
24234.998047
13127.999023
31580.998047
9573.999023
42912.226563
38470.207031
47746.371094
36921.292969
20843.111328
9858.049805
2472.271729
35434.113281
14937.245117
4562.247559
30010.246094
36793.160156
11436.106445
3825.412598
23214.083984
9388.196289
28062.187500
26840.271484
46113.558594
47051.226563
42915.117188
2616.129395
41508.402344
23853.234375
10185.176758
34524.136719
27120.197266
5362.387695
15833.182617
33120.085938
13927.245117
61877.441406
8656.188477
35785.250000
12201.238281
54965.480469
26523.140625
16757.271484
29615.140625
32850.394531
4041.463379
16104.305664
21190.335938
6057.180664
4619.359375
23711.169922
39123.199219
23504.199219
6893.170410
60429.457031
28503.255859
33206.246094
33093.429688
7250.369141
9845.158203
2585.263428
3224.062256
23067.294922
40795.214844
25335.281250
8955.360352
24814.185547
22088.234375
52108.230469
27832.236328
24740.271484
7179.049805
30011.392578
21194.250000
44220.101563
4153.362793
21678.265625
2877.148438
26689.216797
13254.094727
10190.192383
24912.216797
21331.253906
7769.999512
42507.339844
8396.067383
47929.136719
10813.037109
7155.235840
4072.159668
8819.271484
10878.096680
7949.193848
32695.041016
27962.197266
72432.679688
30674.333984
40211.375000
34252.492188
19720.412109
11383.325195
49091.437500
33297.113281
28453.277344
33041.238281
7469.318359
13063.242188
11217.251953
22006.375000
26357.357422
29751.175781
38886.214844
10866.466797
4410.161133
32562.191406
8142.061523
26787.292969
40387.296875
27162.150391
27491.205078
10913.147461
21517.287109
21521.408203
21101.210938
31668.037109
23555.011719
13487.306641
8310.093750
23118.179688
26173.248047
8354.233398
2470.091064
30917.554688
7556.157227
3720.428711
6722.139160
18737.308594
25227.142578
30454.101563
3676.114258
39612.250000
36569.414063
26086.207031
14867.345703
24143.240234
8738.313477
40574.140625
23579.220703
14338.303711
1836.210449
25212.291016
26513.324219
33768.109375
10494.107422
21432.250000
7834.454102
25627.179688
42072.402344
36046.097656
17159.263672
28993.287109
4515.203613
24878.496094
43826.265625
71619.195313
19733.345703
62619.167969
23169.287109
38777.250000
28204.167969
21159.812500
13170.293945
12782.180664
24747.271484
6349.068359
12466.215820
59396.515625
27346.322266
35886.101563
5978.249512
5436.140137
10977.368164
4419.109375
44852.343750
13072.348633
3989.221436
11011.285156
14427.143555
6385.205566
26085.244141
31735.384766
28320.214844
21936.218750
33480.382813
13600.279297
21984.250000
2530.184082
30616.451172
16982.046875
36095.464844
22474.111328
32777.277344
24598.273438
15873.176758
28601.310547
1340.115479
36200.218750
18698.205078
28893.238281
9555.134766
11339.208984
57179.480469
37550.234375
40928.375000
2122.288330
25387.193359
32463.236328
22832.296875
25007.162109
8634.266602
13850.397461
38183.218750
31867.248047
25553.162109
4686.047852
11354.186523
26785.146484
48542.078125
22240.361328
12905.292969
24281.183594
13481.186523
11029.180664
5715.093750
22893.728516
33403.996094
8066.380371
24568.298828
46159.242188
10791.112305
14208.119141
28004.136719
31954.087891
24225.242188
20988.146484
13635.489258
23864.175781
27877.300781
33396.269531
34427.386719
18548.271484
2185.208496
17482.197266
3842.407715
33723.500000
45399.246094
46289.320313
32743.117188
30672.265625
24447.261719
28917.289063
10563.290039
28335.128906
39713.121094
19212.298828
7995.252441
30196.144531
24073.091797
20129.228516
4490.130859
9957.269531
32788.558594
27733.427734
9537.288086
19570.179688
7762.201660
258.265625
53355.421875
41737.230469
8050.163574
28606.177734
63891.753906
13808.148438
44702.203125
2883.109863
27291.314453
27561.345703
34159.183594
42048.335938
3048.310303
8589.051758
26413.267578
34054.214844
20073.042969
6579.298828
28875.292969
49449.113281
10792.103516
48786.480469
17112.308594
27276.144531
40198.375000
33721.222656
41487.132813
36904.328125
8196.199219
29129.205078
27057.251953
8996.146484
30734.425781
32019.384766
26516.246094
15358.093750
10787.101563
2374.210449
45916.031250
30886.171875
8550.085938
8439.406250
3572.375488
42491.125000
8183.191895
36662.210938
31122.263672
24428.208984
31540.375000
16166.379883
10922.227539
26456.419922
5716.162598
40170.148438
5123.173828
7066.288086
31078.138672
14896.017578
11263.999023
31140.462891
13959.364258
46439.199219
7734.999512
36277.335938
6058.110840
25651.123047
23103.222656
21954.205078
21236.005859
41509.339844
21527.238281
8274.305664
29393.197266
9102.151367
21275.335938
24250.330078
33763.195313
10250.163086
38391.214844
11038.141602
20514.152344
12992.223633
11052.121094
21561.566406
23559.210938
11551.289063
21193.179688
17236.214844
32476.261719
11744.274414
20167.509766
40502.257813
31800.445313
13750.162109
17889.142578
22502.005859
19384.126953
29950.212891
11483.084961
19703.105469
38051.230469
23684.378906
2287.107666
45450.441406
7844.134277
2118.213379
2007.726685
1408.080322
40853.339844
79801.476563
24125.103516
13648.317383
4132.204590
7146.234863
19548.248047
9372.240234
9445.364258
3923.375977
68359.210938
46197.300781
10621.151367
4062.375000
13738.094727
11442.208984
20426.302734
37009.289063
6632.282227
35626.433594
51651.375000
1747.251831
22464.306641
32901.070313
33314.457031
13024.152344
14608.232422
20068.335938
11829.241211
41049.136719
25425.410156
24963.998047
12739.999023
26438.117188
5501.181152
6458.154785
33773.214844
27839.998047
13318.999023
9958.999023
4848.217773
46947.316406
27808.128906
32043.125000
3319.501465
22802.427734
3499.152832
27913.275391
27197.208984
60041.441406
27875.119141
32765.314453
21413.236328
13611.223633
24659.398438
3760.145508
28967.234375
24267.218750
7587.323242
27763.457031
15618.098633
9787.090820
12366.111328
20252.400391
25066.304688
6597.148926
20906.212891
27823.181641
32725.423828
53769.636719
2193.166504
29153.556641
7783.169922
3763.208740
16543.226563
5249.085938
24650.470703
38558.109375
35979.246094
8553.197266
10980.142578
7604.143555
16492.490234
31921.326172
17432.144531
14414.701172
25558.056641
32860.093750
15901.485352
2539.150391
25275.273438
13956.050781
31023.115234
8385.191406
21035.169922
12311.258789
11392.303711
10769.273438
34350.257813
38395.125000
24362.236328
29249.332031
41659.109375
32126.271484
35415.246094
36302.300781
18640.376953
39356.296875
6834.419922
9911.077148
35515.171875
10910.106445
70990.562500
26379.998047
13411.045898
45852.078125
25537.166016
8523.398438
12109.258789
55908.402344
35425.394531
28701.046875
29218.144531
24242.232422
10855.500977
1343.162720
29990.998047
5548.999512
12227.999023
19122.310547
19088.507813
38089.183594
33372.113281
52061.277344
30461.148438
11092.250977
49799.480469
24808.175781
28077.283203
12530.279297
36661.058594
5282.513184
15416.749023
22590.123047
7754.171387
3675.128906
13384.191406
17405.064453
14348.175781
20633.164063
12961.111328
26429.210938
14251.077148
2407.217773
4815.200195
39387.273438
20320.207031
28719.998047
5660.999512
9760.999023
9223.999023
26281.093750
22124.033203
31875.115234
7835.271973
5651.270020
31416.214844
22383.140625
23992.253906
61215.347656
38128.152344
20443.171875
31565.041016
10815.999023
46413.285156
4612.109863
9918.176758
34098.230469
30755.500000
19131.181641
19664.392578
42971.304688
56300.156250
13578.134766
35621.429688
30680.162109
30934.199219
3846.224365
9759.166992
2886.117188
10139.107422
25022.240234
27427.082031
28720.359375
25319.214844
12691.158203
2654.263428
3505.142578
11262.199219
31773.472656
23556.205078
22069.218750
29694.261719
27175.214844
7121.292969
49662.339844
20838.998047
2027.999878
3303.035889
32912.144531
27585.078125
69511.250000
16507.257813
70778.359375
2349.293213
28781.210938
28070.117188
6382.214355
31584.240234
63568.394531
29486.214844
21810.138672
25110.265625
22734.435547
2536.449219
47192.132813
12959.304688
2180.294189
23756.228516
25154.369141
5988.208496
12759.038086
8487.284180
25508.488281
8809.249023
16659.142578
42246.093750
42067.058594
39020.312500
3131.399414
13033.154297
24645.332031
28071.152344
10509.136719
35287.394531
21413.087891
15125.153320
30797.242188
23701.328125
38799.234375
26445.220703
11932.165039
27225.105469
13693.999023
63179.996094
9288.180664
33002.089844
893.080872
36039.152344
4102.172363
6867.126465
1954.120728
10982.210938
5365.111328
29783.121094
13583.096680
1238.043823
30901.076172
9945.084961
9707.191406
20456.328125
13963.300781
41108.140625
10632.464844
25601.330078
51675.132813
66787.812500
46670.324219
36833.011719
50816.171875
74747.078125
10789.030273
27424.257813
6858.230957
21244.236328
19247.337891
43348.441406
2120.124756
16834.218750
18833.234375
20880.218750
12013.154297
14927.196289
9005.291016
16069.291016
3763.278564
8596.271484
17500.166016
10694.261719
37054.488281
14753.125000
44260.156250
16637.089844
29985.041016
10261.066406
8237.140625
43321.339844
13597.121094
29721.103516
25563.169922
4108.507813
7544.062500
29910.177734
2706.281006
4507.345215
11399.225586
25287.455078
30617.212891
37274.207031
27378.150391
43117.257813
5891.368164
25465.072266
25913.220703
37321.328125
22049.277344
8254.135742
29758.431641
5009.441895
5179.294922
28039.212891
6467.182617
39262.183594
20091.195313
2090.267578
28950.195313
16952.433594
25198.222656
8352.112305
11681.042969
19510.222656
1569.289917
18343.421875
7270.021973
48843.257813
58359.406250
20682.546875
7694.147949
38721.398438
27585.345703
25085.103516
10648.276367
51925.183594
23744.212891
42868.304688
14780.583984
5150.424805
73123.468750
8453.313477
11223.202148
30565.251953
23816.111328
10184.048828
4443.307129
15763.287109
12068.226563
25969.066406
51631.300781
2934.304932
30789.484375
20615.316406
26320.158203
5441.398926
7181.207031
47644.289063
19657.203125
7541.169922
8246.331055
27588.144531
24341.232422
27950.164063
9505.339844
20951.333984
37305.242188
5437.146484
42322.218750
27000.156250
11663.099609
27905.310547
24979.273438
5357.060059
8987.250000
11712.358398
2574.318604
10698.119141
23313.240234
32440.306641
19310.335938
35146.484375
30197.246094
17308.783203
3792.999756
43367.375000
7566.311523
17154.126953
35331.433594
10020.130859
21999.310547
9059.016602
24952.136719
33290.285156
11844.062500
2028.042725
9412.216797
29691.115234
24598.294922
11087.274414
60711.363281
9692.148438
9950.068359
16797.357422
1490.188477
10509.306641
27949.250000
31391.218750
23006.328125
13981.328125
10592.044922
11521.022461
38738.203125
17757.138672
21469.232422
36873.328125
22601.181641
33389.273438
10418.117188
13743.140625
28201.212891
12315.150391
28553.230469
33832.070313
12238.999023
47289.171875
21776.521484
8779.191406
11548.229492
7509.213379
7721.164551
10799.467773
14362.370117
13855.118164
2885.267334
11827.401367
20809.111328
41351.222656
30261.218750
12080.176758
8210.169922
37257.226563
51682.355469
42794.304688
28124.238281
9067.311523
28221.177734
22601.289063
34823.265625
19656.998047
11856.168945
18777.207031
29260.089844
44477.109375
40332.152344
7743.350098
48886.328125
35276.101563
16729.128906
9000.184570
5156.113281
37753.179688
18164.083984
6317.375000
17884.208984
10776.338867
34710.105469
18042.322266
38043.996094
7069.999512
36089.074219
1072.239746
28476.273438
55703.273438
5171.139648
2416.226074
20928.302734
35329.125000
8095.362793
3313.461426
18779.171875
36066.117188
25770.228516
23351.240234
59999.234375
5827.282715
28415.218750
32450.130859
11054.356445
23863.175781
10978.068359
4428.254883
39158.101563
44956.265625
8873.301758
40176.140625
31325.214844
18330.138672
21092.253906
17031.160156
12857.243164
13973.304688
20342.275391
47679.324219
15293.305664
22313.398438
24393.246094
40103.378906
34735.300781
3527.227295
20276.193359
30438.121094
9505.376953
53492.183594
23677.199219
6949.192383
21819.115234
29679.167969
10221.331055
11224.264648
31535.365234
31652.171875
7646.040527
10962.267578
10680.394531
13389.324219
1634.348877
18496.220703
19597.281250
1150.255859
27416.365234
46804.421875
30283.474609
2396.276123
30781.382813
11233.243164
34209.347656
12315.057617
24255.298828
20864.029297
19949.091797
12864.405273
22030.070313
34070.140625
10529.265625
5704.367188
35126.242188
25038.226563
39380.167969
13824.320313
8646.254883
17512.195313
3573.132324
27752.283203
46707.269531
35346.136719
11640.179688
43406.230469
22027.199219
31428.152344
34968.128906
6617.132813
7134.152832
10156.158203
17020.369141
1479.076416
44368.617188
41872.128906
13738.249023
10489.369141
1597.175415
5121.094238
37475.152344
18048.048828
9738.096680
4577.202637
5460.183594
29696.158203
9160.571289
19856.320313
26739.175781
24742.359375
8393.485352
23777.328125
13979.250977
39823.218750
12488.203125
10665.020508
9262.250977
5064.208008
14754.259766
7547.350098
12777.301758
2242.157227
38534.281250
16654.289063
19817.210938
46810.371094
13521.495117
26732.138672
13426.254883
36061.609375
22547.250000
26179.218750
23363.208984
20430.533203
20568.318359
31723.251953
12591.282227
13455.030273
39246.140625
25814.007813
39999.203125
26141.074219
29735.039063
17674.261719
9733.122070
13798.301758
40432.152344
9391.097656
13188.354492
15674.393555
9348.166992
29693.574219
12440.312500
10456.192383
23462.179688
6941.158203
12100.097656
45644.300781
21812.195313
8147.089844
5888.145996
13907.125977
37349.253906
4872.295898
34765.148438
32968.261719
2692.371338
3068.324951
2219.396729
13222.351563
17292.998047
606.318726
20167.220703
19197.998047
23054.105469
24708.281250
37543.175781
44901.296875
20782.115234
7503.229004
11013.043945
25057.117188
8617.157227
11976.199219
19156.136719
25215.154297
9316.151367
6237.206055
11442.264648
31480.177734
5921.326172
54678.339844
11662.224609
31084.314453
43255.457031
5794.127441
20923.091797
15589.237305
30353.160156
4974.354980
60310.300781
20597.400391
13199.201172
13109.289063
14931.106445
6241.184082
24123.111328
14130.465820
12212.318359
22336.472656
29930.228516
19271.208984
41344.382813
7086.205566
3419.253662
20212.066406
36904.343750
11802.129883
14158.182617
36655.113281
1496.187134
22819.343750
41804.210938
16625.316406
28676.265625
4949.202148
7263.167480
17266.101563
10950.356445
1586.550659
16806.226563
51070.503906
22838.242188
7099.064941
13440.999023
26798.136719
28049.158203
11437.251953
7923.375488
25918.189453
3474.194336
24593.367188
37528.179688
10068.263672
12123.411133
20413.224609
2910.230957
7783.105957
25706.166016
8915.239258
40967.683594
3908.191895
12262.199219
11069.284180
23882.050781
18906.082031
9622.064453
44885.277344
5305.501953
23588.185547
26812.455078
13797.263672
28141.082031
13847.172852
26991.341797
16170.240234
24812.322266
23993.349609
25101.134766
11688.220703
32473.218750
30669.261719
14329.188477
23210.130859
6643.120605
47754.242188
4314.165039
68139.250000
10616.083984
25961.175781
33965.472656
50376.144531
23460.148438
30345.251953
2475.208984
37289.394531
40090.300781
28167.400391
27995.261719
23715.076172
12508.148438
25948.130859
10416.145508
4433.205566
9407.773438
13365.220703
88184.835938
27130.425781
22758.187500
28020.230469
29076.244141
24919.095703
16183.238281
26512.218750
19962.208984
34777.171875
20561.318359
10345.144531
13829.252930
10648.064453
36335.464844
21496.634766
32213.320313
19678.158203
73714.421875
48617.222656
27919.166016
3420.726563
70309.210938
2774.291260
65780.296875
45123.171875
13287.260742
10003.270508
3650.067139
12664.241211
13554.121094
25323.355469
11038.201172
16983.316406
7096.221191
26891.093750
8332.292969
66463.320313
41048.148438
40577.269531
30641.361328
6334.205078
11198.272461
35265.195313
31991.142578
50121.160156
15118.167969
28381.134766
9135.213867
20459.181641
29445.195313
5310.447754
11332.177734
13870.219727
26912.064453
47519.539063
10398.391602
1156.271362
9468.096680
51340.996094
10422.160156
9236.044922
40047.281250
11306.347656
1636.733521
1259.169067
13035.477539
42420.203125
19194.269531
5120.275879
30230.412109
1871.251831
34638.531250
33742.335938
9335.118164
49709.296875
13803.184570
19226.226563
27778.457031
28901.392578
5546.249023
33954.484375
26397.082031
21148.486328
53422.187500
1983.445435
1404.502441
31681.205078
4685.184570
20599.326172
1597.401001
17013.210938
39204.121094
42316.304688
17353.148438
23942.074219
3168.455078
3519.364746
17206.253906
26332.306641
4710.552734
48447.449219
6965.999512
22921.216797
24189.279297
13673.244141
8860.108398
10925.103516
7448.320801
13257.268555
19131.998047
29280.041016
3487.154785
25753.046875
26244.037109
16006.255859
37479.164063
33952.160156
7571.091309
9896.149414
25469.126953
3350.205078
25085.343750
12309.165039
23107.406250
8568.132813
9391.241211
19321.214844
20361.142578
20095.175781
5790.213867
37148.996094
4490.239258
29797.064453
10620.037109
24065.279297
34365.167969
9637.253906
51445.656250
36713.265625
13142.237305
6055.115234
2227.394775
19636.193359
10392.159180
5406.249023
26284.078125
6360.228027
26044.146484
1629.291382
9703.228516
10760.290039
19762.275391
41976.257813
9325.166016
7257.183105
31730.300781
49464.558594
12576.200195
4300.144531
3102.149902
30593.085938
26666.998047
44703.058594
27914.226563
8589.191406
9563.147461
14354.319336
22244.111328
25875.248047
11011.123047
10747.312500
22984.210938
22253.314453
3572.315674
9653.377930
41677.160156
3622.208008
28439.257813
20903.105469
33047.187500
16257.101563
20827.078125
15501.246094
26973.636719
13386.123047
57419.464844
25131.171875
37353.355469
8806.226563
26510.203125
19262.173828
34696.140625
2512.027100
25471.226563
23679.357422
28868.128906
53619.296875
28449.275391
32854.210938
44043.218750
6279.166504
44361.367188
6811.521484
32241.298828
12689.339844
17275.193359
17775.134766
8780.128906
6869.194824
27282.134766
19659.220703
10853.266602
34662.105469
12522.314453
21612.281250
28358.195313
21343.199219
11885.258789
8273.427734
25976.123047
15821.433594
31634.175781
9988.259766
24046.082031
27884.382813
7312.381836
12244.101563
33471.214844
9250.164063
10932.160156
45008.128906
33699.195313
29473.095703
12466.175781
44750.320313
4160.161133
30537.460938
23899.187500
12492.211914
38254.152344
35567.269531
17919.310547
39636.382813
2147.303955
22376.189453
20280.171875
4860.166504
34507.367188
28758.078125
25116.222656
24157.375000
12938.358398
3797.377441
7696.085449
69874.335938
9645.180664
22854.093750
21789.210938
22874.652344
20853.251953
26782.185547
8568.274414
25861.171875
20241.195313
11603.263672
43338.253906
15809.104492
13260.251953
16377.386719
11648.266602
1743.301636
1993.245483
28705.416016
25784.238281
20515.126953
40702.125000
36852.304688
32991.429688
8456.164063
1601.195801
13485.096680
19707.425781
30542.205078
40563.218750
3575.091309
11581.006836
4763.555664
49495.335938
22974.125000
23935.175781
11763.257813
32816.253906
9321.404297
7363.179688
1480.379639
11416.082031
9673.176758
21352.171875
20244.183594
5285.232910
9392.096680
35940.261719
13681.488281
63377.347656
21790.052734
6000.158203
25178.267578
21690.150391
50654.070313
24152.400391
27972.302734
23953.162109
12217.240234
13271.176758
24124.449219
26310.107422
1364.383057
54359.453125
36960.417969
3641.149902
43432.203125
13010.250000
23161.210938
26704.248047
8266.366211
26458.220703
36740.171875
12288.164063
26111.298828
10582.146484
7711.206543
17764.210938
44470.292969
25352.164063
6438.110840
23776.167969
15331.519531
22817.183594
35938.070313
10800.231445
24646.238281
29979.248047
28732.253906
21603.244141
41904.359375
10658.330078
6900.833008
34369.179688
18272.062500
25251.271484
26071.097656
43117.335938
20356.361328
9468.178711
29682.220703
7825.221680
25651.238281
26185.238281
10522.161133
9594.148438
10522.253906
7120.295898
15814.319336
11045.161133
26225.214844
1674.576050
21622.298828
23738.388672
26371.345703
13774.090820
6786.318848
6678.361328
11168.130859
25503.753906
11058.253906
5235.287109
10762.344727
25333.222656
17302.103516
29421.134766
9084.074219
26871.080078
10890.211914
4589.477051
35650.207031
24526.359375
20688.646484
36039.105469
13563.054688
29183.429688
16009.145508
20565.117188
20801.101563
3473.337646
16288.287109
10643.361328
32313.265625
23349.123047
5693.341309
2214.204590
5630.408691
28962.263672
1065.207520
2574.181152
42855.152344
2481.413086
30751.193359
31856.294922
9119.166016
7888.181641
30809.425781
27855.130859
20450.099609
13650.239258
17418.355469
9147.168945
13903.105469
12661.307617
11462.268555
8308.233398
20592.158203
14911.215820
2602.326416
25803.238281
14971.167969
824.218811
17130.064453
4036.174805
24754.244141
13425.199219
2894.317627
13474.247070
32741.273438
40588.250000
19565.185547
12788.187500
17631.197266
31736.353516
42040.199219
28462.238281
24085.482422
10384.556641
22064.097656
5687.213379
12376.094727
26673.203125
8641.286133
19703.285156
40686.289063
40246.378906
11881.249023
28501.191406
3458.167480
21440.232422
14802.383789
3554.279541
38567.339844
25236.246094
25506.199219
30737.218750
13955.580078
15641.212891
15273.127930
4144.293457
26086.152344
14362.210938
48159.460938
2380.507813
25699.304688
31206.304688
34371.226563
11638.263672
8248.150391
36118.316406
32578.292969
43027.800781
3288.323486
12205.303711
39255.300781
30890.132813
8604.398438
5869.515625
12808.211914
10471.485352
19398.378906
10125.236328
26914.312500
4685.184082
11215.082031
45377.386719
35064.171875
19637.205078
11611.316406
2620.115234
6733.476563
30106.230469
44071.316406
40744.261719
8156.201172
13694.003906
27317.183594
6970.435547
22295.123047
17540.068359
8072.114258
37930.121094
4802.182617
47301.328125
18503.320313
15229.232422
9287.233398
63873.242188
26287.181641
9469.250977
29164.271484
19900.550781
26642.250000
6504.089355
65645.429688
24618.328125
47924.140625
10556.176758
73638.140625
34919.121094
10376.155273
26833.232422
2389.187012
7596.254395
32870.160156
10156.233398
21647.134766
39557.234375
21570.345703
8182.346680
42011.144531
25102.101563
6611.999512
5893.036621
2389.009521
846.235352
27394.269531
38221.363281
25960.287109
34691.246094
11492.167969
2390.168457
34309.242188
25062.095703
1993.292358
7999.228516
13908.215820
71320.687500
36812.113281
10238.156250
51490.402344
6939.220703
19570.169922
11093.294922
13158.371094
17486.195313
62244.351563
10650.059570
43240.183594
52870.222656
30722.185547
17771.136719
13519.427734
9315.057617
24553.208984
13470.258789
23847.458984
10016.081055
10302.210938
9475.032227
20951.353516
2376.322510
16853.205078
12817.092773
39987.144531
5846.270020
37832.500000
30374.173828
11959.110352
38744.351563
19749.220703
12923.271484
23860.193359
19442.337891
18123.201172
37717.351563
43536.156250
8586.077148
10156.144531
35494.265625
10923.160156
3034.186035
31113.123047
1767.224121
7876.330566
4265.067383
51385.250000
38754.316406
13692.175781
38005.218750
9861.106445
61117.214844
1718.230957
12688.393555
11920.112305
11780.135742
35039.351563
22152.072266
9976.317383
9849.175781
16784.169922
2879.113281
25661.072266
26451.265625
845.179321
9737.144531
10980.176758
47580.300781
6149.228516
15903.339844
9016.182617
9335.387695
6811.187988
21394.197266
5493.193359
8658.166992
11406.156250
12743.291992
7852.312500
24690.998047
3103.434082
37878.128906
12716.319336
14698.108398
33041.429688
17807.238281
9774.281250
35890.375000
21561.173828
10356.426758
34119.183594
21860.140625
15296.199219
32127.279297
24938.250000
22174.271484
3219.071533
25075.126953
15006.187500
48112.230469
25276.253906
32832.171875
8526.251953
14919.236328
3901.234619
12641.132813
17351.152344
12737.302734
6706.312988
4665.189941
48015.187500
42567.230469
23252.142578
51910.289063
18413.154297
18618.468750
21503.332031
12768.999023
47954.300781
30759.251953
8656.008789
61526.996094
32211.998047
27792.998047
2671.120605
26606.998047
24927.119141
11115.292969
4049.271729
7738.303711
8839.334961
32906.375000
49291.203125
10566.242188
10003.196289
9426.138672
38974.207031
42156.339844
3374.303467
10803.196289
14923.179688
10541.180664
50639.296875
4439.394531
38954.070313
48522.070313
16629.246094
18869.048828
33186.179688
7703.048828
11007.350586
27226.240234
22296.308594
48034.207031
26964.320313
5725.373535
12578.062500
14156.095703
11643.142578
11222.091797
20089.341797
65559.226563
23139.164063
27443.234375
13145.109375
27417.119141
60528.503906
54998.265625
2774.174316
29956.296875
30624.220703
49430.367188
13688.323242
33315.339844
11557.122070
30135.113281
58269.253906
47202.085938
28189.375000
5769.147461
10858.999023
44935.359375
2791.061768
13649.188477
13587.324219
25177.998047
5110.999512
8305.999023
13309.057617
9117.123047
24626.134766
18993.203125
27946.333984
34618.171875
60638.136719
29527.189453
19817.220703
29279.164063
7631.197266
26968.337891
3314.157715
11870.208008
23352.320313
42301.234375
31324.390625
25187.443359
7088.321289
40134.253906
45991.195313
3554.585205
17943.169922
22455.693359
24622.308594
22469.236328
7359.187988
24019.316406
32681.275391
24352.400391
23809.144531
20247.121094
26497.998047
12578.207031
38290.156250
37456.234375
26580.179688
54493.273438
8396.208008
5220.184570
10101.128906
38818.312500
44588.332031
24976.193359
21715.318359
682.132019
35760.472656
37027.203125
10139.287109
53148.207031
34721.273438
29015.250000
34257.210938
21994.277344
55006.398438
1468.141235
12369.164063
25011.275391
41709.277344
24810.289063
33669.054688
7289.099609
34100.101563
19776.509766
25011.398438
35377.578125
43459.246094
12106.311523
40619.121094
63416.296875
8324.191406
13574.214844
52111.277344
23504.246094
42689.304688
12502.019531
34721.222656
22143.294922
26542.294922
27231.052734
11719.189453
64420.222656
25226.298828
27166.382813
23150.238281
1466.617920
15073.183594
40309.250000
54621.621094
31504.369141
12806.224609
13819.136719
56372.265625
2118.187988
7547.174805
40045.441406
28775.294922
40465.523438
40525.222656
11304.157227
11322.380859
36334.375000
59348.394531
16013.276367
13414.286133
1804.271362
15032.288086
27786.263672
8722.382813
26547.009766
26037.998047
76540.531250
29463.263672
77574.500000
35136.335938
31257.304688
35997.113281
1534.384033
26796.300781
30602.308594
4724.190430
10154.217773
2496.673096
17888.302734
24463.205078
5048.095215
19440.150391
37704.328125
34977.195313
23269.115234
19607.191406
36408.226563
17477.333984
23547.150391
16681.205078
11520.375000
22644.162109
5621.141602
23653.261719
11084.264648
26187.193359
40651.156250
20311.224609
22315.304688
5548.343750
4953.238281
22145.464844
23208.216797
8736.294922
41364.210938
30021.126953
3081.326904
66223.570313
8257.285156
19024.109375
36962.667969
10144.350586
17611.189453
23853.318359
12197.111328
37357.167969
2982.198730
30389.152344
8524.269531
2250.314209
2150.293213
26843.341797
49115.183594
23577.277344
3442.392578
7184.364746
13320.236328
8408.305664
19938.177734
2311.273682
4252.079102
45520.167969
33825.144531
25586.167969
26796.250000
28921.308594
13104.396484
8687.589844
25462.195313
5351.336914
11005.320313
38664.300781
5749.086426
8785.059570
6654.458008
34313.507813
14287.191406
11155.325195
4801.268555
14098.173828
10349.389648
10868.323242
2611.208984
6858.165039
3100.155762
12059.204102
8542.385742
21917.591797
13133.164063
9892.106445
41404.277344
45966.281250
38472.253906
29530.283203
30464.439453
5737.208984
34290.996094
12779.125000
28743.097656
985.117432
11369.129883
8464.133789
7858.341797
10152.260742
11074.115234
3404.270752
6530.121582
9534.189453
13360.113281
33443.304688
23891.253906
13224.211914
30629.337891
4300.166992
24481.625000
50776.355469
22828.435547
26858.171875
51025.101563
31124.173828
9206.075195
33371.148438
3609.238037
34274.324219
6422.124512
21410.265625
4186.432129
41951.207031
23053.173828
6886.179199
2029.169434
31770.203125
15319.183594
15524.219727
22599.085938
30437.162109
41342.578125
26900.365234
1389.104248
5689.148438
7568.469238
41973.289063
18566.361328
33177.218750
11200.141602
30425.351563
21740.273438
20069.238281
42797.281250
9185.156250
12438.312500
14866.198242
41139.304688
23309.193359
18730.560547
8564.185547
24150.199219
27379.363281
8471.280273
1783.335693
31635.201172
26579.097656
3999.331299
29247.228516
14045.255859
35111.175781
6379.120605
14238.260742
4450.083496
50165.136719
54793.527344
1937.580444
23060.179688
9503.524414
4852.325195
11060.200195
3102.121094
2377.374268
6760.228027
22907.302734
2962.185059
32855.316406
12894.298828
44798.207031
24912.152344
23591.240234
33892.242188
21127.146484
26199.298828
11585.061523
26482.328125
12131.143555
30101.195313
7966.180664
21723.402344
2275.166016
31633.503906
15401.270508
34809.554688
30286.259766
3493.192383
34410.019531
4789.223633
19413.429688
25658.351563
19763.279297
30191.099609
37149.328125
42347.136719
48463.066406
34805.199219
27032.134766
26013.396484
9888.256836
13234.214844
23586.125000
2781.384033
10552.079102
31142.113281
8414.011719
31108.048828
14994.240234
908.205627
8067.244141
29539.216797
34955.175781
19172.363281
4051.167969
25916.164063
20460.101563
10767.248047
23741.136719
2296.219238
46892.140625
23090.150391
47399.234375
3809.191406
36618.300781
8815.207031
4758.228516
19227.083984
67181.414063
23158.154297
2610.239746
24371.273438
8898.426758
12819.155273
30243.673828
42645.250000
54770.386719
39665.039063
28198.082031
21724.224609
17493.130859
4143.355957
8331.081055
25205.375000
34641.082031
35386.222656
20175.314453
39566.156250
24407.218750
10145.088867
7594.320313
23374.187500
4820.133301
30545.144531
26443.039063
17450.187500
29586.613281
35463.199219
27609.095703
11305.341797
23023.232422
3825.368164
23125.199219
24320.273438
34193.273438
25654.541016
20825.167969
18276.201172
25733.226563
25871.160156
35313.429688
19800.298828
3225.395020
5355.479492
709.160339
14251.247070
14524.261719
19327.324219
6852.208984
16896.375000
22859.195313
24339.173828
1730.000854
26519.273438
22955.298828
33492.074219
1043.263184
13120.375977
40001.207031
10860.173828
26293.214844
25314.191406
26381.376953
1835.431763
9073.228516
20511.183594
31737.164063
11039.309570
38304.257813
45954.414063
14556.059570
12113.333984
9971.999023
5876.005371
28815.048828
42974.183594
22826.199219
23930.187500
24082.162109
30648.248047
9944.232422
23762.244141
45608.085938
42512.078125
12735.036133
11430.999023
5020.257813
2297.309814
50972.117188
6350.017578
48755.050781
35558.175781
8905.087891
15089.209961
31448.011719
33023.203125
27719.375000
33722.042969
41472.425781
15869.319336
9046.148438
2269.181152
10418.046875
11824.331055
26230.011719
41585.214844
25599.277344
23801.375000
10596.249023
26942.154297
5923.293945
27851.455078
12792.046875
9739.131836
43485.058594
32579.138672
61571.199219
11355.214844
16339.098633
17846.289063
25426.171875
34950.179688
21187.179688
41979.097656
27107.208984
22320.296875
42175.199219
25603.099609
129090.648438
32984.375000
34105.199219
5323.999512
36644.996094
26297.203125
25552.322266
44917.296875
14022.157227
29512.212891
4482.199707
33130.183594
19693.232422
33807.195313
7770.240234
17121.173828
8300.332031
26487.218750
28672.326172
7299.240723
21678.132813
38370.187500
6872.208496
16430.080078
11033.218750
19276.378906
8343.144531
13873.416992
38226.519531
23251.343750
32305.289063
2549.302490
11595.232422
23832.474609
3523.119141
32790.214844
51081.433594
8424.173828
28019.111328
31829.263672
13807.105469
19702.560547
26527.261719
10976.207031
25971.376953
48056.089844
64997.222656
41012.234375
30988.384766
31125.435547
8601.231445
21334.167969
21286.259766
26587.142578
27728.425781
1131.363037
29388.240234
23069.267578
17171.224609
6089.232422
4137.285156
33549.093750
4468.055176
25123.373047
10134.308594
8635.325195
8755.213867
6137.384277
38480.273438
20611.099609
34172.273438
11179.254883
52550.351563
13338.266602
22753.500000
9041.208008
26013.283203
41964.199219
23726.105469
13710.209961
15287.208984
31320.294922
1462.225098
43197.152344
29030.175781
36215.355469
8358.366211
7339.257813
11761.158203
38055.078125
2074.356689
24936.093750
12164.144531
23374.380859
7959.173340
12582.036133
41716.242188
27456.279297
25648.136719
39464.343750
16357.389648
29334.312500
31605.152344
4605.089355
39140.226563
6433.249023
7810.167480
12899.262695
3531.171387
1464.252930
13608.199219
24039.144531
7221.152832
33726.343750
17771.458984
15261.096680
26604.212891
23818.177734
10866.230469
34591.292969
1142.227051
30309.353516
27107.523438
44070.246094
16639.277344
8965.097656
21411.332031
44061.191406
25124.314453
44553.101563
30136.242188
17180.183594
4307.179688
2020.381470
35585.386719
32898.316406
12280.179688
34852.390625
30404.146484
10146.139648
29134.236328
22999.246094
42281.125000
38366.230469
22179.318359
24800.304688
12179.422852
22623.087891
9335.247070
6058.182617
2115.260254
12840.622070
49986.613281
30222.220703
2855.108398
18287.318359
13483.491211
41483.109375
19436.230469
25350.248047
54830.281250
51843.289063
13066.118164
23163.224609
8081.426270
13080.206055
25421.115234
2341.115967
13283.145508
25494.542969
22202.207031
5605.206543
2807.219238
48797.371094
14405.070313
26528.271484
11366.089844
45699.375000
10672.304688
6985.083008
5462.153320
29239.160156
16436.339844
17430.419922
9582.181641
12711.422852
27552.335938
45066.277344
45367.296875
1851.202148
38826.121094
2599.362061
8104.289551
12842.186523
9435.181641
2731.192383
15650.197266
21578.228516
11329.071289
20701.199219
57939.308594
5378.450195
3352.132324
11774.267578
4868.157715
12621.276367
22222.273438
9459.364258
11278.267578
30595.113281
7178.242188
11010.292969
12485.295898
11016.029297
30330.291016
49813.324219
33964.246094
9200.233398
25542.207031
14285.115234
33567.171875
38040.136719
11004.242188
37354.226563
31905.285156
12012.114258
4542.271484
21761.412109
10147.170898
43880.273438
26545.160156
39989.699219
36292.609375
42534.265625
13404.166016
22039.152344
32315.281250
28514.263672
18119.250000
31521.097656
3263.027100
38008.046875
25665.542969
11355.166016
30765.283203
47166.125000
9266.100586
28893.335938
2927.158203
11008.273438
21543.216797
78782.421875
38563.355469
25018.158203
9503.302734
24677.296875
60902.238281
10957.036133
11485.217773
13710.148438
3263.148438
13016.068359
9708.256836
19695.357422
24045.158203
3748.294189
14631.277344
20423.164063
2676.107666
36199.250000
35570.253906
6768.240234
13791.419922
24565.144531
32634.283203
24360.166016
7744.177246
39315.488281
12569.232422
1152.132446
30471.218750
30427.332031
6795.210449
32149.218750
2520.356689
23934.339844
12147.404297
8454.165039
10068.177734
41094.238281
20252.238281
5268.318359
9137.091797
59732.492188
9545.281250
30424.138672
17186.263672
2715.432129
22100.183594
5248.253906
33773.324219
9026.339844
28335.294922
9811.999023
40015.281250
26505.246094
40936.546875
32580.384766
22218.294922
27081.201172
7542.228027
14937.319336
36235.390625
16850.230469
5353.160156
29362.189453
10446.119141
9175.423828
24366.179688
15361.083008
15281.181641
33070.312500
3706.312256
11588.122070
29791.128906
32974.136719
19991.111328
17927.023438
21079.353516
28361.226563
14489.314453
23760.265625
38707.156250
22145.283203
4815.360352
23067.275391
65729.328125
18139.392578
18589.250000
10294.343750
38341.207031
29950.287109
11937.205078
25180.171875
5141.172363
35350.277344
21807.121094
24134.416016
6470.365723
26975.060547
12230.285156
36083.136719
11494.205078
1970.135376
14341.131836
9752.295898
16376.235352
21229.052734
28787.216797
6608.301270
12182.243164
34966.054688
10867.188477
24393.042969
23012.263672
11060.228516
1770.210449
25385.205078
21643.029297
4640.172363
35813.695313
1115.093506
14416.164063
33168.300781
37073.230469
50571.246094
15903.440430
79029.304688
25911.357422
14740.286133
31961.140625
31727.310547
35633.222656
12051.250977
22684.277344
50196.031250
4382.132324
12169.348633
9985.170898
25080.244141
5720.251953
24941.042969
15160.195313
26922.238281
40262.085938
10270.125000
7641.183105
12090.098633
34031.480469
10973.076172
12101.466797
39273.328125
8885.190430
19578.195313
12811.192383
30789.361328
48013.398438
30898.296875
23290.472656
1336.438599
26036.421875
21283.308594
23036.146484
9242.094727
6921.244141
25269.347656
23180.216797
5000.145508
21755.277344
12711.307617
13336.220703
10617.205078
26191.185547
24963.345703
12807.045898
13885.129883
43212.195313
15391.131836
6974.206543
31815.265625
1140.282104
23114.431641
21954.175781
46971.421875
48063.425781
33852.027344
6190.023926
2678.314209
9637.228516
19137.244141
30837.218750
21621.298828
31839.216797
31894.416016
10441.137695
11769.283203
45538.570313
32961.269531
7685.271484
19648.230469
21343.273438
13068.066406
50719.289063
77800.437500
3415.281006
25246.255859
2188.372803
32521.257813
23277.236328
24412.210938
24247.289063
41642.175781
27445.119141
1117.297729
34250.058594
30579.328125
31526.294922
23296.212891
35653.191406
20333.175781
24091.998047
1958.134399
7013.168945
23464.017578
1317.192505
11459.200195
6840.505371
29336.310547
38243.441406
22655.410156
16228.095703
20211.193359
11640.221680
9649.178711
9518.108398
5652.221680
28160.173828
9679.328125
15756.261719
41720.265625
20120.294922
865.299683
31583.308594
50620.371094
5807.274902
20704.441406
24765.150391
21886.171875
12891.172852
32565.259766
42604.347656
16044.279297
12325.136719
33884.222656
54570.281250
27992.130859
18999.435547
18568.148438
40833.171875
22062.232422
23482.152344
24846.177734
7425.258789
2661.216797
4216.270996
51708.312500
20147.148438
28595.236328
1835.121704
13795.114258
4309.639648
53358.304688
23987.173828
14297.254883
5153.519043
36743.605469
43427.406250
32433.302734
8705.239258
28428.130859
29919.332031
41757.359375
3219.415527
25052.279297
48117.164063
23734.271484
20430.185547
29785.205078
4736.410156
5483.049805
5484.266113
22112.199219
22558.267578
12679.175781
24078.279297
21902.160156
10254.111328
47603.250000
12872.568359
6192.226074
1430.311401
43352.480469
9698.349609
27948.222656
4685.262207
11808.266602
48860.093750
28260.130859
10458.583984
10386.361328
26877.511719
23449.193359
25470.253906
73334.460938
27766.388672
3411.164063
16675.322266
8633.044922
2632.298096
41320.261719
34091.128906
26722.302734
26308.257813
7410.231934
65471.167969
48594.425781
15087.257813
38520.246094
41543.257813
11139.078125
34357.191406
75968.281250
6140.999512
12231.288086
8117.393555
26631.101563
11104.294922
1347.307007
28382.488281
50227.207031
37465.285156
28086.152344
30714.144531
31637.382813
22151.232422
12332.999023
17547.998047
12549.037109
12434.135742
25000.171875
1379.120850
24635.271484
20032.083984
11191.459961
986.166138
8977.166992
28978.128906
2295.135742
36700.195313
23359.169922
63737.250000
10856.336914
9825.390625
33778.289063
51420.699219
24791.185547
18649.322266
12709.086914
4293.083984
2866.238281
2863.187012
19417.287109
29043.279297
7322.061035
12600.218750
11877.231445
2800.042236
15797.200195
10432.075195
38868.136719
27856.175781
21439.195313
42990.183594
29430.097656
23267.273438
45694.195313
30955.191406
44405.273438
17062.326172
45187.417969
10943.359375
28629.273438
27598.380859
26398.367188
9302.176758
21580.265625
39191.398438
27984.144531
29699.572266
27963.277344
14015.381836
25832.423828
36862.167969
22315.125000
64122.300781
39765.375000
30410.140625
12152.188477
19334.388672
17507.226563
36962.328125
3984.346191
7402.132324
10497.056641
8119.101074
12448.276367
23847.132813
41757.371094
11318.060547
21185.292969
18599.341797
25540.240234
23682.787109
9732.183594
10214.999023
29473.503906
33944.191406
26896.193359
29376.171875
9406.041992
25618.517578
10835.070313
18069.226563
11601.274414
37046.195313
46790.144531
43173.257813
26743.287109
17137.277344
8641.192383
1274.059326
26702.166016
36691.128906
44624.113281
24310.283203
8483.273438
12107.168945
25148.357422
4183.312500
22260.087891
8006.063477
1974.119263
15881.369141
13947.288086
7173.313965
2003.184570
5994.309570
21281.271484
11982.141602
23539.171875
27236.214844
26931.183594
49198.328125
15991.172852
13393.115234
37161.144531
6792.083008
16332.281250
21732.109375
851.235840
1621.174438
8738.246094
4772.390137
7802.173340
22886.140625
32333.433594
22466.220703
33317.156250
30517.185547
21436.386719
46204.214844
21264.173828
12646.097656
20652.226563
6663.206055
9010.091797
33973.210938
10326.151367
10918.218750
31210.341797
9826.208984
17631.078125
10505.093750
22068.134766
34075.402344
68966.250000
34029.222656
5566.357422
28017.134766
35961.382813
7662.248535
5949.386719
45808.351563
36711.699219
42953.089844
23225.478516
24986.060547
5876.430664
14360.133789
3716.165039
21665.240234
44761.207031
8391.018555
8238.350586
8146.248535
26240.283203
41808.238281
9410.115234
9463.217773
29408.156250
20057.242188
14636.413086
6464.586426
31105.230469
27624.412109
5426.211914
56049.343750
25187.179688
4182.163086
15234.999023
8626.999023
2976.244385
11395.999023
2977.122559
29300.113281
22389.265625
20872.158203
13717.150391
5965.333984
38625.242188
29541.216797
25403.218750
22645.097656
16096.306641
14266.999023
28780.132813
47937.054688
13002.125000
14371.136719
27611.105469
1652.133911
20957.140625
27240.421875
52346.410156
12732.272461
25201.183594
23625.378906
10789.154297
34713.207031
2631.204102
12276.286133
53715.226563
2564.288330
22396.142578
6696.275391
11303.203125
38333.246094
35968.089844
8574.019531
15718.110352
24070.251953
61019.683594
10066.221680
7364.091797
29978.167969
51803.429688
23594.404297
22116.056641
21307.402344
9794.215820
28233.214844
35289.207031
6557.439453
76214.265625
29631.279297
26666.166016
30990.355469
21171.304688
26504.236328
23900.183594
24624.265625
33579.140625
26938.111328
53028.222656
36968.500000
32198.460938
35265.218750
15486.461914
42627.285156
1710.151489
3525.358887
17426.246094
25478.093750
3888.119141
7361.113770
8295.999023
8093.999512
35772.000000
13504.196289
11107.178711
25360.138672
12554.397461
37878.300781
14249.169922
25048.103516
32870.230469
37244.199219
21930.367188
2743.189453
16021.337891
18792.191406
25666.208984
22791.111328
25478.427734
23500.181641
25161.244141
7436.418945
24976.451172
57453.300781
15640.071289
23463.267578
33688.335938
25260.228516
43060.335938
11728.202148
12214.187500
26430.123047
7278.118164
29325.289063
6476.296875
48414.273438
2292.413086
35501.179688
1842.218750
3877.179199
11493.108398
32279.246094
27502.207031
7726.349121
21076.185547
16391.357422
11123.142578
25447.121094
10186.213867
14517.190430
13576.262695
76053.578125
35243.183594
23520.199219
32487.142578
21053.314453
14490.264648
13080.398438
9340.138672
26131.189453
3568.137695
9774.335938
18480.150391
3215.230225
34192.175781
12494.273438
31830.253906
44066.074219
29790.220703
18514.304688
33176.109375
24943.220703
35990.187500
21949.320313
51862.175781
8561.255859
13381.196289
37294.199219
46613.328125
11907.389648
50997.410156
19959.173828
38419.226563
25498.123047
4321.187500
4185.433105
25531.097656
22114.105469
24095.312500
61313.394531
38900.304688
12826.347656
8828.261719
9437.188477
27199.865234
30823.271484
27781.320313
24294.216797
9498.222656
24055.146484
26135.230469
28312.232422
10238.176758
6333.172852
46074.281250
10256.085938
16789.097656
16513.382813
25995.263672
3643.343506
22636.193359
27497.255859
32851.328125
11399.183594
24950.509766
22176.158203
6707.161621
36704.027344
18877.398438
18938.123047
23909.232422
13631.245117
11436.289063
14433.203125
4132.169434
21610.257813
2236.515137
26567.375000
32949.714844
17722.164063
14695.254883
10527.314453
23784.318359
11752.275391
50615.339844
54673.324219
37939.375000
31779.267578
22412.099609
36700.300781
42820.246094
10033.217773
28196.384766
28911.216797
24307.271484
29907.140625
9949.132813
8600.049805
3971.141602
29502.416016
1615.278687
2915.261475
12153.180664
10383.063477
47491.507813
29158.287109
22605.375000
21457.416016
1663.235352
31300.162109
65133.359375
25038.279297
26075.218750
34840.281250
27103.285156
10467.156250
19089.431641
62360.156250
52233.332031
24250.304688
1744.204102
11672.152344
32392.117188
38868.347656
50535.265625
39295.109375
32195.259766
13076.273438
11315.088867
16808.330078
12405.083008
23440.144531
26602.255859
22168.232422
5981.388184
6279.142578
30334.298828
10242.194336
20151.330078
21230.203125
22321.107422
21947.431641
28616.298828
26069.308594
22250.281250
9725.024414
28435.298828
8105.134277
37124.156250
27931.349609
19657.177734
3639.381348
37253.203125
7259.190918
38877.316406
3560.257080
25722.148438
23183.414063
17574.335938
18346.283203
26341.117188
9157.144531
22846.083984
10882.044922
12633.375000
5977.271973
49105.277344
25429.601563
21276.113281
16000.387695
24661.269531
20475.162109
24565.199219
10936.156250
21885.275391
35817.253906
25592.339844
44878.351563
19239.121094
15163.283203
20473.197266
42221.167969
21995.142578
2326.239746
6508.204102
7863.187500
2074.664307
13684.472656
52304.910156
11962.275391
33323.187500
37703.089844
10484.309570
4985.272461
1671.051514
25101.234375
24116.197266
23726.287109
14341.389648
24159.359375
25741.462891
28208.251953
7669.292480
28735.283203
6228.075195
26214.173828
8750.243164
25033.998047
3827.010986
17453.126953
21860.103516
38193.324219
3647.234131
6275.028809
21889.068359
21451.214844
17272.285156
29693.298828
4648.245605
22234.205078
18519.238281
7885.221680
13071.164063
41633.320313
11569.179688
6551.096680
3464.259521
15896.200195
14565.105469
12830.999023
24372.998047
14917.363281
11409.198242
22553.341797
15363.353516
22264.287109
10064.204102
3307.114746
27939.201172
8481.177734
14813.280273
2762.343994
6260.216309
10503.317383
27604.998047
41393.328125
9886.166992
71826.140625
6587.099609
14280.291992
3213.389648
33468.140625
23645.369141
25040.191406
28134.523438
31856.320313
20203.458984
40033.148438
34300.207031
3994.420898
7533.392578
40452.105469
4930.224609
41725.277344
41600.160156
19572.158203
9411.413086
16360.416016
27734.277344
3085.265869
15813.134766
7348.209473
16166.338867
1732.268921
20081.417969
41972.273438
23539.228516
12301.356445
26238.472656
42756.351563
16610.265625
27745.400391
25193.304688
34444.316406
36657.300781
5269.245605
2253.236816
28085.189453
18208.242188
45889.156250
8465.999023
7179.334961
12781.217773
7852.089844
71459.210938
21530.326172
25070.023438
7976.253418
38466.136719
39131.097656
19700.152344
1308.600464
48424.246094
26358.179688
22390.232422
10639.261719
12033.264648
12336.194336
24441.062500
4043.185547
12223.123047
11776.103516
21113.998047
31008.250000
5963.180664
27955.197266
10296.262695
8522.311523
1710.176392
31889.132813
40331.300781
11429.251953
25675.210938
14392.287109
2738.261475
14743.183594
28200.150391
19303.134766
44786.519531
30861.242188
433.294373
21383.294922
5448.161133
7916.223633
22016.542969
3205.149414
36800.234375
7001.007324
5983.277832
2137.302979
4073.350098
11178.385742
23275.095703
24646.431641
4608.113770
10665.234375
10921.456055
29223.109375
23288.406250
5460.111328
20752.222656
9692.098633
9004.132813
15182.212891
37186.328125
55750.414063
4079.267822
6220.295898
25839.150391
68346.656250
19665.208984
41399.320313
48213.347656
38611.191406
40823.140625
16090.042969
2430.289795
40982.304688
13262.121094
27718.128906
1804.190430
1592.386963
45734.351563
39517.156250
19020.207031
22646.128906
21905.322266
38053.023438
5076.077637
10474.088867
22101.462891
28137.257813
13314.246094
24304.287109
34991.324219
12266.292969
19782.136719
27657.083984
76387.101563
9755.079102
9781.122070
6284.218262
2778.333740
25065.238281
22841.177734
44101.214844
44057.285156
46564.464844
39730.031250
36166.214844
27610.279297
52402.277344
27788.294922
28681.408203
11172.187500
12143.285156
27195.386719
28083.056641
14543.120117
17386.224609
10235.217773
54091.316406
19206.998047
12513.102539
42493.246094
8102.087891
12436.100586
30496.203125
8420.288086
2383.102295
5530.314453
3275.373535
48235.335938
14947.201172
8700.286133
20609.169922
31150.197266
35810.265625
16611.302734
31601.171875
22912.333984
36830.429688
26143.228516
45631.351563
20356.050781
17503.134766
28940.515625
26592.597656
5157.065430
781.231018
4422.283203
41107.214844
33802.316406
11429.232422
35536.316406
27102.320313
16210.344727
10850.208008
25970.232422
10974.124023
5491.173340
29219.201172
41664.164063
11347.020508
76218.734375
49069.105469
27823.339844
14719.085938
9061.113281
8651.145508
10196.173828
24530.154297
13509.248047
21029.304688
22300.308594
13627.227539
4725.460449
2798.115234
2241.109131
23951.244141
21735.167969
13271.172852
49667.203125
58206.230469
40351.183594
25047.353516
11958.149414
22471.189453
1449.089600
4409.245117
8881.131836
36008.097656
25826.353516
26042.193359
39077.359375
23190.248047
3407.165527
43233.199219
8834.458984
12840.259766
9956.243164
4684.595703
25215.246094
18262.318359
27227.154297
40952.296875
36112.105469
25167.253906
23107.263672
47469.203125
9026.082031
27191.177734
33356.207031
35525.234375
22258.289063
18877.255859
26977.121094
3187.007080
10490.120117
8544.165039
23159.263672
21475.347656
31865.347656
9869.635742
7497.488770
8172.069824
11492.117188
39328.035156
23113.187500
21510.314453
16820.093750
25859.160156
19963.082031
7731.168945
37594.101563
17330.167969
12953.233398
24007.175781
2919.173828
5241.522949
23359.263672
21897.175781
7356.334961
3061.388672
2699.257080
28530.117188
16558.179688
9055.131836
28784.173828
13502.307617
44942.230469
25409.140625
20894.339844
3008.136719
39152.339844
12816.253906
27193.126953
14913.236328
3139.183105
25595.123047
26295.080078
31125.322266
31160.345703
11360.335938
943.106689
42318.308594
35415.519531
23274.078125
3659.325439
12747.146484
25512.187500
28021.220703
17420.375000
9552.133789
24988.253906
23440.248047
11066.252930
35024.136719
20708.279297
22703.521484
37901.320313
30233.193359
4265.243164
26897.169922
12436.178711
42518.121094
30859.181641
14603.166016
21712.132813
8367.101563
15092.281250
29930.332031
19741.312500
39301.218750
73890.273438
19194.064453
9256.122070
8851.297852
5638.404297
23093.384766
23696.095703
19616.187500
12228.226563
24254.242188
35873.308594
19992.220703
24122.359375
23362.269531
9336.046875
15734.133789
12572.209961
3934.074707
34811.128906
15142.042969
58998.171875
22430.279297
33711.171875
15958.248047
17682.324219
10914.359375
30579.125000
29368.376953
45903.238281
25276.281250
15419.461914
22562.548828
7502.201172
9780.179688
32900.328125
22639.240234
19617.998047
11485.999023
14167.999023
9583.153320
32399.175781
15001.125977
26243.146484
9653.218750
24503.388672
10126.100586
35317.253906
4526.062012
7101.180176
18061.207031
16136.188477
21466.367188
24066.289063
29383.392578
37234.464844
41054.218750
8452.999023
26295.251953
12894.106445
30016.083984
50490.093750
7572.117188
4812.249512
17265.343750
26082.353516
31841.238281
13780.164063
35144.320313
12217.301758
8737.124023
15292.481445
4600.999512
16666.025391
36288.003906
7272.999512
20329.287109
25585.318359
11115.224609
23045.068359
22253.304688
27816.240234
5498.100586
9172.309570
9180.110352
23235.121094
9564.201172
13667.173828
10716.087891
21295.330078
23392.203125
40531.269531
21357.292969
33131.093750
21633.421875
26194.080078
21006.226563
27741.300781
11762.316406
15743.100586
7119.352051
7523.349121
20757.126953
13572.250000
29494.289063
18381.222656
59302.367188
45726.480469
34985.312500
25922.449219
20496.232422
17492.228516
13615.999023
9627.087891
41270.996094
10596.999023
9865.999023
4126.014648
34794.058594
34625.203125
45905.597656
16307.272461
17168.279297
37599.089844
2739.396973
12530.315430
35576.398438
11913.070313
7452.214355
1678.221191
28340.169922
14924.505859
1376.218750
24086.230469
13780.333984
13034.077148
13622.208984
2194.273193
27312.292969
8620.129883
4107.181152
39922.230469
28983.099609
2173.421387
46544.242188
9240.366211
29029.212891
18322.187500
25985.179688
29729.378906
8396.115234
32388.441406
25055.101563
55185.531250
14163.241211
21513.121094
26450.283203
1531.239746
22285.093750
8455.268555
13990.185547
30435.238281
18404.144531
21743.384766
10021.343750
22598.269531
4839.117188
12642.234375
10862.645508
33187.324219
24810.083984
27945.205078
19778.177734
41462.359375
11058.166016
39578.312500
22643.009766
24372.414063
18150.187500
1757.241211
19713.126953
5989.178711
31188.158203
41623.285156
58369.468750
29685.214844
10446.194336
40050.203125
30679.324219
13034.279297
3737.200684
21225.044922
33661.300781
16356.301758
17077.357422
16686.322266
31457.210938
58364.437500
9051.205078
9242.315430
44864.171875
5149.527832
35273.316406
4868.217773
1030.297241
12618.263672
27050.375000
21063.275391
7860.134277
17201.283203
43582.109375
3879.213135
42488.265625
7797.215820
9976.106445
19576.134766
49546.136719
22693.244141
22549.031250
57309.355469
27408.289063
17696.619141
22304.240234
82457.351563
1598.111084
57069.335938
1460.432251
4342.150391
19511.306641
35598.171875
27406.376953
25748.097656
11928.172852
11926.088867
26639.296875
25048.150391
29988.169922
25996.998047
3682.179688
27803.126953
30627.285156
26092.195313
3907.176758
40929.289063
28561.144531
19919.701172
6970.154785
51944.347656
58225.363281
34295.210938
1388.242188
26305.130859
23399.417969
45362.363281
35814.996094
21973.068359
34424.121094
47462.046875
9373.073242
8634.286133
27097.189453
15057.308594
13258.167969
40742.183594
36218.222656
24478.392578
16981.216797
25158.222656
1560.122681
29449.130859
1101.235840
27955.732422
35708.035156
32037.195313
27135.177734
22210.312500
17727.310547
3039.129883
16635.074219
13553.250977
5445.136719
13413.081055
16635.271484
1741.303101
17460.416016
24246.074219
4158.372559
9913.245117
5552.564453
9728.209961
42674.375000
1544.198730
12585.102539
10806.089844
25461.031250
34795.226563
6698.098145
6547.270996
26433.218750
36358.996094
18512.138672
11191.333008
5375.104492
43108.292969
26414.246094
22652.173828
25557.263672
4052.171387
9647.230469
5871.414551
39360.261719
17035.292969
49748.285156
24412.148438
10381.210938
9429.019531
8626.264648
17671.287109
13100.251953
20744.013672
9921.180664
25013.265625
12251.148438
2763.266357
10081.206055
23085.195313
13947.237305
11511.212891
19901.177734
28584.378906
30115.201172
47352.097656
46753.304688
35262.144531
35969.371094
20445.187500
13169.082031
5092.240723
22268.312500
8399.170898
7991.235352
12163.160156
1734.347900
22516.302734
25967.148438
26220.291016
3189.189453
24964.023438
20224.105469
31684.509766
12146.063477
8740.192383
6501.428223
7902.039551
5385.168945
32920.070313
44375.351563
5565.999512
13056.999023
8377.999023
13429.163086
22899.121094
3512.741211
30456.226563
11653.161133
3204.334717
20379.464844
11500.127930
39020.179688
76161.046875
27328.222656
27077.156250
53049.390625
11284.234375
24139.203125
39135.351563
8203.204102
4114.204590
48485.296875
10878.158203
11747.240234
25279.250000
33858.070313
13376.228516
8698.097656
30753.142578
35384.281250
2409.214844
34839.253906
6018.212402
22287.269531
9721.148438
1736.260132
5665.268066
10789.431641
9711.339844
52086.222656
10541.142578
9684.057617
6157.411621
30284.212891
31893.316406
36300.265625
10125.171875
35898.296875
22474.207031
8597.132813
54388.167969
2530.547607
26960.330078
1712.309937
18623.111328
5148.181641
28145.236328
12388.247070
19393.183594
23379.160156
37229.363281
22050.115234
51155.214844
30073.273438
17574.160156
27079.261719
25338.033203
11032.416016
25306.232422
27787.222656
25237.083984
26086.253906
16575.203125
10403.216797
51578.261719
29423.203125
7188.407715
15393.291992
7121.114258
32122.251953
12856.081055
7904.445801
3054.335205
50846.265625
22229.134766
29567.359375
9455.278320
12043.133789
6259.275879
22235.177734
38687.230469
67916.210938
4673.197754
21446.273438
14437.154297
25572.115234
25641.166016
8042.182129
29278.138672
8002.399414
9384.536133
3487.093750
6654.395508
31437.125000
26906.365234
18295.193359
24338.226563
57973.410156
34233.511719
28714.419922
27633.187500
28815.470703
2436.355713
7255.999512
13227.411133
35930.046875
45146.132813
11190.133789
27662.253906
19675.261719
17958.144531
6058.229980
42474.035156
8640.353516
24374.234375
24657.226563
2841.253662
1359.180298
1712.520996
26147.218750
7016.020996
12739.416016
19623.326172
22710.275391
26030.066406
26481.160156
12716.116211
9563.410156
21293.255859
29572.144531
13637.228516
22249.138672
23613.220703
14290.188477
25612.259766
20629.251953
7467.436523
24682.419922
35207.472656
27315.306641
1908.127563
7254.462402
28921.242188
9899.195313
21952.007813
40869.136719
5939.313965
8268.194336
4421.271973
31281.234375
10979.361328
3302.225342
8738.369141
13046.032227
12640.083984
10411.146484
1885.202637
33757.285156
19702.208984
24565.183594
28997.039063
36919.152344
5958.194336
9259.245117
34089.503906
24329.246094
10047.233398
47528.335938
10327.062500
18968.001953
42121.261719
14448.229492
29146.048828
20709.150391
27305.318359
16872.195313
28176.121094
23649.265625
48107.257813
10824.232422
24155.205078
28117.158203
19890.246094
24466.171875
1264.165161
22957.121094
38009.167969
5921.326172
32000.105469
11427.206055
12812.201172
102809.859375
18310.328125
33532.226563
28714.341797
30597.097656
8129.480957
6862.071777
26661.238281
11773.213867
34875.437500
36420.074219
23817.998047
25233.240234
6522.188965
12980.161133
12857.131836
17642.185547
56299.257813
28970.396484
48817.246094
26255.228516
22526.179688
22669.205078
24251.183594
31325.322266
21397.201172
23638.144531
8550.095703
12630.081055
8493.486328
23207.171875
17906.283203
35645.136719
8929.198242
24628.318359
837.227600
18192.166016
13251.091797
12646.045898
23162.162109
29803.076172
2315.188965
37761.292969
4119.478516
26935.167969
22014.113281
13557.243164
45146.171875
21558.148438
42413.414063
30086.220703
11622.259766
21111.042969
63647.421875
3469.214355
14777.276367
16478.283203
22045.242188
23716.109375
9521.280273
7547.267578
26645.337891
23604.105469
34367.484375
2318.271240
19858.222656
60345.308594
1177.184204
6413.160645
9414.128906
25474.304688
11280.041016
1430.000854
46796.121094
15410.246094
8506.094727
10091.234375
53513.191406
1366.129028
13777.187500
2176.272217
31363.998047
38758.433594
25604.998047
35886.246094
36641.089844
28806.339844
35275.132813
12404.237305
63646.109375
17113.257813
36685.062500
27140.232422
15686.201172
783.114990
6622.088379
25156.140625
1333.102295
47000.375000
25723.150391
37989.207031
9585.150391
9421.034180
20866.343750
8010.164063
12647.125977
35741.425781
18948.095703
15338.428711
47343.437500
30380.339844
9603.157227
38704.230469
2387.207520
31346.164063
7958.237793
31919.234375
11684.143555
21893.199219
9375.134766
21015.234375
13957.208008
29051.167969
2584.143555
12389.233398
32218.296875
63020.312500
7056.260254
23270.093750
20707.343750
33210.210938
3162.134766
13427.152344
49134.382813
31258.074219
19233.287109
65624.406250
42335.214844
27911.304688
11377.208008
12030.259766
4749.145996
2381.192383
38681.253906
26019.199219
10161.371094
19892.156250
48568.332031
8867.280273
19490.142578
28066.437500
13685.085938
13024.205078
23023.125000
15681.092773
12606.206055
14983.381836
46268.367188
24380.339844
8549.195313
10855.050781
7679.109375
15241.187500
33175.125000
26052.208984
9451.311523
1235.532227
9770.115234
10291.166016
3819.069824
25089.128906
26470.425781
37691.394531
47479.203125
4122.167480
7164.475586
27358.201172
17435.210938
4463.231934
34215.171875
10264.086914
18065.472656
10504.163086
40112.230469
35060.160156
22285.220703
8922.084961
39869.281250
8888.327148
23479.142578
31559.296875
10080.150391
4505.999512
2562.234375
23539.193359
23346.199219
12771.141602
22575.244141
41406.308594
19738.484375
2203.274170
24108.261719
29262.230469
8882.203125
31089.427734
10054.196289
19974.140625
13060.190430
26704.123047
14954.304688
2468.199219
14699.291992
22271.232422
18655.486328
24411.300781
10125.219727
18039.218750
43350.179688
6011.047363
67670.351563
32587.279297
41999.097656
27419.341797
16856.304688
48404.468750
10181.235352
9861.175781
1657.288452
14388.275391
26633.341797
33961.105469
26335.238281
17691.304688
10669.180664
8501.090820
8974.129883
54024.160156
11779.094727
66170.179688
11285.250977
29357.251953
20959.416016
42963.066406
9400.117188
3039.310791
9090.159180
5686.328125
32057.365234
8088.063965
3510.140625
23921.275391
2683.020752
22927.306641
41562.183594
34305.230469
7695.466309
53849.261719
10049.241211
44205.421875
12516.357422
27885.441406
24223.142578
9540.122070
9094.197266
40322.148438
1814.890381
29254.179688
7761.206055
18649.183594
27577.154297
45310.363281
46588.375000
31373.148438
71995.398438
48765.261719
46237.230469
14645.242188
21115.242188
34786.480469
16233.052734
19939.333984
7274.145996
57377.265625
21924.162109
22196.798828
22591.177734
37512.238281
9486.426758
9353.263672
29134.228516
35843.230469
46556.070313
13135.111328
6628.352539
33675.226563
42796.195313
3281.208008
7678.086426
28465.132813
1977.199219
3764.187988
12719.196289
6243.292969
23164.998047
17937.998047
23735.998047
51162.015625
23992.248047
26604.259766
1924.388794
35336.378906
61073.687500
37664.082031
13189.170898
29399.292969
54262.371094
23959.294922
20536.417969
10951.268555
25638.083984
51998.167969
36914.296875
6737.081055
26132.455078
23931.640625
6559.143066
22857.279297
23444.320313
34653.300781
41988.472656
15637.215820
1704.381104
13563.148438
56152.269531
4536.146484
1821.058838
5888.217773
43402.234375
3356.286377
16775.275391
5522.421387
42531.246094
28045.224609
21818.128906
8495.201172
37378.121094
37513.273438
21453.177734
21321.304688
10238.170898
11107.089844
22551.509766
1678.305542
10482.247070
8532.499023
29878.154297
16303.160156
32669.117188
18280.250000
5217.213867
32775.167969
27053.349609
30367.164063
8562.208008
35966.289063
2086.210938
10866.148438
13996.283203
3713.165039
20896.169922
5564.140625
15120.140625
40926.273438
1759.188965
5667.216309
5881.096191
28215.390625
73651.578125
14565.213867
15126.111328
26573.255859
29374.382813
11753.208008
18390.208984
21759.125000
63143.265625
50872.191406
27576.166016
1337.430298
23229.138672
2857.228027
17819.484375
38106.351563
28764.187500
14872.123047
28429.083984
38752.531250
44416.160156
6197.381836
19355.128906
11497.284180
24227.050781
43476.371094
7168.007813
9496.154297
23518.222656
1567.033081
5354.091797
22616.267578
11924.999023
35741.058594
48380.996094
21564.998047
11262.999023
23869.017578
38389.203125
21712.052734
12965.115234
26650.095703
16135.277344
24420.281250
61087.511719
33125.320313
13557.113281
8997.104492
14277.185547
17754.419922
5198.120605
32615.341797
23245.103516
37235.078125
45242.179688
26014.435547
16550.248047
1760.155884
46603.437500
4734.141113
24276.162109
18127.095703
19539.158203
34658.160156
25807.138672
26600.406250
26525.173828
24040.269531
41733.246094
9562.288086
16287.171875
27135.152344
22930.261719
10381.214844
28637.128906
34246.328125
30474.378906
45566.089844
5991.170410
21296.037109
11332.107422
46346.406250
8170.063477
9782.406250
36276.093750
49897.476563
8920.313477
8596.393555
28994.367188
11488.420898
11102.308594
27303.261719
11724.307617
15957.128906
37128.179688
24213.458984
1865.179199
9523.366211
32304.228516
10285.050781
30894.279297
7038.593262
16929.240234
36953.113281
35309.367188
32080.453125
20268.076172
27512.203125
30823.234375
21676.339844
23007.287109
2086.243652
9746.313477
36328.511719
6275.185059
46128.050781
57059.132813
5412.357910
30649.218750
26131.291016
2930.109863
25649.308594
45357.386719
19439.240234
27992.355469
2832.171875
14099.199219
11360.087891
21098.203125
44481.144531
24078.593750
19447.210938
27620.156250
38764.199219
7238.312012
42525.132813
27759.355469
12043.277344
12175.271484
40384.210938
35903.382813
10977.177734
10974.266602
34453.167969
9997.070313
26001.339844
27904.228516
52650.234375
10130.142578
20873.070313
21131.195313
42110.300781
13378.081055
12762.188477
5589.262207
70910.531250
8408.279297
2065.314697
10675.236328
16527.121094
20827.511719
91933.250000
3661.346924
3312.137207
9739.225586
11769.218750
5776.164063
29269.144531
10278.192383
17355.167969
28049.085938
3560.016846
30160.507813
62727.164063
14727.207031
12282.134766
54699.128906
15261.233398
14558.409180
17408.273438
32374.236328
9376.166016
19521.373047
13548.280273
9985.088867
23977.232422
1880.238281
29995.455078
1281.251953
9780.133789
6414.163086
38931.339844
710.333374
28441.119141
15507.142578
9911.140625
24907.193359
28867.111328
3395.262451
29658.210938
42868.226563
11037.084961
39622.171875
37108.476563
11617.079102
12246.139648
28553.091797
37085.179688
41488.320313
2141.276123
10854.193359
24592.427734
3502.071533
40172.269531
7484.240234
4525.250977
33956.234375
26525.263672
35959.132813
15612.178711
38000.320313
44168.429688
7428.273926
15627.453125
27603.275391
34667.285156
21066.119141
20269.285156
22182.248047
32372.355469
10565.028320
30164.093750
25033.302734
32076.289063
47807.195313
30058.064453
6190.258789
1651.333740
43607.226563
40004.230469
5058.342285
27160.169922
8484.263672
22990.210938
20438.384766
14942.209961
28795.207031
28101.406250
17731.302734
15177.165039
23098.115234
31156.593750
26618.263672
34311.527344
38289.386719
45103.183594
2988.283447
4473.380371
2972.087158
109660.562500
22418.412109
26778.355469
12231.433594
9496.268555
6750.837402
16463.292969
46380.148438
52238.261719
38970.066406
27717.164063
5174.374023
8735.172852
36977.273438
22052.224609
31832.105469
22059.998047
36624.480469
9740.325195
19847.097656
57025.226563
7643.247070
11429.166016
1989.303589
8211.183594
5841.481934
2617.699219
5667.153809
51938.386719
24957.335938
32095.220703
24710.115234
1908.267944
20066.134766
12091.152344
22749.316406
8331.132813
2671.271729
46947.296875
2662.185547
33478.085938
12750.056641
32064.312500
31278.263672
70623.343750
35256.386719
8131.239258
43271.476563
24746.289063
31633.431641
34212.410156
5502.510742
7343.423340
35969.335938
26646.232422
39992.234375
15981.321289
13686.175781
17922.556641
27207.183594
5286.206543
29528.138672
48175.250000
6103.106445
41484.320313
34459.238281
3562.069580
38064.332031
3619.999756
1800.846069
44692.343750
11588.185547
34690.457031
23615.509766
30030.433594
35476.183594
8082.204102
54539.433594
88252.656250
6128.146973
5288.210449
7724.691406
25621.140625
26038.300781
39229.234375
2884.373291
12007.169922
10491.088867
17134.400391
3160.472656
8131.254883
22889.296875
5765.182129
3060.187988
16803.304688
16788.281250
21177.251953
10922.205078
23095.185547
12207.182617
34981.054688
34003.289063
4977.310059
11452.199219
25464.191406
34156.218750
10681.244141
30245.330078
2793.131348
29334.236328
20834.326172
36242.250000
13765.123047
17609.158203
2470.242676
53477.277344
33826.320313
12892.190430
5104.213867
8092.150391
14429.352539
21227.275391
34111.312500
32374.185547
30102.228516
10757.208008
12065.388672
41126.324219
24657.230469
22290.164063
28632.408203
26356.277344
27314.257813
3254.339600
3305.361084
16093.389648
23432.384766
21005.164063
12907.235352
20268.283203
4004.336670
36167.476563
14667.291992
26569.324219
34388.476563
25980.126953
11342.210938
30230.111328
31967.349609
18071.539063
10076.279297
6091.250977
29780.347656
23735.169922
34926.230469
30698.201172
24594.236328
2706.079834
3276.577393
11847.231445
22548.060547
33942.109375
40826.363281
3421.323486
10141.404297
79024.328125
56783.171875
40292.234375
57996.996094
20206.150391
46864.148438
43680.093750
58591.285156
23497.212891
11512.264648
22912.181641
2151.139648
55087.183594
24098.443359
14882.999023
1903.421021
4124.583496
32223.640625
3137.152832
6107.572266
4147.357422
12405.252930
17010.218750
31410.201172
43571.164063
43970.437500
23043.208984
19435.119141
6701.149414
30610.289063
8748.541992
46588.113281
31223.128906
22407.140625
47815.222656
23515.130859
13944.202148
10951.214844
8584.119141
21970.199219
14442.239258
13253.202148
33874.226563
20622.236328
12943.188477
4778.125488
15950.112305
26166.201172
11167.127930
8539.252930
41061.214844
41641.171875
6535.163086
21575.388672
26400.394531
22160.427734
13725.403320
39463.398438
28331.361328
9869.307617
17976.173828
8770.254883
12156.203125
16838.130859
8561.156250
8645.142578
2999.152344
11438.420898
25380.447266
1737.369385
10778.041992
23378.320313
21141.140625
2678.309326
13868.403320
22705.078125
28510.250000
6688.121582
9610.185547
13572.345703
29420.175781
12897.166016
9902.458008
14821.125977
12160.099609
13602.034180
47312.273438
22762.167969
29803.253906
22620.275391
8734.189453
21294.005859
1303.074951
2695.188477
7631.138672
4552.198730
6471.330566
52893.308594
26079.111328
10196.138672
26350.210938
20728.562500
32186.322266
29326.119141
6260.240234
22103.306641
10168.204102
23813.003906
22131.392578
34252.347656
11522.330078
25233.240234
35736.230469
33253.328125
77685.585938
19988.234375
20812.330078
20639.240234
45772.230469
26419.250000
13329.304688
8848.154297
16165.226563
26276.302734
696.201721
6601.275879
15409.134766
20613.226563
15714.325195
8461.437500
39676.460938
6965.292969
10859.158203
10392.176758
8794.120117
55958.425781
29566.191406
31230.175781
27656.380859
1838.088135
8327.249023
23979.333984
26366.152344
19233.195313
10417.257813
22651.173828
9134.270508
29075.228516
31082.273438
1060.325562
12939.119141
24027.302734
23197.621094
10905.347656
21545.242188
27409.230469
5568.143555
15087.263672
9965.320313
16982.406250
33372.261719
25164.068359
10003.164063
6004.244141
39001.160156
31208.181641
36124.328125
46839.207031
15704.074219
28748.400391
21958.244141
20532.335938
9979.325195
29108.099609
22306.300781
1444.232422
27011.388672
48508.183594
10246.429688
25475.125000
9764.412109
7975.218750
4021.077148
9250.312500
3052.175781
22246.351563
3175.104004
17501.238281
1924.489258
4264.121582
32687.515625
32874.347656
33430.304688
10902.210938
17072.216797
14420.193359
30859.234375
23446.480469
41336.144531
26076.220703
28787.517578
17929.167969
4792.300781
19286.082031
29123.222656
34959.285156
59423.320313
42751.226563
32538.998047
21024.998047
12218.018555
48748.640625
20159.281250
36820.140625
12249.524414
856.887085
23558.244141
55152.019531
52120.238281
22521.279297
7060.475098
9507.554688
7313.039063
50778.054688
14101.042969
10821.195313
21596.306641
17995.238281
5056.338867
8195.186523
25292.373047
18753.123047
36843.195313
21296.607422
55930.277344
30419.382813
664.430847
21924.238281
5213.119629
34907.160156
17229.298828
16986.277344
21170.220703
13987.291016
18533.259766
32891.222656
15854.328125
18520.189453
42101.414063
11600.101563
61619.289063
23308.240234
59153.316406
30735.109375
32129.144531
46934.332031
2483.386963
21400.453125
2441.457031
4897.251953
26788.396484
22270.060547
46971.417969
21238.191406
49119.492188
20760.226563
54648.183594
18405.365234
22545.109375
25067.236328
29961.439453
26319.357422
12193.262695
22173.271484
20919.134766
35396.476563
16081.488281
38793.199219
17184.501953
4666.068848
11603.059570
18238.009766
34449.093750
24559.443359
20743.109375
24836.287109
19365.152344
9979.503906
4858.413574
10162.233398
52358.460938
32908.167969
27314.275391
26141.349609
2684.277588
45627.421875
3723.364746
30767.156250
13983.172852
23233.587891
50275.210938
21471.394531
20273.121094
3499.320557
11898.172852
28968.212891
14709.283203
24163.224609
30946.082031
11276.163086
25334.132813
18053.148438
6697.102051
9045.084961
21932.263672
27240.294922
5959.118652
31998.031250
23003.269531
23380.998047
4857.999512
27820.058594
4232.408691
12306.253906
20597.169922
18491.177734
7639.130859
17635.179688
8884.352539
41535.246094
17040.429688
36929.328125
29881.998047
8298.189453
4436.243164
52461.113281
12083.223633
4026.106934
9697.214844
2790.169922
24057.130859
22625.167969
7561.241699
34022.234375
24740.119141
39989.152344
18022.292969
32220.232422
41818.250000
27521.462891
8144.458008
22401.560547
11755.293945
21815.216797
10286.375977
20607.402344
16204.186523
12608.530273
29039.201172
11392.404297
11137.499023
7383.395020
666.213440
30236.238281
3636.174805
15458.275391
11150.174805
31102.162109
31899.218750
40438.238281
7220.091309
7329.224609
21185.232422
21861.265625
45779.250000
10286.035156
25389.494141
36756.210938
13032.077148
19174.246094
23978.107422
20425.166016
27110.248047
13537.402344
28983.300781
10771.322266
40782.156250
10690.262695
2209.098389
28252.208984
40138.496094
27085.214844
26319.246094
10246.262695
1338.391357
3349.254150
5795.049316
27920.326172
32907.367188
10135.225586
3657.125977
10184.081055
11659.088867
36926.503906
37130.542969
49080.175781
10664.132813
27702.332031
24142.451172
10434.071289
9780.295898
22616.275391
5153.203613
23038.160156
36646.332031
24997.029297
3818.232666
2627.207520
10316.421875
6424.339844
18154.132813
28323.201172
25713.181641
25616.365234
38286.320313
40516.382813
25366.248047
33434.316406
35842.441406
11710.190430
7553.223633
10528.405273
50604.214844
5756.166016
46768.421875
35139.335938
19264.330078
38843.394531
44389.136719
8630.195313
24682.257813
14993.096680
10051.139648
832.230042
37085.148438
507.436707
10505.245117
22581.224609
11946.171875
9908.055664
7950.177246
3955.224365
5515.102539
31755.216797
16855.271484
54377.339844
38193.398438
28345.468750
15489.402344
9728.083008
23670.154297
23506.128906
12272.105469
42105.339844
10580.173828
41229.281250
20586.228516
24270.111328
30699.185547
24237.111328
5993.323242
24532.349609
25682.177734
2160.093506
63633.250000
11765.226563
3920.006104
12107.079102
38776.195313
7763.256348
5424.158203
15031.106445
52433.316406
19088.134766
26821.052734
44309.136719
42809.214844
31885.222656
6725.128906
31852.314453
29524.103516
9945.032227
13358.200195
33032.050781
19703.291016
43153.585938
32862.250000
35953.191406
13765.083008
23905.171875
16081.212891
11256.003906
25855.277344
25553.238281
27000.234375
11082.366211
37421.253906
13254.343750
8534.208008
27405.396484
42622.167969
26487.257813
57655.289063
28748.169922
10739.123047
27231.146484
41515.421875
12035.300781
18553.457031
29659.142578
10806.261719
35378.222656
47432.144531
11627.172852
15593.235352
17966.257813
40495.433594
30350.236328
851.348450
29656.103516
15216.090820
13763.561523
15776.206055
9039.124023
35417.320313
19236.193359
11902.533203
7504.466309
36401.230469
26014.187500
4821.340820
13232.236328
4984.115723
10936.151367
16312.085938
26945.167969
44770.234375
1912.999878
47969.175781
14444.312500
8282.207031
5434.203125
41576.246094
48318.242188
37034.386719
2297.262207
20551.052734
31631.283203
8393.278320
27763.085938
25434.132813
29700.328125
10691.231445
33923.039063
7078.239746
24131.162109
13237.286133
20007.125000
3156.238525
33265.207031
6156.331055
37361.144531
25366.251953
31893.164063
12119.112305
14398.999023
11658.999023
31906.998047
3173.999756
48494.078125
12731.333008
5621.300781
27007.191406
23586.173828
27945.257813
23214.337891
30242.240234
44586.437500
11456.155273
17751.189453
5694.148438
12979.177734
7915.202148
9163.162109
29520.121094
20843.216797
11401.195313
9036.077148
28231.142578
31394.236328
16784.121094
6312.304199
39308.277344
19593.304688
25168.208984
17710.083984
9702.462891
23831.035156
3589.189453
16785.410156
18683.087891
26981.076172
27159.244141
25946.039063
2695.119141
28781.208984
19463.267578
36321.484375
37117.191406
18839.246094
23911.201172
23659.205078
11276.484375
33950.234375
1663.216309
27987.240234
9642.314453
37584.312500
27397.162109
25044.224609
12627.151367
21594.232422
9422.251953
1221.193970
38319.246094
9139.149414
29527.289063
52851.730469
17280.406250
51725.414063
4020.533447
11093.184570
7944.080078
9512.133789
15000.133789
2798.365967
44419.339844
53401.261719
24923.222656
27050.193359
35416.230469
9774.080078
22425.160156
2640.480469
3073.144531
12678.117188
4264.288086
39573.203125
23032.228516
24271.072266
24201.392578
18355.150391
3961.091797
25718.384766
8928.161133
7565.190918
15723.133789
54345.140625
9780.371094
8134.138184
19703.339844
63992.234375
31087.136719
33657.207031
8176.460938
11214.094727
1341.256348
51883.492188
6186.273926
32879.207031
28899.314453
32049.103516
2944.437988
36465.207031
39769.195313
27919.308594
4580.182617
41122.230469
26189.355469
28352.238281
13301.125000
26604.220703
23304.109375
36593.386719
38391.148438
32157.302734
18760.123047
25546.011719
10677.077148
31754.185547
7903.041504
37994.101563
9282.259766
23298.287109
7251.283203
45336.281250
23651.185547
22874.027344
10928.999023
10988.106445
26540.236328
29887.191406
22143.187500
19790.275391
33264.320313
9878.228516
2218.535645
24680.283203
22115.257813
2873.560303
8116.250488
28951.347656
10844.169922
2675.169434
32534.070313
11743.268555
23348.998047
10071.318359
35628.121094
32564.083984
22130.154297
20909.201172
9730.512695
33305.480469
35111.050781
19768.105469
48826.164063
38724.242188
3943.309326
29062.267578
25140.205078
45133.226563
46688.492188
24315.207031
22362.257813
22458.142578
33199.214844
50840.210938
24356.251953
25999.126953
23279.330078
28818.291016
38277.128906
4742.056152
13409.372070
33813.996094
1363.216309
15730.034180
4137.089355
14072.278320
4882.067871
22598.363281
27985.253906
22683.117188
42616.128906
23506.212891
10571.214844
74193.351563
48474.816406
4247.114746
39358.261719
23358.322266
4376.224121
18097.091797
7684.152832
6859.272949
7732.157227
16839.099609
33731.265625
11058.108398
9420.204102
7761.341797
24725.335938
23173.187500
28374.130859
20312.187500
29199.251953
15486.122070
11103.316406
28913.064453
19988.291016
4860.252930
30356.212891
25352.203125
10291.380859
5978.167969
32248.228516
29700.253906
63953.156250
9798.011719
26375.205078
41035.300781
16436.402344
9380.270508
21238.460938
22185.128906
20950.273438
68730.296875
31997.203125
9854.083008
22268.171875
10082.180664
27729.216797
86986.476563
10048.103516
26478.292969
50913.378906
9115.109375
22727.158203
18031.203125
32771.265625
10627.231445
19040.197266
22234.203125
53570.320313
23008.710938
44296.562500
23418.316406
19695.150391
27992.083984
26718.093750
28088.111328
10774.162109
37373.210938
34985.320313
12082.164063
9302.280273
33304.148438
6032.279297
5206.206055
27097.359375
46078.289063
29323.539063
2343.169922
20312.166016
8828.155273
10332.134766
10670.179688
17402.123047
8278.433594
11491.275391
14705.164063
1706.298706
35806.113281
33585.113281
29848.164063
6391.179688
10449.142578
3962.321533
6346.291504
6762.212402
9173.159180
9371.163086
8640.185547
27097.087891
26190.255859
41351.097656
20593.250000
40588.292969
43295.375000
30126.117188
12103.137695
18606.189453
18178.199219
53991.539063
25793.375000
28255.166016
41206.328125
23428.195313
3099.230469
48401.238281
23980.167969
9953.208984
29487.357422
28789.349609
12498.408203
35546.167969
15179.184570
23815.281250
23527.236328
20481.294922
13778.230469
45848.347656
13918.075195
14370.062500
19200.244141
7646.252441
35970.148438
17115.208984
42735.371094
26941.455078
17315.187500
19336.232422
15871.228516
36051.179688
22822.292969
8600.249023
14373.302734
2186.181641
12951.264648
46388.187500
12608.169922
40236.246094
46974.398438
33025.996094
21632.236328
14482.207031
3078.019287
8644.030273
30014.220703
5850.146484
49285.023438
20348.179688
8173.133301
29177.208984
52187.191406
48687.359375
21895.384766
29214.277344
7393.374512
19871.250000
34017.109375
37940.199219
11825.271484
7541.325684
15335.106445
33245.324219
31516.173828
11512.183594
24892.152344
6672.215332
11494.244141
47830.253906
23188.097656
52506.246094
32436.423828
26021.128906
80155.648438
1893.226563
21621.480469
5421.237305
11771.222656
56235.292969
3368.350342
6332.177246
37058.250000
20609.191406
9091.332031
36755.210938
9436.256836
26727.193359
8128.382324
42670.226563
7409.187012
35531.417969
24959.253906
32121.177734
20628.121094
2544.176270
26232.072266
8217.337891
25798.126953
7071.126953
55877.203125
31475.339844
26321.347656
24236.281250
25959.294922
24819.417969
28691.417969
23939.220703
2513.284912
12425.189453
17198.466797
12839.175781
7480.222656
10710.146484
29454.394531
6145.086426
27202.082031
20752.205078
3506.273682
10862.135742
20669.203125
6660.266602
25302.191406
3410.305420
39362.082031
23623.330078
11796.158203
14182.099609
11322.036133
52722.207031
24448.009766
31722.455078
28454.292969
20480.279297
41604.164063
29344.093750
23179.224609
2733.114746
27432.121094
9546.167969
26942.625000
20484.355469
9376.041992
13253.038086
10581.023438
26207.128906
7442.236816
20226.089844
5164.724121
61660.316406
30382.279297
76003.421875
22343.326172
13726.216797
13529.494141
28231.259766
36887.101563
1154.150024
32119.173828
40632.335938
21248.158203
26641.052734
11184.143555
38519.296875
36028.296875
17854.294922
2332.494141
36821.437500
11031.333008
30819.214844
31600.199219
31212.408203
11977.242188
22719.423828
10214.043945
10503.165039
34110.253906
7466.086426
9054.224609
49200.316406
15396.277344
15010.230469
7845.046875
16394.093750
9412.187500
41982.242188
26961.248047
11204.166992
24269.039063
26407.166016
19933.173828
12259.188477
5622.460938
8305.252930
2090.209961
36992.132813
2943.072998
44070.164063
16497.298828
26887.121094
9680.155273
3438.035400
28206.498047
21917.179688
8644.384766
21610.162109
29979.246094
12207.180664
25587.220703
21432.216797
22577.218750
14547.429688
26608.017578
29228.244141
7994.189453
7156.020020
17586.140625
7556.135254
51046.335938
45417.437500
10196.199219
8255.548828
4040.178711
23366.095703
26804.191406
8466.067383
28646.230469
20544.078125
8859.284180
543.158875
27522.250000
14940.190430
27139.312500
44571.289063
27932.109375
7780.305664
39463.191406
11435.402344
2240.244629
27399.267578
19780.232422
10456.255859
7361.155762
1190.207031
18453.189453
13347.288086
41430.132813
12087.340820
23272.218750
55569.351563
26078.244141
26724.193359
42900.214844
21595.201172
15517.275391
3567.270752
7027.372070
1081.419067
2535.435059
23581.285156
24851.230469
21610.517578
19958.197266
4329.291992
35851.207031
2683.057373
39928.605469
11811.284180
25351.279297
62061.339844
5362.255371
39334.269531
1657.319702
27331.294922
6552.069824
24724.271484
13673.264648
1941.639404
24409.230469
10326.223633
19907.267578
23932.144531
45830.238281
9652.307617
35627.300781
10333.289063
6234.407715
15795.340820
3352.391113
19433.332031
10563.265625
8970.295898
31453.396484
13200.234375
4397.225098
9148.144531
13245.201172
43320.226563
7391.175293
32969.042969
12544.130859
42514.316406
4264.214844
35200.273438
11692.234375
39216.210938
21705.224609
25099.253906
21397.183594
29999.294922
39276.300781
13396.125977
16012.297852
48042.160156
32790.273438
37978.406250
1719.088623
56660.300781
19026.429688
23376.419922
5002.276855
12140.070313
26592.294922
19284.068359
2292.141602
8989.367188
30059.183594
37819.121094
104726.890625
45518.320313
12475.106445
3997.280518
46844.269531
11699.291016
31882.205078
23030.126953
43900.140625
22786.279297
2620.134277
3050.177246
10131.408203
12913.358398
22738.503906
29273.337891
39870.191406
13128.185547
9402.320313
28183.199219
4554.152344
6779.357910
69705.289063
28889.156250
9894.132813
43759.218750
3245.239014
3916.999756
32212.107422
23941.011719
22522.324219
12235.190430
21721.333984
15610.118164
3346.169922
22581.574219
23554.121094
2143.036377
20571.347656
24703.306641
27051.246094
40651.191406
21291.267578
36132.285156
19739.109375
13643.331055
4299.200195
37437.378906
27324.179688
35789.132813
8854.203125
2983.328857
11526.296875
19546.107422
10347.300781
7603.113770
39194.105469
25920.148438
21984.173828
18909.052734
2090.261230
48133.339844
23620.271484
7459.261719
6409.278320
17447.998047
13107.185547
57269.210938
28938.269531
32435.291016
25715.207031
24473.158203
9603.198242
16367.221680
31371.087891
6711.116211
15159.025391
3839.127441
27435.250000
3686.279541
15392.243164
30936.226563
20538.195313
11585.999023
16719.443359
25606.228516
26307.232422
8454.239258
38573.222656
34090.136719
32870.203125
23047.123047
22138.310547
11665.118164
39038.445313
26250.195313
39171.507813
6512.433105
3708.231689
32854.402344
26219.166016
4968.402344
24695.222656
3434.411621
23157.185547
32736.156250
8117.344238
26051.265625
42091.449219
13107.102539
34044.433594
33010.214844
38573.203125
24356.271484
10007.350586
6052.321289
17322.191406
8716.112305
45578.269531
30562.283203
27951.439453
14029.074219
3228.139160
19741.347656
35000.320313
3115.241943
12195.217773
33015.351563
32982.378906
26422.146484
11598.369141
20839.166016
22081.220703
21988.048828
38503.640625
40344.437500
22305.224609
3003.172363
5721.229980
28317.193359
25362.275391
12491.208008
4030.167480
23844.177734
914.159790
39065.195313
35283.277344
9828.410156
25954.423828
13481.999023
9134.070313
10039.167969
38895.167969
7479.207031
30976.232422
8289.322266
10016.157227
19683.189453
11330.293945
27046.216797
26938.183594
19928.177734
11824.181641
2759.220703
20406.287109
22522.257813
11959.227539
3536.199707
3261.491211
34482.230469
6844.145508
2644.075928
27278.447266
18864.121094
5028.262207
20067.251953
8307.085938
9859.156250
13718.207031
12166.224609
6889.146484
24056.427734
9870.196289
6067.323730
34178.183594
29228.089844
39263.273438
31077.187500
19505.250000
9437.160156
27520.214844
33813.878906
13591.145508
21313.228516
26019.437500
29253.134766
48070.289063
42440.343750
10368.103516
25231.501953
28655.208984
6469.115723
23445.363281
3941.116699
17790.212891
19173.238281
566.176392
10387.240234
9027.171875
4186.254395
14790.393555
4864.168945
11779.296875
31831.250000
18316.294922
25004.339844
7361.247559
14730.250000
19809.292969
21289.076172
12851.173828
14831.276367
9083.207031
74283.312500
41131.675781
13505.245117
11126.999023
17235.195313
6325.207520
4082.999756
10829.999023
41945.996094
9839.999023
8575.999023
27889.533203
11176.324219
8739.215820
13533.203125
1341.302124
21331.167969
13191.251953
5106.320313
22957.230469
46079.210938
29418.359375
7548.169434
9116.999023
18604.998047
35713.113281
27347.265625
12336.348633
18929.164063
26950.246094
4259.252441
26234.353516
30390.425781
14705.489258
6001.315918
1509.256348
30082.400391
20721.281250
2847.999756
42349.003906
9764.229492
50361.281250
31600.210938
21366.312500
46154.167969
24431.113281
21568.210938
1772.552612
6340.296875
2636.185059
6345.141113
15434.250977
26724.433594
2325.008057
19289.320313
9801.106445
14242.330078
26858.216797
18744.140625
35814.214844
28997.414063
27931.302734
6521.389648
26100.144531
8143.079590
3979.398438
6433.190918
12827.119141
11501.257813
24259.115234
8841.358398
28508.203125
14297.133789
7761.084473
13030.237305
6861.310059
28499.242188
13689.246094
18330.429688
16648.339844
3268.134766
33664.328125
10431.324219
24493.197266
2750.414063
23826.578125
14353.221680
3125.182129
13853.256836
11918.145508
5155.260254
27139.125000
22291.392578
39518.343750
31894.210938
12994.215820
1684.071533
24366.406250
490.172028
44044.457031
9456.274414
64155.339844
27732.281250
11913.234375
9524.194336
1503.308960
32288.271484
9641.191406
2345.343018
6328.326660
19108.125000
13023.051758
30825.205078
14132.382813
13320.166992
14225.205078
18491.251953
9368.032227
13454.077148
32446.195313
12457.170898
29429.214844
36999.300781
14961.116211
23276.515625
22723.193359
12431.319336
52428.242188
21273.578125
33191.222656
14610.373047
32759.267578
19281.429688
71521.476563
23093.224609
22083.191406
12107.427734
9844.195313
27145.085938
48384.187500
55511.261719
3181.206543
19348.240234
9437.251953
62369.421875
34727.257813
11827.220703
24801.203125
9150.133789
9948.290039
53366.144531
37892.281250
28667.246094
10185.221680
889.365051
28418.417969
4869.477539
4632.145508
1911.309448
51495.390625
46149.144531
2595.010010
8791.208984
2002.174805
13770.138672
42754.175781
19241.306641
32510.337891
19002.152344
23298.296875
11117.234375
30055.347656
46521.761719
31755.320313
11439.268555
18084.208984
5545.315918
19986.349609
2496.185547
10242.360352
36684.332031
12516.218750
26025.255859
25426.214844
44653.316406
18303.210938
6452.250000
56491.996094
8632.133789
30005.083984
32778.410156
15399.579102
20986.337891
22076.308594
33940.156250
28446.244141
71012.445313
27676.191406
1441.187134
30350.345703
31853.113281
46223.410156
9419.378906
13243.195313
11671.202148
5336.474609
6551.037109
24148.298828
39216.375000
1813.313843
24745.205078
14708.999023
38315.132813
6450.175293
11271.100586
26339.216797
28779.109375
13129.361328
14578.171875
14115.224609
18371.232422
9239.300781
1919.384888
2541.207031
8478.243164
11861.248047
17829.125000
12667.120117
12504.332031
24202.210938
5273.167969
28883.357422
4621.245117
55219.273438
33015.406250
26232.121094
2840.087158
44543.250000
20807.119141
7114.176270
26159.265625
9365.263672
27183.398438
19261.296875
62783.367188
6032.541992
22631.201172
22685.183594
17969.117188
29673.158203
28766.152344
47011.117188
69271.195313
10467.999023
10624.110352
11806.166016
5299.171875
16273.275391
48081.246094
32492.703125
45503.246094
3703.178223
12115.327148
11622.114258
9709.172852
26286.189453
24290.222656
9152.031250
21936.234375
23422.070313
10625.181641
16845.275391
22319.169922
4308.075195
3969.336182
31858.300781
25572.357422
11738.128906
8922.115234
32240.123047
5695.229980
30166.279297
5664.263672
42277.078125
22237.193359
72915.171875
2361.284424
31384.126953
10141.107422
28065.371094
4569.363281
6540.188477
11483.139648
5168.385254
7083.120605
26388.371094
31390.173828
3577.266846
12026.361328
33192.183594
10857.228516
39402.121094
23517.232422
21222.300781
10733.310547
11054.313477
42662.304688
24804.285156
27909.191406
24302.164063
24908.251953
9400.587891
28770.230469
13989.245117
11807.344727
55947.375000
43679.484375
46831.386719
5561.373047
17028.228516
38703.167969
17596.205078
2652.276611
28680.191406
20271.171875
33170.437500
31440.703125
31107.158203
17982.091797
6350.288086
28439.259766
7874.136719
12819.040039
18871.294922
13048.207031
36151.261719
19758.224609
40445.351563
3198.197266
12597.054688
8138.227539
30954.064453
19626.359375
53765.343750
12391.272461
46174.312500
12592.211914
31203.558594
6866.270020
28818.308594
8919.311523
37010.152344
2640.455566
49463.425781
5384.336426
9837.251953
30159.160156
15214.053711
10229.135742
28236.220703
33071.105469
46793.292969
2695.327881
33444.375000
10955.125000
28938.361328
29276.148438
2810.263916
40257.210938
13998.251953
21915.259766
24296.275391
28266.242188
28840.275391
15275.124023
21857.187500
980.193420
48666.195313
1562.107178
4217.435547
19105.283203
33368.277344
12976.259766
11135.201172
26931.298828
13400.149414
27827.296875
7704.207031
7667.333496
18805.218750
29002.208984
2822.244873
12693.145508
29812.099609
12162.192383
9978.203125
8147.330078
37323.109375
26956.197266
10966.233398
16232.122070
28343.181641
10727.231445
10791.263672
20066.146484
14115.292969
13202.142578
34074.199219
32113.607422
23576.392578
10508.185547
12887.086914
39110.265625
11603.264648
16290.167969
10297.144531
21713.162109
14043.287109
19756.318359
55394.281250
8648.080078
32315.126953
20559.199219
20000.078125
10361.175781
21303.277344
18798.251953
36898.199219
51009.226563
11098.383789
14976.024414
11973.366211
54627.378906
26550.113281
21053.082031
22629.193359
39020.277344
7776.122559
29167.267578
29756.265625
29460.333984
64062.101563
51984.300781
16871.333984
18419.236328
18217.175781
10478.090820
36129.035156
35459.144531
2244.126953
7797.187500
10879.261719
8383.131836
26401.302734
5107.095703
26275.355469
29451.199219
11840.393555
10749.188477
20937.167969
39984.230469
24872.146484
51725.800781
12371.202148
25301.203125
31511.312500
32604.398438
24713.183594
24938.175781
26096.222656
6859.241211
8019.282227
32202.312500
26382.271484
4234.758301
10123.113281
28564.119141
25940.375000
41637.328125
10102.059570
1549.186523
8601.143555
5964.149414
36749.207031
28302.306641
81644.335938
48642.292969
38967.468750
19847.072266
30367.208984
9738.312500
33260.210938
2624.555908
6858.295898
20043.134766
27230.128906
28404.160156
55207.199219
46064.292969
19248.333984
30457.335938
13724.317383
11869.268555
23508.320313
15972.121094
36833.351563
29740.181641
38849.398438
40600.375000
26843.250000
12357.311523
13117.274414
15521.077148
14125.265625
2995.557861
19536.126953
1674.010132
8360.207031
9124.276367
52987.250000
27369.527344
40303.394531
8772.234375
17298.453125
31060.292969
4085.128906
2655.200195
23089.111328
29181.646484
28127.310547
13880.430664
41201.269531
13852.241211
47335.320313
9922.160156
23888.277344
23555.281250
20290.060547
13629.354492
23433.226563
13539.058594
14375.425781
18355.044922
23643.378906
14186.065430
21519.244141
52211.300781
24234.130859
34269.132813
28594.128906
11163.273438
10324.093750
8444.321289
4886.224121
1686.692017
2807.360596
47103.378906
10939.358398
3616.190430
3955.364746
42773.269531
10400.289063
40141.195313
4661.477051
42017.230469
25127.242188
21125.166016
30723.142578
19183.093750
14248.067383
24925.275391
28407.203125
9351.431641
11899.463867
4237.414063
20638.283203
21726.312500
35387.535156
34925.632813
66202.421875
10389.154297
31950.539063
8510.308594
19852.406250
26200.214844
10145.222656
24793.230469
6541.166504
10577.103516
43766.285156
21226.205078
15473.999023
16529.066406
29120.998047
62189.082031
7939.320801
14780.395508
32516.273438
24879.169922
1973.309814
10462.259766
26828.125000
2350.098877
44963.335938
6678.224121
11229.203125
29460.169922
25902.998047
20260.998047
16815.171875
25046.230469
4695.400391
3984.116699
14787.999023
5065.143066
33637.214844
14030.201172
34832.234375
11773.126953
6209.009277
24523.392578
19797.052734
11047.299805
15375.247070
11771.278320
80081.531250
39825.117188
8589.597656
10871.148438
8660.175781
17442.201172
10083.230469
40967.230469
14356.107422
38333.164063
28415.376953
55014.351563
63650.214844
21799.347656
2591.098877
43844.148438
14777.182617
40076.187500
16570.128906
26823.125000
19276.367188
23711.226563
9324.322266
3363.451660
5360.357910
24322.300781
10097.337891
14590.218750
12284.138672
14876.184570
7145.177734
2795.283447
37506.226563
25104.273438
20945.320313
19365.216797
3232.395996
35286.152344
16110.158203
8245.239258
24004.302734
32270.238281
13033.166992
39047.019531
25927.265625
2916.314697
26882.445313
27071.085938
37014.453125
33571.277344
23132.240234
26606.144531
11664.187500
21837.189453
5004.235840
6706.268066
12881.337891
1165.247559
26846.142578
18142.519531
22282.152344
6856.536621
27597.132813
38926.328125
62941.363281
6834.199219
39574.121094
12339.236328
30579.240234
2571.236816
27312.210938
12000.202148
56742.210938
10852.221680
33996.347656
28189.339844
22934.257813
20073.578125
10595.323242
10241.041992
31494.269531
11062.369141
25228.166016
17387.224609
54344.507813
28259.093750
52748.285156
712.202698
25560.115234
15264.281250
21641.160156
24817.212891
1232.199707
17202.224609
17658.224609
10922.189453
84520.437500
23110.242188
61776.292969
37748.113281
1362.598511
11891.378906
33920.320313
17903.205078
11808.116211
20378.291016
12875.207031
21145.208984
19924.222656
2530.321533
48501.320313
1934.077393
3740.377441
27105.175781
34742.179688
16689.359375
4218.229492
13325.296875
8066.091797
11281.183594
33699.273438
45274.289063
7876.149902
9674.396484
5181.171875
8894.215820
6720.385254
8844.101563
20594.998047
23327.998047
71958.328125
37211.472656
25221.455078
4592.077637
12351.202148
13259.156250
38815.230469
11517.140625
13514.203125
3611.339600
12301.340820
24773.218750
28581.298828
9490.373047
11597.129883
19449.191406
24689.341797
53025.269531
38051.265625
51275.234375
19985.248047
22603.332031
18941.115234
43665.210938
12512.233398
58167.257813
39555.386719
22630.027344
28787.142578
6784.117188
27341.289063
31178.351563
29036.160156
9085.322266
11983.235352
6951.165527
20597.095703
7615.129883
38395.328125
30236.304688
41849.187500
26919.148438
25770.144531
4794.192383
29486.214844
43969.386719
38175.292969
25568.183594
10831.402344
35199.105469
23190.998047
20783.191406
12322.250977
33124.160156
26910.394531
46448.171875
29943.125000
25779.230469
5959.309570
9286.127930
8678.326172
3565.338623
11965.322266
10825.115234
9494.432617
20983.396484
8719.162109
63603.476563
13385.161133
13964.311523
28096.095703
9320.179688
36501.222656
11960.999023
10008.999023
29341.998047
10477.999023
19257.998047
22140.998047
45645.000000
18651.302734
39725.308594
8936.142578
12800.173828
23808.242188
46355.109375
31823.146484
42282.316406
39553.148438
26241.326172
12295.278320
32462.451172
18838.441406
40074.367188
30504.187500
1017.290955
6935.132324
23810.291016
46764.441406
39707.308594
26357.058594
35768.082031
16418.248047
56042.535156
41993.371094
14241.118164
12704.253906
12269.263672
72948.273438
31551.294922
18772.271484
10270.314453
40003.292969
28630.142578
21859.181641
32296.091797
2309.372803
20041.195313
47742.292969
36275.277344
38534.406250
17374.318359
46696.484375
46425.539063
10361.089844
10865.999023
13029.124023
11208.064453
27534.498047
73438.367188
12205.999023
22903.109375
55747.234375
6694.209473
22402.248047
27142.382813
37920.367188
8118.234863
6819.059082
8392.039063
23557.183594
9738.218750
5643.176270
7569.318359
30493.095703
33350.125000
14029.062500
13325.317383
27453.337891
24523.277344
47702.218750
22973.330078
23586.166016
10764.126953
25674.281250
37923.226563
23312.388672
3470.166992
5095.050293
1447.999878
24927.251953
43164.421875
127853.765625
49455.210938
10853.045898
18405.103516
50703.371094
8538.291016
7297.233398
44834.375000
51701.257813
11019.259766
51749.222656
36735.273438
32411.087891
30106.205078
18617.164063
24765.394531
13742.188477
20471.232422
8242.184570
1947.217285
25215.328125
45476.187500
48463.214844
10806.111328
13610.206055
22685.109375
32162.263672
26828.146484
28950.121094
9735.188477
11511.165039
7525.157227
12170.234375
11595.156250
10449.391602
38014.148438
15888.172852
11869.162109
33445.996094
3048.054443
5603.250488
25998.365234
31371.431641
15616.339844
35529.347656
20427.179688
28110.308594
10675.313477
9159.265625
43114.437500
9698.211914
34939.312500
13280.113281
7764.343262
23739.175781
16962.322266
9605.045898
9443.234375
13362.025391
26872.312500
14555.390625
30369.310547
27032.220703
24141.304688
55776.535156
45138.207031
21217.292969
37352.300781
20559.337891
24502.328125
34749.179688
26832.310547
25628.050781
45280.238281
5249.597168
13945.168945
25129.281250
27974.226563
26738.539063
35044.226563
11357.416016
27155.650391
27558.220703
3478.218506
16756.214844
37659.222656
42921.171875
40174.378906
27260.402344
15136.301758
3257.377441
12062.999023
4161.040039
10761.284180
25366.218750
2129.210449
5390.170410
6575.450684
9448.283203
36799.261719
26078.154297
2936.229004
20946.263672
12089.143555
13310.301758
12980.143555
33309.171875
20511.167969
23935.277344
26958.658203
19452.298828
13358.148438
9493.266602
20861.248047
29477.257813
30219.320313
24868.269531
38060.187500
3808.082520
19670.156250
22165.154297
30003.062500
4837.065430
9250.135742
30154.236328
7078.036621
25819.279297
22958.330078
28652.085938
33367.722656
5535.316406
24939.125000
24684.181641
40108.550781
13203.316406
46776.328125
1431.307007
7706.096191
46648.421875
7104.999512
39874.273438
48107.230469
37043.078125
12378.000000
6036.243164
37881.351563
9470.487305
19776.167969
14796.280273
25856.134766
29861.726563
19751.167969
7230.120117
40775.226563
21149.091797
45305.324219
20612.998047
2623.215332
23419.000000
21298.105469
19187.210938
18260.074219
23082.308594
9986.158203
18996.136719
4592.298828
10760.144531
31540.363281
24422.164063
6662.308105
4890.595215
34928.226563
7863.390137
35427.191406
23239.300781
18734.386719
16326.291016
5076.452148
26678.205078
10130.150391
11500.352539
25491.289063
902.401611
24709.111328
28847.884766
44989.234375
22171.230469
22597.175781
19490.248047
10296.299805
24422.154297
11302.206055
28287.183594
35079.269531
34753.390625
25785.058594
4570.276855
4379.195313
25985.302734
18582.230469
5749.273438
10177.118164
11546.291992
13106.146484
1052.419556
25319.169922
10014.114258
21933.130859
10599.171875
4486.453613
31407.203125
9702.064453
23474.181641
7393.162109
15897.076172
9101.131836
17127.078125
14618.092773
24060.382813
28352.250000
14886.291992
20228.312500
21265.134766
10441.136719
19033.203125
9083.196289
2232.185059
16131.236328
24742.359375
33164.179688
11532.141602
8832.066406
19717.175781
37162.433594
13184.177734
9778.348633
31852.386719
1658.167114
27843.398438
13374.197266
17637.228516
10091.207031
21328.322266
49413.398438
17478.251953
11477.357422
22050.212891
9173.273438
2386.323486
7634.208984
4655.458496
21372.365234
2487.191895
7418.321777
6438.999512
41247.312500
34921.156250
24987.251953
24259.101563
19215.333984
27590.349609
1104.266602
22059.250000
32399.298828
8050.243164
12294.170898
14549.071289
5385.242676
7839.195801
45649.382813
10924.278320
26815.251953
36670.187500
5065.119141
57127.066406
33948.285156
18972.130859
6118.302246
8978.188477
42232.105469
4391.012695
57634.316406
12702.079102
7368.255371
41205.097656
5486.050293
11184.097656
8831.050781
24779.191406
4332.296387
45235.429688
28984.259766
2535.182129
9195.166992
21499.240234
19475.080078
11281.182617
10621.451172
6290.229492
35693.375000
24251.042969
12765.209961
37692.292969
23911.335938
9665.234375
34295.183594
46458.265625
34582.222656
10574.156250
8032.100586
13307.156250
3591.292236
22716.191406
8358.175781
1393.313843
19325.343750
36516.125000
24532.210938
13167.158203
28813.283203
8838.180664
49079.207031
2611.355225
25937.380859
6945.266113
8136.188477
3782.312256
11555.536133
9267.195313
24031.201172
27293.236328
16071.213867
14499.143555
23401.105469
35651.257813
22101.150391
34943.257813
8637.278320
13915.306641
50057.238281
16131.404297
49335.125000
6331.297852
10856.178711
25070.328125
25789.171875
30939.154297
21119.248047
11999.250977
4623.229004
20605.294922
24740.199219
12378.212891
31822.257813
21207.310547
4152.226074
12813.107422
9838.335938
15423.249023
4393.244141
23629.253906
22133.148438
13964.089844
35185.250000
33420.320313
33219.394531
14648.149414
5058.300781
9121.190430
17515.236328
27322.097656
21311.384766
23714.320313
7329.363281
17958.152344
5935.199707
8440.283203
54859.191406
24279.298828
21818.164063
43195.437500
12175.210938
7405.264160
15473.388672
20375.328125
26084.853516
5351.239746
12381.216797
31848.400391
24440.023438
23289.082031
15362.237305
6620.634277
2669.109863
25370.185547
22349.156250
4494.202148
17725.166016
2610.358643
9174.250977
1943.999878
54030.148438
14057.222656
10031.300781
6418.153320
89040.460938
9554.339844
25034.257813
35858.335938
47859.292969
32383.248047
12920.176758
39581.054688
25834.076172
18581.279297
1490.447876
10815.242188
31354.187500
9769.999023
1325.085205
26351.333984
16263.111328
3225.214844
18525.220703
35749.183594
51448.300781
11715.072266
17857.312500
30601.214844
36203.230469
9390.059570
25597.263672
35009.187500
55015.238281
11266.424805
12759.134766
25641.095703
13328.100586
23429.201172
2484.103271
32271.279297
23149.187500
1592.192383
36107.503906
10161.080078
32134.236328
6153.329590
29160.705078
29305.322266
23182.439453
28905.539063
23772.376953
9716.228516
6307.158203
36202.296875
12815.290039
23722.154297
31132.207031
9745.224609
22631.240234
9242.252930
1811.359619
36593.304688
8286.105469
30113.244141
19517.175781
3977.418945
14484.040039
48402.511719
43214.378906
15533.251953
24266.212891
20384.246094
47359.214844
10554.143555
28635.250000
3758.370605
7029.639160
24295.326172
76892.320313
8626.333008
36374.753906
38254.269531
2157.317627
10695.221680
36620.273438
24478.339844
29001.376953
29549.250000
44565.460938
18937.240234
27034.187500
22241.232422
24208.132813
38178.203125
5575.166016
30751.216797
26439.234375
9293.192383
22885.388672
1965.407837
6515.128906
22142.285156
35403.167969
20593.359375
17014.332031
14171.270508
39821.050781
14739.200195
45735.332031
25496.242188
19781.998047
8159.008789
2592.999756
6021.103027
34845.199219
32355.140625
23057.511719
16749.205078
24246.236328
4830.999512
9127.102539
10733.266602
25120.322266
39636.328125
6755.220215
25826.316406
56134.351563
3658.141113
43781.222656
33462.304688
12024.108398
27463.162109
16791.207031
42503.515625
16574.212891
26236.238281
21234.097656
12901.083984
1657.089600
11154.145508
33006.152344
23371.132813
48108.515625
41988.421875
10046.132813
11490.187500
34000.289063
26394.439453
24837.117188
54282.195313
9679.170898
23551.185547
1947.083252
10924.179688
29697.166016
1094.449829
18709.593750
11997.284180
11420.141602
22603.421875
9237.179688
2830.301025
23927.255859
7647.212891
1789.445435
18723.091797
11576.007813
26732.244141
25963.302734
14482.176758
13253.365234
4332.097168
25272.064453
7325.193359
3603.115723
1412.117432
23485.117188
49077.253906
7682.187012
34939.445313
6575.247559
35903.207031
1405.269409
21806.998047
11223.999023
25038.998047
26933.087891
34621.367188
32754.234375
15736.241211
2502.167969
11110.168945
29660.263672
19838.199219
24150.175781
28217.318359
24961.388672
32662.273438
23213.408203
4748.348145
17820.236328
12057.214844
25224.265625
4119.312012
15224.295898
7226.138184
30466.746094
23705.294922
7218.261230
28728.078125
19747.281250
21345.312500
30016.361328
39602.242188
16295.048828
5562.511230
9593.438477
10082.133789
25454.419922
10910.054688
37635.761719
18412.203125
33780.210938
18854.291016
11377.063477
31227.496094
26902.091797
30839.248047
38181.269531
64902.558594
29948.365234
20369.148438
11605.250977
40744.183594
40767.164063
9179.212891
35526.640625
76297.304688
21613.232422
25213.121094
23665.175781
19205.236328
29585.289063
26356.208984
11249.060547
9085.115234
18015.373047
39558.210938
23167.152344
16141.286133
12226.209961
2709.196289
11018.101563
24399.267578
30146.134766
19295.156250
11539.999023
17654.226563
25563.054688
3067.140625
39776.648438
16219.208984
59296.289063
3367.305420
37045.230469
20654.123047
29455.386719
17638.250000
26455.216797
22054.337891
30747.318359
36429.308594
15275.272461
1125.449341
11930.071289
36422.367188
7029.220703
26626.117188
39226.394531
10215.398438
8486.263672
26937.103516
11515.235352
15947.236328
40201.175781
31645.181641
5109.304199
35315.238281
41969.292969
6959.223633
13529.093750
35687.183594
37832.164063
8690.220703
30814.183594
26576.457031
14454.163086
45183.265625
22901.339844
31440.300781
21475.148438
1763.263062
26097.423828
26744.199219
6394.272461
17593.066406
31530.185547
1770.211914
24260.166016
2762.238281
93823.539063
53860.195313
6973.266113
34827.246094
3082.480957
50559.164063
68400.203125
9745.093750
9166.361328
940.325562
11870.324219
22964.263672
58979.261719
15077.056641
11536.431641
11148.224609
10782.279297
15133.257813
22971.376953
34677.304688
29042.296875
10346.061523
37235.269531
6941.314941
9196.064453
2036.154419
3838.222900
23014.210938
7085.092285
11012.472656
14376.339844
16812.240234
28836.328125
61839.394531
10481.449219
25198.330078
32853.199219
10328.446289
33724.109375
18763.384766
35635.203125
53224.316406
38886.160156
11793.026367
3982.163086
29105.136719
27208.421875
3995.244385
33963.378906
9480.233398
6190.342773
22258.226563
43878.332031
2750.073975
21887.220703
19830.376953
24966.144531
17851.099609
40276.250000
17790.210938
29491.291016
14762.191406
9584.271484
38065.238281
35500.109375
10151.212891
26989.169922
6611.251465
29373.246094
832.267517
21640.162109
8396.164063
5642.180176
22398.150391
48894.359375
25740.998047
60286.996094
27580.050781
14119.208984
22577.208984
20726.101563
4688.253906
8498.106445
5971.316406
5608.312500
28164.472656
24942.109375
32302.371094
25519.208984
11223.153320
34485.335938
35763.265625
9663.188477
11214.514648
12178.121094
6243.352051
27488.218750
2805.372314
47904.238281
6257.179199
2696.073486
11978.145508
16810.251953
38060.179688
11835.444336
31124.152344
14832.312500
4686.467773
55439.292969
36720.296875
12742.196289
28362.181641
25936.218750
2477.196777
18643.416016
19285.203125
4858.314941
18939.376953
14826.061523
26680.234375
29053.287109
8192.196289
10726.161133
13929.284180
20593.410156
24733.369141
3898.226807
28295.210938
30461.091797
26227.318359
20938.250000
37593.488281
24828.236328
22846.175781
10781.138672
13725.148438
53981.261719
21782.103516
26265.201172
12212.094727
24177.210938
48941.109375
6188.431152
14850.150391
11948.152344
3679.207520
17746.244141
17341.158203
18223.396484
19026.187500
13056.277344
30843.232422
32447.283203
34553.125000
14299.316406
31999.478516
9824.199219
20739.349609
9418.117188
20016.187500
974.107666
7402.214844
16391.253906
4763.089355
8989.026367
36468.144531
28086.330078
30515.181641
9798.232422
13662.339844
9775.181641
10480.163086
29346.068359
4171.166504
3851.173340
8123.080078
32219.197266
21747.152344
31675.298828
18870.185547
11834.183594
28148.037109
10643.196289
54788.187500
11998.195313
22103.175781
32157.125000
4485.286621
27318.121094
47728.113281
12699.118164
10190.138672
5245.095215
25502.001953
9447.076172
33057.082031
453.432312
34569.574219
11240.112305
48018.214844
12878.330078
8277.079102
34644.359375
20130.337891
10047.186523
24922.089844
37252.132813
2928.266846
21497.298828
16576.248047
43307.273438
5324.216797
22553.140625
7882.044922
3666.327393
65015.289063
3868.178711
12044.324219
49507.347656
25973.117188
7101.283203
10637.224609
13761.339844
26442.240234
10736.267578
12539.262695
3865.433105
26723.458984
29845.500000
17294.351563
11316.183594
7888.087402
40524.121094
19005.998047
12050.999023
40653.027344
13917.267578
78099.289063
7505.069336
14294.226563
33890.304688
2772.271240
14775.298828
7360.383789
6411.106445
24351.070313
5100.999512
38838.406250
1111.365479
25600.363281
34050.132813
3228.179199
23521.208984
11699.058594
7447.157715
43197.339844
20387.263672
6534.230957
39349.195313
23218.197266
45267.261719
11855.281250
37058.144531
19704.177734
29977.505859
22354.302734
23317.375000
28632.220703
29213.328125
26568.310547
20664.490234
21542.210938
44044.269531
46325.332031
9292.183594
38141.113281
17690.136719
33737.218750
40189.097656
58418.324219
10526.121094
20398.275391
32351.173828
25815.160156
15125.344727
35009.390625
44003.285156
34450.316406
14039.162109
2209.342529
30797.230469
2651.116211
18995.111328
15750.540039
11377.146484
12904.208984
2754.133789
28612.382813
23356.121094
20368.187500
23086.080078
9548.487305
12370.188477
28209.138672
32558.199219
14813.044922
37099.167969
47911.414063
36234.195313
21884.365234
45503.382813
8256.348633
7589.057617
37538.214844
8307.183594
29298.246094
3547.297119
38114.308594
20685.259766
22933.457031
6968.298340
43543.109375
30554.494141
1964.115356
31441.326172
16102.295898
12218.463867
20306.257813
23903.367188
3867.212158
6841.139648
10228.147461
12139.076172
4104.164551
12698.302734
29005.156250
24286.064453
19873.162109
30462.257813
15383.176758
21077.275391
54634.417969
25325.216797
30869.125000
21617.291016
24924.498047
3869.999756
12121.999023
21065.998047
16979.199219
39052.250000
52192.273438
13521.174805
7624.252441
3844.144531
16704.316406
16972.187500
14642.097656
35383.273438
18240.285156
24345.230469
47481.132813
52697.554688
27875.310547
35752.277344
22573.375000
18846.228516
9602.044922
11356.115234
1280.286499
37783.292969
21197.210938
22158.259766
8919.044922
29087.230469
28277.281250
10644.360352
10937.136719
1342.155396
18729.058594
29357.275391
6876.443848
29701.017578
16547.039063
2765.156738
3378.480469
19949.003906
9678.219727
25435.158203
53759.316406
33976.234375
4128.257813
2938.213867
9724.200195
13669.458984
11964.278320
28683.169922
39439.718750
19567.201172
29206.208984
19203.259766
30975.160156
25278.382813
9740.291992
9076.164063
33252.238281
2923.185547
35756.367188
14480.242188
19011.201172
35723.628906
12217.289063
7709.027832
6980.220703
32061.187500
8825.208008
44309.242188
29809.214844
21969.222656
53804.230469
11322.068359
23176.339844
28634.156250
28593.164063
11063.102539
28477.130859
47739.269531
10992.066406
18695.400391
24470.349609
35184.343750
27275.248047
32909.113281
26888.271484
5274.481934
12992.189453
41472.281250
4028.220947
39433.371094
28224.177734
36688.152344
38679.507813
4235.304199
11355.089844
28219.173828
11318.115234
11178.208008
49640.886719
25165.169922
22780.222656
5941.157227
21064.121094
7317.370605
20075.048828
9670.110352
7243.333984
18134.318359
18828.298828
24887.279297
3734.353516
44043.324219
27883.343750
11504.163086
38625.343750
5646.270996
5450.275879
28202.197266
39113.597656
35691.277344
6170.277344
4495.132324
27957.255859
10090.246094
21268.300781
1847.425903
26408.437500
4224.066406
26214.208984
8554.275391
1836.165161
20502.515625
5495.139160
16726.296875
14488.257813
6987.120117
19430.376953
27244.267578
26573.136719
9914.338867
47422.152344
16778.269531
1140.357666
27082.193359
34927.394531
4159.130859
12377.228516
21211.173828
24968.324219
7418.174805
23089.138672
30677.146484
27918.056641
48337.179688
7464.999512
36918.996094
20610.998047
44429.195313
30890.322266
33006.140625
25360.095703
12155.109375
39999.128906
21026.087891
2647.264404
44915.226563
1985.203613
6974.125977
4156.402832
32237.197266
23486.169922
16766.425781
46101.234375
13505.336914
57060.523438
30359.138672
14856.331055
70234.468750
57481.230469
29803.355469
8940.443359
29429.251953
38980.152344
24745.128906
34804.125000
24205.257813
30060.337891
51308.300781
56471.261719
32606.208984
28908.212891
32190.195313
8839.208008
2145.781738
18162.203125
35623.316406
1742.116821
38472.210938
13261.152344
23033.503906
11118.050781
36084.234375
29519.162109
6802.066406
11077.168945
58825.625000
32641.230469
18638.207031
38579.339844
9082.273438
22350.191406
21406.167969
12364.332031
3308.118164
37113.042969
15176.211914
10109.094727
25905.156250
58804.355469
4127.196289
28901.484375
31555.228516
21584.138672
12767.321289
14981.141602
15346.447266
22483.232422
14828.083008
32686.439453
18548.125000
22376.292969
1653.112427
12024.131836
6995.031738
32895.320313
26031.195313
20569.208984
9000.146484
11528.102539
21836.337891
4141.047852
24258.361328
5549.141602
44276.226563
24551.201172
4506.229980
21512.234375
864.364563
38310.523438
8243.125977
13139.118164
6168.270020
33140.652344
39677.179688
26942.273438
1099.268555
38266.125000
23228.429688
33727.199219
37767.996094
26962.998047
19327.269531
36020.214844
34394.296875
7140.286621
4702.246582
25031.501953
12150.099609
31414.060547
6771.176270
9629.133789
39892.402344
38768.234375
32855.398438
10721.261719
33129.171875
30985.369141
54778.160156
19015.167969
4299.149414
41749.257813
12056.211914
20919.046875
10570.213867
40794.261719
19688.187500
47227.144531
16896.328125
4343.311523
39703.367188
40813.289063
18844.199219
12797.303711
15635.254883
47924.296875
32330.296875
23026.285156
50438.156250
23605.238281
19480.267578
1472.228027
6066.276367
38969.238281
27855.261719
46285.289063
22113.429688
3415.405762
7787.205078
16658.304688
5803.382324
26014.240234
10745.080078
11481.287109
32430.189453
21149.326172
27060.173828
36301.390625
52920.152344
20871.072266
39034.382813
50994.285156
32882.101563
9496.313477
5306.192871
17547.189453
25599.310547
32254.294922
3015.362549
41232.175781
21195.367188
14063.105469
20946.238281
28873.781250
11914.241211
72014.195313
9175.335938
12761.216797
24588.400391
2680.260498
12983.347656
30505.214844
30694.216797
29777.058594
26594.253906
36567.250000
11710.178711
40910.476563
17679.068359
39977.195313
22055.152344
12284.180664
40013.406250
6932.999512
7087.128418
14711.408203
48070.152344
11221.202148
2730.128418
23112.250000
10365.247070
36093.101563
42282.289063
29396.539063
20322.228516
5260.506348
21267.164063
53623.210938
13934.330078
13385.291016
8545.416992
10099.099609
11471.999023
21910.337891
71067.218750
32643.585938
19558.257813
4364.072754
20250.066406
44621.210938
35292.292969
13007.085938
16925.330078
3099.165527
9278.140625
10553.061523
14224.177734
35423.226563
23755.185547
35514.152344
23036.324219
7998.060547
19420.115234
36214.574219
25673.187500
25767.269531
37385.218750
3964.199219
15897.247070
13441.207031
41207.207031
28956.414063
31889.113281
22621.121094
4275.501465
14056.100586
10462.208008
12788.205078
3208.270752
25390.228516
23417.173828
25922.230469
27226.521484
32145.248047
28231.222656
29764.382813
8989.164063
19737.255859
18866.353516
4272.157715
31908.191406
35023.187500
3869.279541
26798.130859
28772.308594
39386.460938
35167.449219
3796.388184
9125.212891
14218.118164
34702.343750
32090.138672
5104.167969
5914.535645
26904.998047
9315.999023
5516.065430
25428.212891
4185.237305
40533.402344
26926.355469
27774.101563
9876.159180
10880.351563
10181.200195
39315.183594
25905.197266
21943.201172
11581.180664
8067.105469
2367.124023
26698.125000
22961.240234
25607.160156
13081.453125
34481.601563
26137.207031
19472.240234
962.066223
20836.298828
17912.154297
6435.106445
21429.484375
23308.281250
10225.999023
10360.999023
9184.188477
20838.298828
29031.294922
59647.230469
18750.166016
34563.332031
33406.441406
26552.216797
7995.215332
16928.291016
14497.104492
21324.052734
29760.222656
14365.477539
10856.162109
14449.430664
18816.148438
3022.266846
67346.226563
20273.271484
39653.316406
20525.210938
8681.110352
8388.469727
12013.117188
16246.249023
18141.216797
12584.516602
28056.326172
25519.144531
6680.131836
26656.244141
2344.298096
42827.175781
2399.206543
4890.283691
8850.165039
8469.439453
33199.324219
36894.484375
8840.124023
17854.066406
35599.460938
7325.313477
10657.203125
2957.034912
32115.201172
10634.299805
28571.226563
8356.259766
23194.333984
23830.191406
5688.205078
22767.169922
39878.207031
29473.224609
41481.281250
32330.398438
22918.123047
3394.999756
17717.027344
11112.297852
46004.097656
55961.234375
33105.085938
19184.187500
28501.349609
29158.123047
16589.068359
4363.326660
1955.203613
9688.320313
24666.263672
45525.210938
25675.242188
2314.238770
5469.210938
44131.187500
19654.255859
23192.066406
37624.300781
27715.222656
32307.115234
11819.055664
13132.352539
1084.060913
46288.417969
35790.203125
58331.203125
14417.303711
10582.200195
33239.347656
5130.228516
26140.111328
10839.123047
5970.240234
41391.558594
23597.183594
13203.284180
8378.179688
8962.331055
12313.291992
11291.317383
22724.292969
36680.320313
29927.267578
11158.353516
12676.268555
31766.281250
10928.216797
20952.179688
10913.420898
8850.336914
23701.476563
11954.237305
8070.213867
9104.196289
2999.168945
27930.509766
19745.255859
9248.180664
19588.175781
11507.230469
9977.319336
32965.269531
21285.185547
13818.085938
30706.244141
6340.324707
12195.243164
23026.158203
14100.094727
22518.246094
8491.303711
23597.007813
32859.179688
25533.220703
25250.292969
21054.062500
12377.193359
28514.226563
35925.246094
3084.587646
2514.254639
28060.130859
16586.400391
7407.140625
730.262207
7010.161621
11505.172852
68966.453125
7993.169434
32612.191406
12907.309570
13110.214844
22697.339844
4220.114746
24245.046875
10210.247070
28095.121094
27003.248047
8727.165039
35534.273438
10870.253906
49071.242188
50389.355469
37436.210938
59472.460938
30578.246094
23968.292969
2731.294678
28363.289063
38433.312500
10533.225586
13219.252930
27129.185547
35353.109375
3759.435547
24038.326172
42320.507813
20261.203125
24466.328125
27365.134766
10857.237305
19039.292969
29486.154297
23122.138672
5026.000977
33279.109375
6061.253906
26808.097656
23764.203125
8621.074219
25697.388672
3902.621338
19310.292969
27180.332031
18503.359375
8970.250000
3935.339111
9237.070313
29239.492188
5381.690918
48634.468750
62873.265625
25041.478516
10453.440430
27367.279297
37389.308594
26053.052734
2958.162109
58004.296875
36015.148438
30308.148438
23909.511719
26639.279297
17968.191406
38418.144531
28334.306641
30487.273438
20713.228516
16766.166016
25924.300781
35747.199219
51685.234375
32538.197266
17006.123047
34296.164063
18051.998047
11289.137695
25570.492188
25888.027344
14825.061523
4497.079102
6701.033203
2063.260742
18943.136719
4763.672852
3694.153320
10542.279297
2752.104248
11285.148438
20995.367188
23149.082031
25051.199219
17607.447266
4551.183594
32745.037109
41364.476563
30930.359375
4634.048340
42702.164063
21394.056641
13216.165039
5321.459961
5715.497559
30788.175781
6971.413086
32841.207031
19381.103516
20016.052734
17627.166016
1080.219238
13260.397461
15757.240234
18345.365234
6514.282715
10821.250977
2640.262939
23980.347656
12154.153320
15350.270508
27658.193359
11508.208984
44019.226563
20762.048828
10759.170898
19115.146484
25151.470703
7188.144043
28063.462891
49703.175781
20414.103516
9035.447266
28340.343750
34513.144531
38117.210938
23220.365234
20449.126953
12751.236328
24458.568359
13879.167969
33584.269531
26594.203125
2611.347900
20682.103516
59387.187500
32036.183594
22965.236328
48001.195313
8795.039063
20507.222656
2366.063721
21040.326172
11952.362305
9574.207031
28753.220703
28123.503906
17342.382813
10392.220703
6306.333008
5022.277832
5978.549805
16318.180664
58062.316406
13263.177734
19612.164063
14283.156250
24176.205078
6180.049805
26901.167969
20718.144531
33764.199219
33593.210938
25625.134766
1775.253784
10387.134766
30263.058594
22020.119141
27979.154297
21725.041016
10898.060547
8927.491211
2825.372314
8435.422852
29311.236328
8408.108398
10313.278320
34994.238281
25981.083984
23729.115234
26065.369141
33627.261719
22522.408203
25760.417969
12878.999023
11868.999023
10321.149414
29417.218750
49852.398438
51280.296875
14592.228516
40947.343750
46950.460938
24979.271484
21669.441406
31373.125000
36412.167969
8647.251953
2574.215820
9970.175781
10733.113281
40713.253906
11962.440430
22534.187500
8883.220703
4077.156738
8938.245117
37783.136719
31963.281250
33670.261719
8310.314453
50081.250000
27874.109375
19102.175781
21390.380859
5278.539063
16498.208984
8951.126953
9560.326172
2776.129883
30107.316406
3009.271729
34639.390625
1595.284058
5089.621582
7704.999512
29975.052734
2051.459473
3901.410645
36152.343750
7483.033203
11430.999023
36656.195313
18787.136719
18951.228516
37487.453125
9784.236328
23281.214844
51464.367188
22322.294922
29546.216797
20588.402344
23846.048828
32876.273438
7631.208008
1148.045288
36727.203125
13287.119141
41055.183594
7878.250000
9407.245117
12292.164063
15402.132813
17257.375000
51673.597656
29164.093750
30411.150391
33115.343750
12806.281250
24740.039063
22333.283203
20299.693359
11856.166992
22244.148438
6309.417480
21209.318359
24704.214844
15080.260742
4416.339844
9483.169922
3829.118652
23248.085938
20243.144531
27160.119141
2271.225586
14555.010742
36988.066406
26551.171875
25170.062500
6589.283203
8940.195313
31964.113281
22655.277344
34318.105469
19670.533203
5968.040039
2514.244141
32279.257813
9786.053711
30424.273438
26100.427734
22630.310547
31482.109375
46040.105469
27360.263672
10719.080078
7478.278320
40121.996094
29137.357422
33038.273438
11711.219727
38148.292969
8947.057617
26094.222656
7706.288086
12244.222656
19483.251953
11181.208984
28887.115234
30063.175781
8782.317383
9061.091797
38767.332031
25268.248047
11940.999023
32683.164063
15904.153320
19130.193359
14166.166992
67386.273438
37304.289063
7040.435059
17501.140625
35560.257813
30969.210938
27206.199219
11979.999023
37246.164063
39620.457031
36067.246094
14753.395508
32860.410156
37714.195313
24074.201172
39671.359375
46320.308594
29243.152344
24031.238281
7212.126953
29258.228516
29693.103516
26410.140625
11066.098633
30032.259766
39741.265625
12900.213867
10734.181641
5703.181152
14322.174805
6697.213867
9173.117188
31133.292969
5673.281250
8739.246094
18705.210938
26958.158203
28033.183594
3727.108887
5816.172363
8964.427734
42696.117188
26948.347656
24248.121094
36443.222656
11574.277344
33215.199219
13522.166016
37769.613281
5772.204590
9659.245117
23886.177734
18489.068359
15512.135742
23337.257813
41303.199219
21286.283203
15881.180664
28600.189453
3054.173828
31985.326172
9524.288086
27233.519531
10365.166016
1814.132935
23152.068359
10230.190430
12114.246094
7105.210938
6711.080078
10220.045898
20748.300781
4789.215332
25765.193359
1675.425415
30196.267578
39644.144531
40817.312500
36456.105469
19427.166016
37240.480469
22630.408203
3083.354248
21084.146484
17833.111328
14134.317383
31745.560547
23895.285156
57315.386719
22107.296875
57917.117188
21521.132813
25173.080078
7095.533691
13714.178711
11722.138672
9150.057617
24197.082031
28562.201172
4242.131348
5986.201660
9861.194336
38149.132813
9345.165039
4549.446289
71382.140625
10798.410156
20615.330078
12048.296875
34626.296875
23932.255859
11019.122070
11843.343750
24970.296875
30473.179688
27895.136719
45999.257813
29345.000000
40620.386719
7710.045410
14314.464844
23472.255859
2747.106934
26758.162109
7928.258789
9891.224609
15164.208008
6502.151367
41732.117188
6267.206543
22560.208984
31376.205078
32437.455078
8752.091797
47147.312500
38461.332031
25792.244141
20461.330078
18460.283203
10953.018555
40259.265625
21794.160156
35842.285156
8309.128906
25407.544922
21375.089844
10455.220703
21834.228516
9788.302734
13682.163086
31822.509766
10513.275391
6879.431152
28330.242188
24569.144531
12274.314453
5765.327148
8981.146484
36528.261719
25316.251953
26923.134766
10144.252930
21202.183594
41567.308594
25646.255859
3052.131348
21628.267578
39142.128906
21373.425781
9178.169922
11295.065430
19799.152344
7932.185059
9627.295898
4943.463379
12393.075195
25453.568359
30223.324219
26013.248047
21500.287109
4273.282715
11541.150391
3779.266846
5378.114258
10835.198242
18681.099609
103991.421875
25407.380859
12485.365234
23660.396484
32571.281250
9496.240234
26453.207031
14751.220703
19584.291016
6745.278809
3443.309326
25630.093750
18710.173828
28030.199219
12849.179688
12333.132813
19829.195313
7383.231445
29884.259766
27830.095703
5145.453125
49698.398438
13383.262695
14271.091797
51114.351563
1785.342529
8769.176758
11354.158203
9167.140625
29688.308594
2225.344482
5946.335449
7354.238770
52717.398438
29729.269531
23269.246094
3291.126953
14648.314453
28954.386719
9562.391602
25523.292969
27408.253906
35772.355469
28822.210938
11342.302734
43804.375000
47833.488281
4866.351563
18956.402344
23218.353516
13228.218750
51332.652344
19579.246094
48473.320313
8878.108398
34153.277344
23912.160156
43742.566406
3193.162109
14751.253906
6031.166992
10898.196289
8437.038086
28008.242188
16892.138672
8689.204102
40647.371094
28468.164063
46255.242188
52743.265625
28259.238281
3509.436523
41982.207031
46792.359375
6006.345703
16311.379883
23864.125000
26797.119141
2363.502441
24417.011719
37920.164063
8056.241211
11843.155273
16724.099609
32467.328125
10637.196289
5481.269531
18022.197266
53321.199219
38397.460938
39747.312500
42933.339844
8967.352539
34026.320313
10643.029297
41336.363281
405.247589
11727.315430
41421.167969
27231.095703
3634.141113
4962.281250
19025.234375
4595.685547
11275.241211
10358.497070
27541.380859
15175.160156
29359.410156
4603.305664
11260.191406
24528.160156
10631.240234
22344.199219
2853.159180
30588.019531
2559.204590
25292.193359
3094.040771
65838.812500
36458.234375
20415.359375
7922.267578
7042.265625
22706.144531
9833.385742
27560.396484
21140.244141
46964.343750
20223.259766
11551.165039
24223.275391
24303.248047
11296.319336
5756.319824
20806.140625
44384.277344
13306.193359
12040.173828
22965.439453
8614.124023
47575.386719
4171.197754
30978.378906
3083.284424
46269.105469
13168.207031
5780.155273
2251.734375
16213.466797
9607.230469
8721.204102
5680.158203
20191.248047
9928.397461
24255.269531
11907.178711
31864.175781
10574.172852
26830.117188
9925.160156
68141.390625
8990.264648
1571.170532
8023.086426
1800.219727
35418.160156
21281.408203
28892.792969
24145.185547
14856.223633
11148.178711
10865.349609
19434.240234
10088.129883
2465.304443
10138.200195
7833.016113
11995.196289
26105.998047
42870.324219
25144.291016
54595.199219
3457.233643
7154.269043
10065.157227
35787.363281
6457.331543
10124.130859
26014.373047
30046.052734
13014.140625
36583.398438
30700.419922
19423.287109
54688.222656
31815.357422
4910.036133
28693.269531
20422.355469
28943.187500
33990.132813
28572.279297
21225.050781
12874.256836
32885.074219
10302.299805
24299.111328
9556.154297
40452.332031
8161.349121
23059.246094
40086.296875
15616.411133
20792.214844
20455.269531
19847.253906
17755.152344
18320.078125
10824.069336
32668.531250
5216.254395
24423.082031
32556.326172
10113.198242
19747.433594
28919.250000
6376.125488
22761.320313
8609.264648
23516.214844
7512.309570
15038.150391
42296.410156
12255.270508
20400.425781
22354.152344
33006.269531
21802.265625
6462.247559
17031.185547
5936.130859
11867.245117
27739.074219
26720.232422
20492.199219
36371.269531
28225.333984
4433.204590
44118.140625
29050.343750
32872.996094
28714.107422
27761.396484
45471.382813
1805.066650
8061.151367
48375.152344
55825.343750
23442.046875
5441.409668
33274.222656
27387.310547
8939.346680
23582.265625
33923.171875
13086.238281
5867.225098
9704.046875
48122.292969
23197.238281
27095.265625
8372.188477
26444.181641
9626.426758
52263.328125
19903.259766
22229.357422
33532.996094
15095.999023
24337.191406
6629.180176
17783.279297
38378.304688
2425.394775
28264.273438
22264.283203
9413.233398
18407.242188
34822.082031
3548.786865
24809.037109
13883.226563
8778.279297
29053.183594
8968.120117
1499.243652
13472.002930
38479.996094
28800.292969
39253.183594
14402.230469
10521.169922
22813.300781
633.255371
56759.296875
13348.057617
22254.052734
38567.273438
35990.421875
21432.212891
18891.273438
17425.275391
7245.110352
10726.162109
8991.279297
36859.191406
23756.046875
42804.726563
9487.999023
5828.102051
29253.080078
54535.203125
31952.240234
5934.183105
24637.246094
4004.222412
9805.066406
2938.999756
10769.636719
6882.113770
6224.166992
19053.212891
11081.100586
23336.189453
30493.291016
7961.140625
10277.079102
13487.208008
16075.235352
8552.150391
31179.064453
9880.178711
3874.309326
41998.269531
29379.406250
26081.251953
9893.377930
6731.102051
9294.432617
31295.240234
19212.292969
4465.113281
2550.190430
41013.730469
25250.335938
11942.292969
10929.230469
11475.170898
26668.275391
2674.184082
4241.369629
55235.382813
8775.104492
30745.087891
3538.272705
20059.167969
17898.177734
40760.132813
31545.156250
42259.355469
10009.250000
14460.338867
5450.220703
34741.410156
19001.234375
16916.230469
4058.334717
13652.352539
20900.210938
5292.107910
32186.326172
16502.154297
29499.224609
2811.125977
40380.320313
27319.105469
29146.318359
17329.357422
11539.122070
22722.273438
27823.232422
25718.390625
57324.257813
11231.435547
49505.289063
45228.269531
46390.167969
33560.464844
16880.068359
13726.232422
55901.246094
8041.256836
12371.166016
3411.263916
17391.396484
29433.070313
36910.363281
5080.215332
23938.240234
14334.115234
13804.198242
13908.149414
37003.199219
20298.162109
43953.460938
25698.291016
16294.343750
40602.437500
23603.437500
30774.189453
16303.190430
10610.177734
4746.173340
10417.366211
2386.290283
24687.386719
20735.259766
26514.250000
63888.296875
9895.273438
28492.210938
21241.335938
30673.011719
7156.181152
47127.367188
32672.640625
32704.242188
23976.152344
20145.144531
32654.251953
41882.257813
25538.250000
8836.317383
31781.302734
6690.241211
23774.441406
16763.390625
31752.234375
15298.205078
28828.208984
36885.226563
26813.294922
7263.077148
9541.255859
18533.244141
9120.343750
38059.269531
31350.595703
15833.085938
23502.351563
18623.328125
19228.181641
8182.086914
2882.119629
2610.431152
17393.263672
19590.177734
14134.179688
31206.183594
36007.335938
8354.333984
21367.146484
25107.156250
46707.191406
12769.276367
26310.199219
643.123779
3119.347900
34860.179688
12149.315430
32125.169922
20230.314453
23695.183594
13949.339844
15745.156250
11252.298828
34330.203125
20813.181641
8839.155273
7781.043457
25388.154297
24923.125000
3276.292236
25142.203125
18695.146484
19119.154297
31357.027344
22953.101563
12358.087891
40492.253906
47378.257813
11301.063477
28195.185547
10259.225586
7440.288086
9110.203125
29544.359375
4957.440918
44520.304688
28185.164063
12003.314453
62935.285156
11270.214844
5130.483887
19765.314453
15013.111328
25256.263672
56535.437500
23961.246094
11103.184570
25234.208984
12518.273438
15651.254883
32199.408203
17065.132813
30652.333984
10982.197266
9904.214844
12301.133789
26241.201172
9241.063477
63238.335938
5740.112793
1309.353271
17697.144531
49099.906250
28397.337891
12734.392578
6848.276855
20713.472656
32455.458984
23319.171875
13500.399414
22829.687500
33534.097656
9194.386719
27116.126953
29692.154297
12607.273438
8594.249023
14965.212891
5325.226563
18899.402344
10381.203125
43641.117188
2079.184082
23238.294922
10349.208984
21347.173828
34610.191406
59907.347656
3846.161621
32914.195313
24432.212891
13471.161133
2543.155273
9795.180664
17100.296875
18705.126953
27044.222656
33375.105469
43655.492188
11239.407227
32314.363281
32492.259766
28738.292969
22376.074219
40115.316406
17130.998047
25543.998047
24490.050781
36415.996094
36753.031250
20875.197266
10668.142578
27953.261719
4360.323730
16679.330078
26499.300781
25544.605469
3664.320068
3139.366943
5666.149414
2674.166992
20157.113281
21596.300781
28686.150391
20508.154297
7727.181152
23748.333984
21384.349609
15476.156250
19302.248047
32476.216797
12944.247070
33863.289063
16230.190430
25341.275391
4418.297363
13662.345703
21063.228516
25765.246094
32250.314453
30999.367188
21558.054688
35284.253906
31999.205078
34449.437500
11127.207031
28507.068359
7969.137207
37037.218750
9109.068359
32995.226563
26393.185547
27064.171875
24033.371094
16176.086914
30145.195313
21623.998047
37136.996094
10468.295898
6569.517090
23900.343750
22226.332031
16825.212891
37063.304688
4794.075195
13039.009766
4993.301758
51121.312500
10798.214844
11597.283203
27985.410156
13215.183594
10791.266602
25128.019531
9887.176758
56466.578125
23917.230469
24427.275391
37718.222656
22077.273438
24438.281250
45622.253906
44426.160156
53521.292969
47409.500000
265.235413
51859.160156
32984.191406
41064.238281
11029.363281
61404.363281
5249.451660
33303.109375
2958.381836
15166.291992
5317.460938
23223.185547
49496.593750
24811.218750
10654.215820
3108.177734
2748.218750
40111.113281
61359.125000
21784.132813
20093.193359
25995.197266
18550.238281
12557.375000
9887.175781
6823.125000
32293.392578
20582.248047
11644.018555
52045.996094
13343.225586
25010.349609
2462.137695
2943.416016
45767.414063
28671.345703
25817.169922
12210.377930
10897.056641
12626.258789
9482.238281
32410.187500
29377.273438
6173.395508
24167.162109
23683.197266
4126.300781
2576.271729
55624.312500
21466.289063
21377.203125
21241.246094
16499.144531
35141.417969
38449.207031
33708.328125
20971.105469
41391.375000
30156.271484
25636.207031
31678.134766
51919.250000
18656.408203
20228.369141
10457.270508
13623.090820
17794.158203
39851.328125
4772.311523
21901.347656
27355.251953
501.225647
9797.214844
25279.275391
26192.505859
5721.386719
31407.064453
4356.171387
65338.582031
11126.270508
4109.299316
11198.188477
22147.251953
25656.458984
16425.259766
9198.212891
40004.328125
25405.355469
23212.541016
12380.487305
6576.178223
27818.289063
12950.374023
1249.264648
43085.300781
9051.153320
3243.265381
23847.283203
8582.125977
3847.152832
33512.246094
43374.437500
1858.129028
14841.254883
37615.167969
20338.138672
20880.298828
24572.136719
4615.240723
39354.328125
21163.097656
1466.246582
26152.339844
23728.224609
20031.154297
40450.351563
3796.242432
4855.250000
1946.286499
2933.293213
22971.226563
54318.199219
37282.203125
21815.464844
30054.447266
22592.154297
22605.148438
10279.180664
19379.111328
23536.281250
14125.284180
10779.136719
1873.199219
23851.193359
21138.195313
5305.291504
12246.273438
27096.150391
21795.304688
28912.199219
22642.187500
26249.238281
39445.210938
5439.155762
28365.185547
25107.253906
63184.371094
24907.277344
7404.093750
6576.184082
20061.195313
7220.048340
52637.140625
36356.277344
19977.205078
24936.189453
49905.593750
47666.175781
1412.291382
11740.089844
4859.261719
12140.156250
31255.529297
2144.159668
19713.189453
2228.043213
26932.308594
6165.999512
11745.044922
17024.314453
5632.143066
8864.730469
29157.113281
25233.068359
21894.554688
53894.300781
23235.998047
9347.111328
9970.193359
5621.195801
27700.259766
5887.244629
35291.199219
25862.130859
1622.213379
32539.160156
26171.125000
1463.158813
24157.187500
23042.066406
43783.335938
13355.120117
11872.143555
28614.583984
31769.154297
24779.310547
26008.130859
24863.250000
12101.133789
23553.283203
18378.289063
4879.188965
4646.257813
13965.219727
7156.139160
21700.189453
24849.222656
11386.049805
25045.220703
16524.205078
13365.220703
2804.470215
9394.191406
23630.201172
26664.125000
1224.293823
2725.328369
36920.246094
19640.351563
21531.216797
26750.291016
2066.302490
27699.347656
65296.410156
10744.291016
22060.236328
27199.158203
9820.100586
42573.347656
26590.242188
21930.464844
8709.357422
9836.209961
23953.128906
17385.089844
33878.218750
39679.210938
6622.167480
15153.216797
22804.242188
9591.243164
62579.347656
23387.224609
33749.359375
61594.406250
7162.185547
33623.101563
26232.187500
11361.188477
27228.125000
22876.193359
57228.214844
1038.242188
43460.285156
1247.121826
19639.302734
11758.143555
19011.132813
38279.343750
37660.996094
38773.996094
15016.089844
37250.164063
45323.410156
477.279755
24176.291016
10987.999023
11990.145508
28500.013672
22534.085938
6527.093262
10793.364258
25256.214844
42026.214844
17590.185547
21057.191406
11505.118164
39220.136719
22143.132813
12128.113281
31521.242188
43933.296875
8864.078125
3977.227783
38397.265625
31076.160156
34327.199219
8642.098633
11923.295898
21869.162109
5779.151855
42227.179688
11706.069336
18624.250000
24961.324219
17952.166016
38816.265625
27339.318359
19652.296875
38145.363281
49621.183594
39461.246094
3465.265869
10478.329102
65613.585938
28501.349609
27445.251953
26225.208984
21042.398438
33747.257813
11565.153320
46892.492188
5038.234375
35248.226563
35407.492188
42544.304688
20478.376953
12737.303711
24043.205078
3549.412598
32558.433594
21966.500000
9571.166992
33291.371094
25564.171875
20494.363281
14453.318359
6722.277832
10209.285156
22765.166016
9369.329102
8125.287598
2889.186035
11931.234375
3107.261475
9265.104492
8128.250977
15247.104492
8001.163086
7253.304199
58020.128906
26553.228516
4898.225586
3001.257568
10356.325195
45895.308594
22699.062500
47617.167969
19295.166016
7069.622070
34553.218750
7683.034180
26582.162109
1351.282593
1369.389893
52106.355469
11545.224609
31184.351563
37133.187500
2746.261963
10490.213867
11909.180664
3418.300049
24090.271484
24986.259766
26651.207031
20160.234375
31599.228516
24977.083984
27907.089844
39784.183594
41811.230469
32596.314453
9182.076172
9663.055664
59455.234375
28729.119141
28602.359375
45676.210938
58194.183594
23030.232422
8064.347656
46456.343750
9384.144531
34969.140625
32649.318359
24967.087891
29621.302734
5727.092285
4712.213379
20166.121094
18172.148438
34323.218750
11419.075195
10804.178711
51197.234375
3255.381348
11662.112305
44631.320313
35002.367188
40884.261719
13309.128906
23446.349609
17009.136719
8140.264160
41358.460938
20944.201172
13203.333984
27411.312500
7254.151367
9095.122070
3706.610596
8119.151855
5974.120117
22392.144531
45538.238281
19660.144531
47894.050781
1522.101807
37164.035156
32136.333984
29562.134766
9326.141602
5348.055664
22227.574219
21254.181641
21409.125000
36764.316406
64401.417969
34706.203125
21037.277344
12466.226563
23662.113281
10592.077148
12532.185547
42420.246094
14092.020508
40850.253906
40192.628906
8350.333008
20098.091797
22008.210938
26114.384766
6049.037109
12478.312500
24265.142578
9770.414063
19797.111328
33859.332031
35123.300781
29025.044922
6152.110840
33893.082031
24862.167969
20036.128906
13224.123047
4385.158203
8559.181641
3443.451172
19388.291016
13583.322266
13981.136719
34396.761719
11564.999023
34389.171875
20375.294922
1769.001831
6383.126465
10565.197266
23097.093750
24100.277344
10955.120117
27892.208984
9817.186523
13044.310547
19852.585938
27309.337891
45152.179688
29934.251953
59268.230469
25878.207031
23179.060547
4355.091309
9887.140625
9366.245117
54456.222656
14885.244141
29924.289063
15987.291992
6974.238281
24768.292969
33939.261719
25256.367188
1986.032959
19298.207031
3607.322021
9590.240234
20738.292969
21177.224609
22875.185547
30904.396484
9034.125977
10064.999023
16001.038086
9129.030273
34858.070313
10419.205078
3451.464844
29011.160156
10562.542969
3611.170410
44761.160156
24524.207031
11462.274414
19604.287109
30100.277344
24247.205078
20037.214844
10747.128906
8222.167969
31136.251953
16269.124023
10533.231445
33999.500000
28614.244141
10870.173828
28801.162109
21154.250000
25693.466797
17490.277344
10612.238281
44438.859375
49274.246094
11284.244141
12264.188477
21123.271484
13687.439453
9970.022461
35654.269531
7456.226074
11833.147461
10905.134766
9615.063477
1552.248535
22363.230469
12318.070313
6023.212402
12850.074219
6946.226074
32536.298828
22766.283203
9669.189453
22739.230469
9832.122070
4040.369629
42329.191406
14384.269531
29626.269531
9713.596680
26146.158203
24108.189453
46379.246094
42292.179688
8355.999023
2266.116455
8850.109375
28557.259766
19255.287109
4144.195801
19782.220703
36031.195313
45746.296875
35755.574219
14614.249023
9220.330078
9265.052734
12445.161133
19639.201172
29148.281250
14200.239258
9096.258789
11068.067383
27997.267578
25892.216797
2882.333740
29114.242188
57715.277344
23566.330078
38731.273438
29811.277344
10945.095703
59451.503906
29828.123047
50618.257813
13189.243164
19481.199219
11743.189453
77735.445313
10617.302734
34647.164063
25827.382813
21613.998047
23005.373047
24367.195313
5874.089844
12833.161133
29439.271484
25123.533203
16351.057617
32690.283203
39171.148438
24857.326172
23462.333984
7257.110840
10406.105469
32003.195313
11772.033203
25151.306641
13380.297852
16854.337891
29874.191406
6410.342773
22777.175781
18948.146484
13435.072266
10946.140625
11379.237305
1968.184082
5363.999512
25592.029297
12888.083008
6386.056152
9331.204102
2159.341553
15131.214844
29791.142578
48491.343750
10617.058594
27133.072266
10334.067383
37798.109375
7237.076660
7917.242676
51397.250000
36054.488281
5400.249512
24143.396484
12636.101563
27267.277344
19949.275391
27888.177734
9034.216797
15501.335938
21220.300781
34288.320313
11434.160156
29739.095703
23039.158203
7465.260742
29559.412109
30011.507813
7469.458008
11079.213867
23596.283203
11047.164063
4670.170410
18394.380859
44982.265625
5755.319824
65443.433594
24923.246094
12420.045898
34506.105469
22583.121094
18612.087891
35284.285156
28278.300781
34450.144531
11360.278320
3042.179199
8937.207031
18951.121094
35031.250000
13740.116211
15663.233398
14758.272461
688.057495
32148.287109
3767.172363
10560.290039
36203.433594
13176.188477
11002.110352
2430.256348
29913.095703
2919.241455
7723.128418
11786.153320
2929.031982
7591.224121
2532.195313
50199.214844
44152.183594
25301.550781
16980.302734
8974.285156
42475.250000
11023.220703
39799.425781
30862.412109
3316.301025
24973.382813
29537.214844
14442.256836
21365.431641
20446.187500
12657.312500
22893.296875
22394.318359
34357.996094
41651.097656
4528.285645
33900.507813
35791.101563
10001.166992
2279.202148
5304.223633
41771.265625
9290.134766
12292.293945
7245.094727
28616.373047
11123.239258
3254.224121
19155.166016
20080.123047
32934.386719
25044.361328
23383.570313
5411.100586
16781.333984
1830.246948
11669.203125
8398.127930
6870.187988
15450.107422
52601.222656
19445.230469
55953.175781
29800.162109
27320.367188
18663.230469
2501.113037
48855.519531
26272.289063
11371.355469
22837.179688
12327.379883
14577.085938
34781.183594
27529.199219
21396.226563
13035.089844
35809.156250
9435.166992
8886.150391
22413.216797
9849.153320
37632.140625
27145.195313
25437.259766
49418.070313
33752.273438
20719.998047
26640.458984
37110.160156
25631.208984
14273.206055
21701.236328
35132.316406
10503.220703
50070.214844
9291.230469
31404.169922
9237.434570
13460.334961
46204.351563
32905.226563
23007.232422
1638.338135
2933.124512
7372.201172
8545.088867
47891.257813
3817.343018
38420.347656
22951.097656
12109.210938
22741.158203
24028.166016
19707.167969
16046.154297
9903.104492
41234.402344
16568.181641
22689.220703
7370.317871
9947.102539
19015.289063
20198.416016
31584.300781
14094.213867
28695.179688
6721.239258
22514.285156
20658.154297
54048.238281
25784.185547
44985.187500
17491.351563
31023.238281
7175.248535
4319.178711
28020.222656
1729.184082
32051.875000
11023.150391
32869.312500
13576.295898
18381.212891
10944.173828
29529.152344
25794.232422
49999.222656
28099.386719
24937.191406
12409.242188
9808.331055
25271.083984
20349.236328
13713.291992
32017.238281
29094.306641
19782.572266
25645.349609
34766.191406
15348.359375
18306.175781
20581.242188
48010.566406
25369.207031
23650.224609
24439.464844
38294.207031
6852.272949
33217.246094
9666.401367
13364.095703
27348.158203
26839.257813
36055.261719
7683.160156
10198.375000
22664.300781
23210.244141
20254.222656
43999.222656
5347.173828
31911.097656
6573.186035
9591.999023
35667.074219
25497.023438
33628.062500
5442.248047
22983.322266
27011.236328
22659.349609
14927.096680
23005.191406
12271.155273
6630.016602
9253.248047
52432.332031
7224.299316
33691.320313
24617.353516
10875.480469
13590.171875
2212.315674
28331.173828
38799.187500
21343.244141
52522.101563
35213.437500
20009.083984
39542.171875
32938.332031
27804.093750
8142.124512
26322.292969
27769.224609
20940.275391
8867.378906
18284.242188
25239.132813
25430.218750
12721.197266
19760.398438
10899.251953
11690.294922
10006.198242
26714.173828
14470.233398
24367.111328
19876.439453
29634.386719
30952.179688
12937.292969
21406.304688
30829.250000
14833.217773
28348.126953
27615.158203
12516.248047
1298.225586
20204.164063
23619.230469
26293.166016
20498.136719
31994.109375
21767.216797
21679.250000
20514.263672
23778.142578
44891.312500
32589.154297
13884.208984
27198.433594
4621.503418
24961.224609
19634.115234
4512.148926
14972.310547
37167.140625
25458.357422
7878.070313
29536.423828
43923.164063
9975.216797
36170.277344
7475.096191
19244.080078
9995.201172
28530.355469
29398.292969
8774.344727
28977.273438
48088.273438
45209.179688
20192.238281
4354.194824
4510.067383
18355.212891
30756.093750
24421.083984
24800.482422
32746.273438
22495.226563
10844.242188
32080.171875
9117.136719
22137.324219
19808.322266
52095.367188
31506.183594
8444.273438
30845.181641
36027.191406
22689.179688
6604.289063
18858.287109
27090.095703
44304.101563
24232.179688
26043.132813
36578.238281
11588.208008
25166.177734
14610.079102
40265.261719
24310.164063
22651.359375
4720.379883
26228.287109
13694.245117
7705.279785
4089.169434
44453.281250
26363.125000
25442.130859
19548.138672
10263.366211
34181.296875
24703.099609
23986.148438
12297.184570
21275.107422
4718.359375
4039.019775
10130.672852
54772.339844
13491.250977
28602.179688
26231.210938
4199.205078
11095.156250
10011.335938
2275.154297
25894.248047
15894.173828
22422.474609
28685.236328
13562.255859
41267.269531
21371.349609
2636.181152
44259.332031
20049.218750
27173.275391
3580.306396
14682.070313
31136.197266
48421.242188
10624.099609
35685.281250
4966.999512
72109.414063
25568.123047
28089.234375
16487.101563
6494.503418
21210.261719
29422.400391
26299.287109
25779.257813
28641.207031
5162.142578
12539.121094
23707.105469
27132.064453
7681.250488
10755.373047
41025.335938
3063.450195
30461.224609
28511.277344
19532.054688
29013.185547
24398.998047
12318.038086
14287.999023
25007.158203
31028.099609
22954.166016
19795.187500
15088.132813
31543.228516
16643.304688
42665.175781
44804.679688
8701.457031
22213.144531
24628.189453
12866.195313
23400.189453
34711.523438
9589.151367
25315.375000
17155.419922
11188.235352
10323.224609
2873.050049
27297.230469
450.193481
44478.128906
28243.023438
14057.097656
25029.253906
28120.218750
13326.513672
5679.165039
13991.165039
32122.082031
25478.228516
1329.356201
14945.198242
15207.452148
8990.215820
23238.158203
17119.158203
45245.171875
32677.199219
28509.240234
42088.308594
4276.119141
34047.164063
10075.451172
21047.193359
27167.216797
4365.208008
20318.066406
26662.398438
13664.061523
45427.261719
18179.298828
9910.083984
30398.179688
36736.164063
3329.234619
34387.242188
14539.145508
14654.407227
6475.041504
4538.142090
12013.272461
15033.091797
27095.310547
9633.282227
23192.291016
31077.583984
12380.174805
8745.267578
10486.203125
5365.241211
13048.380859
11652.171875
32716.320313
25915.269531
44484.160156
4556.295410
8417.208984
31588.099609
33265.281250
19171.343750
68213.218750
8887.191406
1801.245605
5451.407227
25281.224609
16666.203125
1990.320068
12413.398438
13647.157227
12080.155273
16960.232422
29355.187500
9924.162109
25666.162109
11524.047852
25428.298828
25327.076172
12569.130859
12649.065430
8911.201172
10344.172852
20280.312500
26258.144531
10240.148438
39426.085938
12173.189453
22184.443359
20411.187500
9910.181641
29072.128906
11142.230469
35405.300781
11622.196289
31075.191406
34942.421875
3770.290771
6844.145508
40472.246094
20602.322266
42168.105469
15763.337891
55285.292969
11878.356445
4411.271484
35328.246094
8310.205078
5717.178223
8093.182129
12085.999023
23339.306641
28401.160156
76075.429688
3522.265869
22484.201172
21630.175781
60705.160156
21782.236328
10532.337891
4963.187988
2575.044678
54849.250000
17365.451172
1738.217773
55297.183594
24467.050781
23415.273438
22440.210938
13200.246094
27990.152344
1408.230957
9169.231445
6115.170898
1869.217285
19969.222656
1596.124146
12888.303711
15124.172852
18827.312500
18782.138672
25513.281250
38177.164063
37292.375000
20643.232422
27459.089844
23811.230469
3597.167969
37136.328125
22466.302734
24069.373047
2439.462891
4520.132324
34481.218750
33008.375000
22492.214844
38911.257813
25190.304688
25670.246094
8638.166992
30802.451172
12649.227539
39680.417969
52836.269531
40576.339844
2657.225586
46167.191406
34626.386719
36663.328125
29080.193359
25417.345703
7194.252930
28558.179688
5127.697754
15151.344727
24005.177734
8009.207031
30836.560547
5215.133789
30105.177734
20371.390625
2899.127930
24943.417969
23876.173828
6298.278809
16765.451172
4866.648438
3579.116211
17004.345703
9871.172852
27748.998047
9706.296875
34704.277344
13065.039063
16220.368164
7645.170898
50236.445313
34192.171875
35996.160156
42750.328125
37062.214844
125277.492188
8802.169922
2423.222168
19537.142578
6936.121582
14562.256836
24270.300781
21760.210938
26521.080078
27396.097656
35496.394531
7169.165039
24040.148438
12647.192383
44133.996094
2589.126465
47436.183594
24190.212891
51345.195313
34684.316406
32795.238281
26856.574219
30402.292969
4051.650879
24679.240234
9482.655273
19866.224609
9565.039063
11193.120117
23800.085938
25333.201172
19371.154297
38159.164063
5420.072754
51312.203125
26299.119141
13819.278320
3318.190430
41116.152344
5010.374023
9871.188477
25142.244141
22813.511719
39129.382813
28529.214844
30058.998047
4642.053711
10424.131836
11034.473633
6911.251953
8023.154785
14667.327148
14426.360352
14251.092773
19150.146484
24502.376953
49052.226563
12875.189453
34372.332031
43986.191406
39247.210938
24349.236328
7841.151855
8287.241211
43766.203125
58260.226563
30491.132813
4372.389160
20518.111328
28472.265625
15973.319336
21495.486328
24591.289063
5691.506836
10966.142578
11403.136719
16086.222656
14146.055664
31395.199219
26805.294922
24674.212891
12214.155273
27462.177734
25455.042969
24861.134766
11555.297852
20032.222656
1345.355225
31676.333984
73402.242188
3254.860107
27767.281250
9322.078125
50280.101563
22059.164063
28131.046875
23107.242188
30890.197266
49845.246094
49936.171875
28835.148438
10652.167969
11939.214844
30054.167969
18111.205078
24140.210938
33654.246094
30545.376953
11097.250977
11642.372070
10595.166992
28824.220703
9508.313477
10705.113281
8747.388672
33236.171875
5574.301758
27496.281250
37025.246094
36744.281250
25075.218750
10314.166992
76128.273438
16516.482422
20873.177734
12320.151367
14342.426758
9681.292969
22080.162109
15491.375977
1511.140747
1692.208496
27250.273438
4744.042480
28514.337891
28224.148438
37948.128906
28797.310547
25595.292969
12713.211914
13246.189453
2880.666504
7596.213379
22914.044922
22049.302734
20881.292969
1662.166138
58909.171875
12800.270508
8872.180664
37055.222656
12526.206055
41141.320313
13333.223633
10032.238281
17639.121094
14006.999023
18552.283203
32920.179688
13838.412109
17689.326172
6823.666504
31150.277344
16095.195313
26232.138672
20913.074219
25339.496094
61175.277344
34487.226563
34614.359375
29092.185547
2390.247070
19813.337891
10120.291016
33360.164063
16531.230469
6377.296387
22064.123047
14643.148438
9140.301758
58179.230469
10055.158203
36326.320313
1160.182251
9548.182617
37429.257813
28430.253906
35475.265625
22287.257813
22169.248047
8172.162109
25156.464844
28644.332031
29217.146484
8367.161133
10994.338867
10191.128906
8833.149414
21534.310547
22727.238281
6125.199707
9599.182617
31297.246094
14415.186523
11153.077148
33285.144531
34911.300781
910.208069
8328.223633
21025.376953
25643.208984
27238.310547
34898.085938
23326.281250
2125.116943
2985.150879
26019.207031
16387.208984
28358.318359
22589.306641
12079.277344
35883.347656
5520.090820
1056.526855
29355.195313
27709.533203
34549.140625
31668.166016
3865.162598
51567.234375
19518.144531
18469.396484
27638.160156
23674.248047
27397.191406
31680.332031
46506.320313
40776.074219
30655.222656
15837.357422
33568.070313
10552.265625
31995.224609
49798.089844
31288.201172
42281.234375
10292.223633
11395.149414
15051.007813
4314.147949
7456.272949
24020.337891
10729.284180
4237.199707
5665.389160
1480.235840
13465.187500
5999.101563
20610.255859
16112.166992
27709.083984
30203.220703
32571.246094
15668.436523
9529.159180
21779.255859
14342.183594
5671.250000
37473.371094
15999.300781
11978.146484
6769.474121
14006.451172
39172.019531
9244.370117
26818.220703
41534.136719
38352.203125
20525.222656
27166.470703
906.339661
18599.207031
8205.220703
12443.103516
36343.714844
3594.225342
10308.094727
34033.304688
29585.234375
25383.123047
13766.142578
22461.226563
6616.315918
11031.273438
3714.250732
27823.208984
10096.372070
8992.219727
36038.460938
34492.253906
29722.373047
10153.174805
24495.404297
1711.219238
25922.417969
46001.210938
70983.656250
13084.267578
58671.386719
40572.261719
49512.378906
38666.113281
9711.116211
37742.371094
4134.316406
36181.187500
9957.999023
29998.998047
4602.170410
13026.173828
12320.999023
3311.175781
15762.164063
27450.265625
36247.425781
27149.187500
14528.173828
16638.132813
14385.368164
9225.225586
14850.464844
26731.089844
13221.531250
9588.234375
12622.175781
24276.175781
10325.310547
40865.230469
22350.189453
19866.371094
11944.214844
9258.999023
1115.091064
5204.231445
30100.199219
32518.208984
8508.114258
3182.369629
17858.242188
14802.331055
17423.332031
16318.272461
21406.164063
30005.259766
45149.347656
3167.357666
3308.116211
33842.195313
2075.303467
21500.082031
18553.998047
8644.099609
44596.199219
7309.269043
10677.151367
1999.306030
11095.027344
10903.283203
24918.130859
14695.134766
13479.217773
42624.261719
7569.273438
53724.128906
39616.339844
36312.273438
6422.233887
3186.117676
19357.273438
22256.193359
33342.156250
26412.269531
46517.414063
21229.197266
31850.212891
30420.341797
35301.257813
19722.207031
18675.111328
5556.162598
10864.480469
27886.283203
22660.207031
4039.328369
27589.160156
6639.111328
11700.048828
17631.207031
20968.273438
67202.156250
13747.215820
11502.318359
30603.126953
22792.130859
29103.287109
40327.171875
18304.181641
40636.515625
10926.205078
43284.492188
16828.232422
19408.183594
17723.425781
46547.234375
12778.568359
7632.134766
26175.349609
11087.164063
7795.359375
14331.366211
19613.191406
8465.255859
9776.341797
31779.390625
29416.173828
10005.285156
24276.222656
17943.496094
25736.095703
40584.187500
60247.320313
11745.281250
10582.214844
36434.156250
20093.386719
21648.207031
23167.222656
35594.199219
14953.103516
25656.376953
25025.275391
9679.131836
3675.172852
25183.218750
4804.187988
21152.162109
29882.503906
11718.146484
24519.236328
20970.285156
24663.304688
8023.125977
11047.324219
11780.187500
30698.212891
10271.160156
4647.173828
27175.248047
16524.341797
27322.220703
2123.287842
1290.324097
12537.139648
7640.141113
12089.151367
25111.125000
25949.250000
2315.548584
30818.375000
28101.281250
3289.460449
23192.406250
11060.386719
6641.174316
42702.355469
7356.341797
33326.132813
38830.265625
24395.103516
24424.291016
10725.165039
31400.548828
28061.033203
3968.278564
34493.382813
32098.363281
6627.999512
27695.400391
22637.121094
2060.387451
3260.216309
3377.243408
9685.146484
4428.166992
29991.109375
25496.998047
34225.175781
25197.068359
18996.156250
43465.253906
4519.303223
28620.236328
50650.503906
34796.027344
22898.099609
28703.138672
14292.549805
8853.277344
12496.155273
11319.228516
3388.180176
51754.332031
7440.345703
23167.191406
4429.022949
20423.189453
17840.132813
25512.498047
5885.199219
10716.113281
21728.228516
29164.242188
24036.193359
39614.539063
12268.252930
24108.474609
16585.121094
53827.125000
9366.153320
22332.152344
29917.273438
2963.052979
25579.125000
11279.396484
22578.441406
3456.345947
24911.066406
19705.238281
30885.332031
11187.223633
11809.175781
25628.300781
24578.396484
12289.291016
38379.195313
37620.242188
3676.169434
10496.099609
8101.271973
9992.150391
18431.316406
10507.022461
10824.084961
20774.244141
20157.257813
12649.430664
3824.244873
44074.265625
18112.408203
56078.531250
39178.246094
39735.234375
3005.349854
9747.053711
13424.169922
17030.320313
16750.533203
23171.142578
8502.175781
10822.450195
34461.234375
51310.207031
31912.277344
28155.416016
4949.250488
20572.998047
23804.123047
10343.178711
23361.263672
11160.230469
49415.378906
20547.087891
21439.353516
39533.312500
17230.201172
22151.273438
36875.417969
17400.355469
11381.115234
23953.400391
6743.248047
35554.355469
7987.383789
22682.109375
3291.211914
22269.207031
11734.239258
20130.236328
31620.246094
29257.320313
34469.269531
9487.083008
30791.498047
15652.402344
12271.145508
19831.013672
7759.147461
1933.192871
27459.093750
851.032104
5930.210449
15062.210938
22498.175781
32324.029297
1324.229004
17843.134766
4576.209473
8610.328125
1990.216309
33381.281250
58039.203125
45002.382813
45567.207031
8674.238281
19738.294922
16986.103516
5957.279785
20279.255859
32736.302734
44078.253906
15961.102539
38444.191406
65692.398438
10280.301758
3823.232178
45610.437500
10167.227539
11048.417969
2698.136719
15297.120117
54195.296875
5773.235840
10417.166992
12125.216797
7776.222656
17407.146484
22064.236328
13722.260742
14262.251953
12537.231445
6908.168945
5235.467773
62666.292969
42465.140625
15300.129883
21748.242188
4130.201660
6112.279297
42784.164063
31116.472656
22393.134766
5723.166504
36280.250000
11190.145508
5826.223633
39883.156250
27298.226563
31494.095703
10630.069336
2920.336182
24976.630859
9662.206055
18272.386719
1292.343994
29021.169922
38095.105469
55077.187500
16385.251953
46966.222656
24516.439453
35886.425781
21923.482422
11273.999023
26356.496094
29377.253906
34585.195313
31577.144531
36152.246094
36883.308594
23491.298828
10681.193359
10044.148438
31466.181641
22577.087891
22816.191406
21428.027344
39463.265625
2814.086670
24162.550781
23902.156250
6458.431641
9445.424805
15744.151367
20412.263672
11575.085938
11026.196289
12209.071289
22022.222656
40523.250000
4563.008789
33956.128906
6734.290039
11845.088867
12790.291992
15120.195313
35377.167969
9286.232422
23459.285156
30059.367188
56371.269531
46951.230469
16729.326172
20319.283203
48416.320313
12201.161133
29663.050781
9176.125000
12929.203125
5333.284668
8791.207031
23279.212891
22565.361328
5728.126953
29480.224609
54819.117188
29429.306641
14137.114258
4836.247070
5822.435059
1264.205566
21596.339844
34245.136719
34884.109375
12234.214844
43832.386719
24554.123047
42095.277344
19100.132813
21647.322266
34712.402344
4517.428223
20878.349609
38600.160156
6076.154297
32046.564453
1888.248413
39316.230469
44577.210938
36431.355469
15917.219727
16980.205078
13721.137695
1563.314819
5143.382324
34037.386719
57816.394531
13395.521484
1745.118774
18412.333984
16482.410156
44497.332031
34899.261719
13528.398438
14626.122070
19584.232422
8102.170410
42276.285156
22270.195313
26700.279297
37177.386719
30330.384766
27014.242188
15371.109375
8754.242188
20721.447266
39605.289063
44139.160156
29181.212891
22666.103516
17061.373047
5143.584961
22267.230469
15372.207031
36454.171875
25437.412109
865.289978
66180.359375
9231.177734
25278.171875
17822.236328
56421.398438
2606.359131
30397.166016
40388.335938
2749.384521
24596.228516
16515.046875
8559.146484
25740.130859
58198.355469
23559.400391
6032.172363
19457.261719
37988.207031
37466.464844
24715.140625
25177.140625
31697.492188
9523.212891
24929.285156
6665.233398
30568.201172
14379.254883
23102.388672
36388.175781
14122.482422
23810.078125
44215.351563
22063.257813
35616.515625
28885.027344
1052.224121
35830.035156
21602.050781
39791.222656
61422.265625
25944.041016
5882.334473
22540.339844
28504.125000
18500.279297
11734.205078
18415.267578
15843.340820
26466.144531
26024.220703
30073.388672
11030.129883
21317.187500
8580.231445
30477.267578
16299.091797
21670.283203
8270.083008
8818.505859
26443.226563
9302.330078
7550.163086
46529.031250
22468.044922
25868.125000
31607.212891
23056.201172
4608.194824
1402.236328
26094.224609
11171.175781
24003.181641
23384.212891
11477.117188
31449.212891
25460.365234
12670.170898
18064.191406
20587.105469
42815.492188
20829.261719
11951.241211
2564.281982
34553.210938
10954.267578
29688.410156
13997.293945
21740.312500
13067.067383
22422.214844
35580.222656
27785.101563
20731.310547
10800.178711
32261.101563
55267.335938
4389.360352
23277.328125
13139.324219
7072.173828
25213.238281
16462.097656
888.194397
14363.489258
44411.148438
14530.207031
27970.101563
7196.176758
45757.207031
55791.382813
38308.132813
6017.276855
33163.218750
23930.322266
46655.453125
528.211487
34325.171875
12739.291016
41088.523438
26126.021484
13117.033203
37019.097656
10424.028320
57283.539063
27363.269531
1501.274780
4895.151367
27142.136719
2840.031006
23443.218750
32725.099609
17007.332031
24246.390625
3526.398926
2520.257568
25035.261719
45896.257813
6905.417969
21260.314453
30213.234375
32767.187500
26452.263672
28584.066406
34162.476563
25646.326172
10479.155273
12723.348633
8693.288086
10191.211914
21603.109375
8268.177734
13501.466797
11881.144531
20551.273438
2140.284912
6832.151367
38757.187500
10271.203125
9698.110352
8608.232422
20457.146484
24763.242188
20154.304688
4248.238281
8668.150391
3176.233643
1878.129028
39482.117188
34516.304688
2560.162109
28609.126953
29463.214844
12720.210938
14757.139648
21240.214844
3541.293213
22456.494141
3542.363770
39925.144531
47187.335938
20936.234375
15322.252930
45105.257813
39486.269531
26558.099609
10002.313477
41421.304688
32666.292969
22645.183594
20881.152344
4972.202148
28953.998047
33937.597656
33148.207031
46912.207031
13334.999023
9308.133789
3111.311768
24799.109375
11289.114258
14361.470703
28351.136719
8773.061523
9697.434570
48101.261719
38391.351563
18656.185547
31819.269531
8244.142578
19718.246094
22185.425781
26521.511719
34385.218750
2231.111572
20914.205078
44864.148438
29774.175781
6334.211914
24737.044922
39334.203125
32554.082031
22444.017578
21220.189453
18485.335938
30063.433594
17458.216797
29665.283203
33424.328125
8250.228516
5617.167480
31642.060547
20653.275391
46768.292969
13574.422852
25127.208984
5837.047852
12728.327148
58792.503906
3123.315186
3512.119629
20104.160156
22370.222656
10782.146484
10688.103516
28510.285156
26856.236328
23154.523438
6489.145508
1104.125244
21394.107422
17978.187500
12306.150391
25776.082031
20621.210938
32958.359375
7293.244629
26221.140625
13374.143555
11698.505859
41892.328125
11595.156250
10195.234375
1950.178223
27711.998047
16424.349609
53586.214844
5340.241211
34241.449219
5784.233887
13457.460938
24072.083984
24862.253906
15781.225586
48699.507813
34191.187500
1683.033569
26989.228516
24718.201172
29390.392578
17265.283203
58676.351563
24644.324219
17566.136719
21922.207031
38792.308594
7774.335449
8711.244141
8270.179688
4520.250488
28726.191406
5984.101074
22067.197266
2711.406738
41000.222656
2096.402100
41775.148438
24084.375000
33102.441406
37375.355469
21600.232422
27644.167969
5783.297363
6092.061035
28649.255859
22842.169922
11308.039063
70943.289063
50793.183594
7064.297852
9321.463867
5520.276367
26697.183594
55647.613281
35731.343750
3429.205078
46912.320313
38590.101563
34695.261719
20993.095703
11021.139648
35261.179688
35423.156250
5968.468262
19522.203125
5453.176270
62336.402344
29839.244141
5787.248535
17418.136719
11934.095703
8537.055664
33251.359375
78506.531250
25948.222656
31713.435547
28756.271484
24273.310547
24270.156250
9839.322266
30157.203125
9965.039063
10095.084961
10974.434570
41077.312500
35259.269531
20868.279297
55011.203125
1128.234863
41643.488281
2000.188477
15993.365234
24702.312500
22822.224609
4421.087402
27695.191406
12111.228516
20516.265625
20619.111328
23647.191406
8206.125977
10430.174805
10292.249023
20576.259766
10794.195313
14905.278320
34698.183594
27888.234375
26188.162109
19416.291016
1775.372803
21036.234375
26630.197266
26838.201172
26815.400391
28798.169922
29827.326172
9247.123047
4348.205566
24913.427734
1537.198242
49795.117188
2839.340576
22496.320313
14913.218750
12560.166016
2706.281006
29273.171875
19150.335938
4213.173340
32335.146484
53618.187500
14340.100586
26068.123047
9932.185547
11074.087891
8631.202148
5256.087402
10625.252930
8504.230469
6556.428223
24499.134766
9598.232422
35240.121094
9203.086914
5629.300781
22239.160156
24825.298828
37408.195313
42748.433594
10233.174805
28572.095703
38576.437500
3220.156738
16341.101563
23642.152344
27153.158203
27989.300781
23161.134766
15980.337891
12714.462891
6542.143555
19177.322266
5337.348633
42327.242188
9110.031250
8601.050781
33391.250000
3853.231201
10021.436523
4526.280762
8429.150391
38894.363281
8757.125000
20613.207031
7303.318359
49965.132813
28447.357422
7259.066895
2672.104248
31538.130859
28573.244141
19926.388672
2723.177246
4014.415039
23711.408203
20000.132813
18625.353516
9281.282227
21008.283203
23655.277344
1627.174927
45474.542969
9892.089844
51578.335938
22334.150391
35722.281250
30765.205078
11163.106445
10850.301758
42810.386719
28637.203125
10410.026367
9440.137695
9327.280273
11181.014648
9706.672852
28283.115234
6592.382324
42205.160156
14131.358398
6843.331543
14760.147461
7084.276855
56639.359375
12909.288086
36155.156250
32257.248047
13049.115234
24742.259766
32713.224609
34292.277344
35718.273438
14466.375977
34009.285156
14840.119141
9879.374023
14985.252930
22353.167969
4651.371094
10816.132813
26972.367188
11481.206055
6002.190918
22049.228516
40758.996094
30538.417969
4855.166016
1031.205688
36126.417969
19328.130859
2325.143066
30620.373047
1849.189941
1805.307983
10817.339844
28457.384766
27173.113281
41246.257813
23096.232422
9120.213867
23245.248047
37745.402344
37327.527344
11524.185547
49427.304688
12409.183594
4583.202148
39772.296875
30555.193359
35397.339844
23531.324219
36223.367188
9269.420898
671.244141
10324.143555
27709.300781
30647.158203
37871.140625
46737.402344
7625.272949
36435.265625
8875.203125
25131.433594
3058.164063
8198.323242
4808.209961
35516.167969
20883.408203
15078.306641
22596.210938
49217.414063
1600.152466
24738.281250
20961.267578
8811.258789
31741.224609
21096.109375
24625.164063
36159.230469
3158.500977
39470.304688
2356.214355
25288.261719
36009.093750
50231.117188
11930.999023
12143.288086
25286.238281
20847.148438
9763.256836
51990.363281
25840.316406
11655.283203
27281.177734
72570.375000
40336.152344
34335.289063
10196.146484
52636.324219
8907.302734
37112.218750
31516.218750
23020.273438
4903.222168
22116.130859
32109.166016
53590.324219
13526.319336
27078.134766
57684.292969
22662.015625
8304.332031
18410.132813
8429.292969
36468.199219
12521.138672
2749.132813
2837.161133
60524.152344
50410.281250
34654.300781
17880.345703
4407.082520
25685.191406
3392.239990
8110.341309
24056.289063
11017.486328
4090.081543
20764.328125
31658.369141
44027.269531
27893.423828
30668.093750
6352.163574
33925.414063
37004.417969
38871.574219
7512.239258
26914.167969
2990.271240
26492.330078
6669.025879
1256.140259
25102.041016
25044.037109
62516.312500
10046.176758
28416.017578
47540.195313
8039.208984
37174.195313
18277.201172
23837.128906
13384.326172
13911.257813
21598.285156
32983.105469
2177.172363
9118.127930
52010.195313
23253.158203
40441.316406
28800.175781
19254.343750
24884.193359
33792.167969
30095.388672
15942.362305
27605.250000
27728.308594
10570.233398
27178.234375
14795.141602
23579.111328
34632.355469
23812.232422
8682.153320
6295.222656
30839.105469
13687.131836
41383.476563
8251.384766
7949.110840
37647.777344
11077.147461
28775.203125
18204.416016
2761.206055
34963.109375
2155.028564
39141.417969
3487.227783
32173.375000
3353.340088
3231.387207
27855.265625
21213.242188
32169.238281
25254.101563
33866.226563
25891.175781
21057.250000
9236.249023
3413.247803
2426.285889
2823.338135
23609.154297
3528.313721
4033.384277
13186.372070
4443.244629
37694.152344
450.841278
10816.122070
26568.267578
22070.197266
20741.246094
34212.445313
38398.171875
27056.359375
22807.224609
69742.414063
11113.121094
9850.266602
11546.197266
24102.550781
2355.153320
18634.160156
22791.246094
24588.998047
8343.255859
13339.272461
6559.234863
4924.162598
30620.244141
26115.701172
25179.359375
48513.253906
14899.129883
7944.226563
15963.145508
40177.449219
22701.156250
4335.128418
10389.268555
28331.173828
18851.277344
26493.310547
46993.175781
7420.257813
28095.386719
33441.996094
3285.215820
5011.999512
11023.000000
36743.996094
26763.070313
36802.128906
20043.357422
22098.150391
3770.337646
10454.159180
58689.261719
21800.156250
16030.160156
19607.250000
34856.328125
52365.281250
11718.104492
11127.178711
11897.167969
25385.177734
1187.273804
46844.382813
10026.248047
54670.273438
6226.184570
1314.185669
22866.244141
24441.177734
10430.384766
41347.312500
18390.144531
1624.152954
11605.319336
34201.210938
4707.373047
47542.242188
13945.348633
2155.304443
78188.125000
27135.054688
11987.266602
17199.201172
15468.227539
2373.376709
9343.406250
40894.414063
31456.328125
49162.152344
23300.115234
23163.373047
11766.179688
22890.443359
11065.166992
25937.121094
7280.232910
20548.302734
26262.365234
21176.369141
2525.038818
32742.199219
11802.507813
11351.257813
10706.125000
46451.285156
34300.343750
19881.259766
23782.158203
28166.335938
42308.335938
18883.322266
32000.099609
28829.189453
4818.106445
5693.354004
20439.187500
1598.429810
30219.248047
29430.107422
579.114014
58043.410156
42417.355469
8692.096680
10270.145508
13645.166992
8014.442871
23856.322266
44735.203125
50838.500000
14226.166016
23163.261719
16410.316406
12698.324219
13259.322266
11258.233398
35990.152344
30980.382813
10839.089844
6922.260742
24758.281250
9813.126953
4453.537598
22725.572266
37417.285156
8180.145020
1920.303589
35781.269531
8641.248047
5644.283691
11477.162109
5248.158203
51035.320313
26383.201172
3881.202881
2939.100098
31812.205078
16306.125977
38488.175781
60784.675781
21818.283203
27159.167969
6321.228516
6281.499512
29244.269531
13324.275391
25707.373047
8600.154297
8107.296387
20641.187500
31573.316406
35792.300781
29082.470703
47114.191406
21319.027344
18029.140625
6212.089844
14684.280273
68215.320313
30411.548828
23086.128906
10320.276367
11637.145508
29119.109375
10117.160156
19773.164063
26631.197266
37699.296875
27062.056641
13411.183594
23280.167969
24677.298828
24705.154297
41223.167969
32167.125000
9178.090820
29864.257813
24169.251953
38087.183594
14758.255859
25009.140625
10334.156250
26610.054688
1933.040283
100651.484375
22820.224609
19047.197266
25542.164063
40049.328125
11023.294922
12729.019531
23674.226563
2984.256104
13359.205078
7845.214844
11108.199219
25702.078125
37186.394531
10408.265625
12235.195313
4265.092773
19208.304688
3808.248779
19262.099609
31694.169922
27575.152344
27170.324219
4142.266113
3378.286377
31291.187500
27999.255859
11035.388672
13173.196289
45650.167969
5415.095703
38151.175781
30018.109375
8272.187500
4237.481934
3371.317139
27116.078125
15432.209961
36070.167969
9358.160156
29451.103516
37777.300781
8803.297852
11167.194336
26388.275391
8306.299805
24511.189453
10423.121094
29152.335938
3000.345947
36592.296875
10798.179688
36380.082031
15091.290039
23907.179688
5337.166504
28793.066406
3144.300049
32281.531250
11079.259766
9521.138672
22953.259766
10112.999023
21327.998047
23063.130859
30398.998047
5297.320801
7126.225098
12648.074219
30728.998047
8559.094727
30512.416016
17874.236328
105597.554688
11483.613281
51053.082031
11896.305664
31505.335938
8857.098633
11140.139648
24221.275391
11861.197266
40315.234375
28309.244141
9279.181641
14417.242188
29777.339844
22784.361328
4206.332520
28986.152344
31301.998047
1358.032593
31400.068359
26141.246094
26599.195313
29650.285156
42565.304688
10671.211914
5071.322754
49726.339844
14796.370117
16234.307617
21699.029297
29779.125000
68177.335938
30932.271484
2614.243652
21694.292969
42275.199219
25823.382813
13382.351563
35520.390625
5290.230957
39374.402344
30181.160156
7610.314941
35303.304688
22908.205078
25266.302734
54479.093750
10079.212891
26625.103516
11853.331055
6510.048340
26339.410156
33675.375000
13487.240234
22245.203125
28731.267578
6216.241211
13366.410156
24148.390625
8983.221680
26343.220703
28051.140625
3865.187500
11645.219727
14980.418945
34248.183594
26471.185547
4581.165527
28339.283203
6048.174805
21210.037109
14787.250977
36022.312500
38572.214844
9882.051758
21275.181641
2145.309326
23383.232422
28381.246094
32066.250000
8926.351563
29427.273438
25229.253906
9479.165039
12990.222656
23307.091797
29507.263672
32850.214844
24139.417969
13759.330078
33000.257813
21619.232422
27643.333984
22256.304688
14763.481445
6972.166016
6929.343262
44248.382813
22296.306641
42316.394531
21300.416016
48475.367188
6660.306152
19291.300781
13310.135742
55762.421875
13811.389648
28189.275391
39876.253906
37635.257813
8683.188477
2577.342529
19635.169922
29155.300781
17747.250000
37646.128906
40652.171875
17294.242188
9255.324219
11172.335938
36174.164063
21551.125000
11554.097656
20424.132813
60192.351563
13419.171875
24329.199219
12365.202148
22869.187500
21179.234375
30704.376953
19509.171875
20825.298828
39060.292969
11113.075195
27755.273438
7844.157715
2851.386719
28863.162109
17864.320313
25106.189453
19284.382813
13948.335938
38267.398438
23757.103516
3590.219971
21881.162109
10021.246094
14618.134766
10975.309570
15697.167969
2146.236328
20680.359375
22268.427734
41189.195313
7558.191406
30439.181641
11740.300781
47435.410156
3918.389648
14376.269531
1476.171021
12654.121094
9138.265625
27907.201172
15597.171875
34994.558594
3991.421387
18972.210938
4353.133789
29152.031250
4080.999756
60036.050781
13955.999023
11283.999023
58537.242188
25878.056641
46483.117188
5490.286133
26284.294922
34388.066406
12694.113281
11358.129883
23346.484375
37498.242188
13299.281250
40469.257813
8127.378418
9215.350586
18000.695313
21805.296875
27862.208984
3045.396973
18419.218750
30876.265625
8970.375000
22703.113281
22786.222656
6950.266602
10862.257813
12054.185547
7661.592285
15418.122070
47310.296875
29895.998047
39412.136719
13015.271484
10579.333008
31082.748047
7204.212402
1719.092529
22101.291016
16638.312500
2220.084717
6819.326172
10766.365234
16562.408203
34766.257813
27234.134766
13384.226563
6787.081055
8616.417969
43687.296875
20975.058594
10050.209961
39218.269531
12663.169922
9877.147461
6208.281738
22202.181641
6137.265137
3372.052002
8734.224609
37167.328125
11375.160156
30258.203125
12990.239258
5430.222656
27285.300781
28930.263672
25031.201172
10809.350586
14303.176758
1225.553589
29333.179688
4088.547607
50208.277344
46427.523438
34610.226563
11225.059570
36127.023438
14567.078125
42291.371094
12158.333984
9801.318359
31120.214844
43129.390625
18831.287109
7637.265625
24945.298828
40681.257813
29234.359375
7304.274414
12295.195313
10498.211914
11646.128906
2773.318115
1447.525391
18416.498047
10088.341797
8104.262695
16329.303711
1938.106567
29483.201172
39892.078125
2033.193359
25665.197266
40117.257813
26628.263672
28062.181641
4979.181641
22268.296875
25411.427734
34855.199219
32915.285156
33740.136719
4435.081543
33782.246094
32868.773438
49218.328125
22314.171875
22552.255859
19653.066406
4751.655273
24613.998047
40947.218750
23030.128906
25357.158203
4202.186523
9619.324219
13632.200195
11500.200195
32992.445313
62503.617188
20689.220703
24182.148438
5786.426270
26374.234375
23112.306641
14036.560547
11064.179688
33070.062500
13618.230469
35123.500000
24251.265625
28406.480469
1081.248047
10573.101563
11411.141602
36643.218750
8858.291992
10678.208984
19095.191406
25345.224609
21482.349609
19236.201172
46998.203125
23506.439453
1765.096924
6010.023926
24136.193359
16991.541016
41456.644531
23941.105469
17359.224609
3781.364258
38141.828125
1050.209961
16203.265625
32945.343750
40445.316406
6021.441406
12224.381836
17305.207031
2107.114502
24657.998047
11704.999023
44088.132813
12750.257813
5326.500488
12958.042969
41407.566406
9385.213867
12993.065430
4370.467773
24362.123047
38786.292969
9381.298828
9543.805664
17322.242188
3414.075928
24630.326172
6665.182129
8348.046875
8630.375000
34975.203125
32197.111328
22343.457031
10837.258789
20491.369141
40028.164063
4905.259277
11517.080078
19127.687500
24843.175781
15141.232422
35779.343750
1700.463867
53192.230469
25762.248047
1839.221680
2436.251465
28743.160156
19251.312500
6104.179199
6486.358398
12408.166016
34977.277344
6990.096680
20087.357422
27584.392578
28842.503906
32386.248047
25478.322266
23811.253906
10524.152344
34277.210938
6907.237793
14788.154297
47852.226563
10697.106445
34048.214844
15593.107422
4506.387695
10575.226563
16207.206055
29956.091797
12497.222656
27916.148438
30826.222656
4301.159668
30134.373047
11940.165039
22448.240234
15891.062500
21039.201172
7772.390137
49171.527344
24911.208984
18437.130859
22828.185547
12085.137695
9832.260742
10852.272461
42575.281250
35712.312500
28100.164063
18187.466797
28438.216797
47206.496094
29359.265625
8201.146484
26196.189453
13447.158203
7873.190430
42013.246094
25783.181641
16950.285156
67930.695313
27742.175781
26881.154297
18851.222656
8823.040039
40860.273438
7327.085938
31514.263672
25792.212891
25064.328125
5197.453125
5041.304688
29629.222656
22440.154297
7057.184082
33570.144531
25675.269531
15890.200195
47308.234375
33021.210938
12115.121094
30924.410156
29879.150391
3316.350342
12653.320313
8190.154785
39870.250000
40626.250000
17672.091797
19210.380859
23326.142578
11507.283203
880.350891
10409.362305
5058.112793
45948.238281
3991.153320
14903.108398
28991.103516
7204.166016
13385.239258
19188.166016
22546.134766
11994.369141
3505.102051
2283.179199
9039.123047
8423.054688
57428.343750
972.181763
25992.253906
22446.306641
2643.159668
7981.508301
10085.223633
25994.216797
12316.412109
8497.371094
5162.182617
21097.253906
40230.203125
43314.273438
40336.421875
38929.273438
4276.437500
25080.142578
11408.300781
1573.090088
33824.191406
3827.100586
10253.231445
50627.351563
37655.121094
40125.246094
6393.154785
63548.503906
23117.269531
28339.345703
15718.168945
6347.111328
26921.431641
20042.316406
23395.197266
31330.085938
12853.312500
40744.437500
26788.224609
27203.214844
2927.280518
15780.328125
15373.272461
45686.320313
8795.401367
13550.250000
30231.199219
23491.269531
6403.143066
22427.125000
8816.126953
58894.445313
9649.193359
11063.129883
8460.170898
27360.156250
15471.218750
8745.214844
45799.234375
28246.244141
18441.164063
19293.212891
22843.486328
34766.367188
7822.337891
16952.119141
37022.265625
2154.281494
26587.140625
31865.281250
28803.162109
15761.297852
9997.299805
34906.218750
9055.250977
5022.059082
9000.082031
17339.203125
12399.165039
33794.433594
29269.166016
22547.998047
22193.025391
9713.326172
21917.255859
2826.231934
56542.281250
7916.338867
4378.359375
33523.421875
27121.328125
1672.120239
34988.160156
32306.507813
23542.191406
6612.241699
3283.096191
33470.285156
6318.222168
34299.082031
12457.369141
27112.357422
29868.187500
29134.220703
13486.214844
31488.218750
26976.257813
33970.257813
17590.451172
7459.106445
29801.134766
13670.339844
24546.439453
25730.193359
21896.101563
37082.335938
13495.224609
4491.218262
2518.344971
7510.275391
35421.351563
22103.074219
3301.297607
38723.207031
8928.253906
1697.317261
27705.080078
9417.314453
32319.240234
22364.328125
16089.117188
26499.107422
30257.291016
10103.206055
7944.274414
35019.175781
6089.370605
28280.314453
30115.472656
2865.385742
28176.162109
9412.048828
26730.285156
28524.097656
9956.210938
24946.101563
14483.212891
13114.202148
27307.226563
14457.240234
38885.031250
31004.271484
22916.257813
23465.271484
20111.251953
11551.421875
4118.351563
17040.353516
31085.306641
9068.283203
12202.222656
5606.190918
4640.123535
35211.203125
29882.281250
24214.367188
24109.099609
40624.996094
28319.091797
17003.353516
13776.391602
21063.007813
32917.296875
51206.351563
28065.250000
14224.478516
24615.177734
28654.310547
12575.000977
37516.320313
12849.283203
31206.310547
32546.341797
22096.177734
22010.093750
2573.293213
23800.166016
26066.212891
14138.321289
31792.402344
51277.449219
35115.277344
5536.053711
23773.777344
46980.492188
9951.138672
24009.218750
76314.687500
5659.244141
19409.410156
36297.207031
32748.314453
24951.189453
17294.316406
35682.281250
7925.326660
31296.316406
9165.159180
29597.248047
10899.198242
22251.103516
25825.175781
10280.083008
45735.246094
30799.169922
17897.369141
49357.218750
41858.312500
9221.195313
39983.464844
10837.289063
16656.208984
2709.238770
14997.120117
61353.304688
20646.417969
14490.222656
14527.228516
9823.213867
17481.337891
33371.343750
26656.412109
28684.193359
77714.390625
21667.283203
2849.219238
20977.269531
86251.343750
6125.097168
4882.072266
9340.291016
1125.331421
12019.265625
13994.999023
16626.126953
17388.291016
10791.284180
56093.277344
2276.300537
6201.366211
13751.216797
34534.562500
20646.488281
12272.732422
26982.492188
30574.123047
54647.421875
15875.370117
32680.154297
53055.261719
10330.334961
1759.179688
16962.425781
20532.224609
31879.109375
28150.253906
5681.156250
26635.179688
39160.226563
13775.216797
29943.287109
25305.212891
8457.265625
23714.392578
40818.343750
4700.244629
6629.194824
31680.125000
29955.402344
15823.200195
32091.019531
30281.369141
20752.203125
15213.120117
14925.303711
24972.490234
10679.333008
72995.742188
8001.194336
32157.302734
21717.080078
21497.199219
30383.437500
12497.161133
13050.065430
21762.230469
30241.128906
17276.228516
9783.135742
20029.419922
4027.232178
23077.335938
50861.390625
5212.256348
13136.255859
28803.134766
10515.142578
20320.117188
67643.343750
20968.234375
31351.132813
524.110596
3520.217529
25179.314453
25326.150391
7736.233398
36139.199219
27449.140625
15785.142578
49308.429688
11498.314453
5148.250977
17976.392578
22204.251953
11351.145508
28824.164063
33097.250000
2386.220703
10110.351563
7957.208984
22101.150391
26992.214844
26358.156250
23414.220703
25998.101563
8102.229492
11835.292969
3501.272217
19285.078125
12367.256836
23169.195313
14476.328125
1391.471313
10931.155273
12065.232422
29518.798828
4835.140625
35358.179688
47636.320313
23249.265625
47225.292969
18431.242188
21430.326172
5783.297363
33838.335938
2611.282959
1931.077393
11726.243164
13210.052734
15734.242188
27906.285156
9612.170898
24750.152344
34873.222656
16983.341797
10864.359375
7388.164551
8589.310547
28542.082031
38878.187500
3289.219238
23765.236328
27173.179688
15282.145508
2567.134277
20434.322266
23374.427734
24380.107422
33137.214844
29513.478516
5411.262207
23583.458984
1192.071533
24629.339844
41400.222656
36259.199219
33367.160156
33920.113281
18123.222656
21229.074219
10253.129883
6182.229004
22848.302734
24613.998047
39311.152344
3837.171387
7256.154297
27539.257813
6117.355469
6226.092773
39042.250000
3191.166504
10969.329102
27853.275391
23713.140625
16779.351563
9760.203125
14701.198242
11328.135742
34745.160156
55552.250000
22622.152344
31566.441406
31198.455078
37635.296875
35838.074219
4869.403320
20694.244141
2623.356689
3668.263916
9289.475586
6784.199219
26053.296875
27428.173828
3634.101074
36144.546875
14699.134766
7298.246582
29722.705078
10569.317383
1786.396606
44371.156250
35591.207031
13732.161133
15929.304688
4983.218750
5673.168945
9723.215820
10046.366211
25920.181641
23818.322266
13365.139648
42141.261719
40356.171875
27494.218750
754.552185
5877.297363
24875.214844
8272.141602
9071.054688
24116.095703
23609.126953
10166.050781
29712.312500
6528.195313
34424.378906
22728.246094
10431.125977
10047.212891
21118.087891
44432.261719
52013.648438
9773.252930
12061.096680
32332.287109
1980.200684
16175.307617
12735.116211
3088.460938
2961.241943
4776.226563
41546.226563
28902.449219
27809.191406
13165.290039
4549.371582
18492.281250
22370.306641
6793.276367
6734.198242
27203.169922
2360.091553
4275.319824
10624.250977
25684.191406
10382.193359
22470.328125
35389.261719
34543.269531
13230.159180
27918.275391
28170.136719
8719.176758
39768.148438
23287.205078
2867.229492
28794.216797
10546.241211
31188.296875
35723.218750
30198.341797
19256.207031
38155.210938
2848.486816
26500.113281
1169.296265
39583.457031
6176.304199
13440.237305
51980.296875
45425.140625
16671.197266
21937.248047
25808.246094
31869.388672
1201.169556
24765.373047
32892.179688
25953.023438
19576.283203
11197.261719
12056.067383
13371.273438
36923.218750
44600.289063
3945.122070
50337.355469
54847.800781
30541.437500
27762.191406
32008.234375
3936.598877
36479.253906
6674.384766
36279.410156
18774.042969
17813.162109
19640.400391
11505.237305
33202.277344
15541.280273
28547.269531
8034.198730
15713.181641
40565.398438
3363.195313
21704.095703
1862.065674
8788.177734
11238.044922
6851.117188
14302.487305
19456.070313
7450.419922
12014.153320
14640.057617
2320.266846
33514.156250
12364.137695
37938.253906
9119.031250
30540.152344
28177.082031
4643.305664
8136.142578
17724.394531
12651.150391
12918.431641
10752.361328
26458.306641
44602.269531
16917.171875
30438.408203
9851.130859
19547.132813
76258.765625
21141.060547
17783.218750
27454.140625
27890.111328
34753.406250
47115.335938
9096.700195
8258.142578
19313.117188
24419.355469
9299.167969
25659.255859
43445.164063
33010.996094
6700.113281
12305.235352
44743.203125
11194.352539
6654.333008
14039.074219
12076.307617
2005.425903
31761.230469
1340.376709
6874.308105
27921.285156
8914.070313
17363.214844
30713.281250
884.289978
6309.418457
21355.166016
3416.108398
19538.113281
2081.706543
31266.177734
38563.164063
14298.054688
41145.398438
37617.257813
44658.183594
42365.218750
6935.125488
55500.300781
10875.999023
25016.019531
6472.203125
44348.117188
6237.004883
12059.427734
18644.167969
48191.210938
28506.164063
48198.042969
31800.349609
15051.227539
4296.317871
41261.371094
10794.133789
26652.306641
29397.337891
2492.161621
47450.398438
31509.257813
14597.278320
20397.382813
8670.239258
34028.273438
3056.205078
45374.562500
32037.500000
33369.433594
37008.406250
3106.438965
32510.441406
3870.247803
56187.273438
27607.267578
19827.371094
22706.443359
4364.307129
16240.217773
10366.139648
41175.257813
21570.277344
22190.128906
31418.228516
23265.273438
31087.347656
41488.136719
33001.402344
17837.234375
10075.140625
41149.273438
9026.221680
3019.263428
24669.257813
22801.291016
25681.621094
9460.121094
23675.998047
18841.130859
9289.148438
3160.284912
21323.142578
23119.164063
21055.199219
35772.246094
6906.171875
1097.197876
20720.251953
18641.154297
38351.542969
8138.097168
13697.192383
27200.480469
21903.369141
41643.238281
28334.179688
23730.363281
21547.185547
24776.257813
23845.244141
7412.333496
45773.164063
3803.365723
15150.180664
6591.119141
1580.250977
16646.208984
16186.299805
21152.330078
25879.130859
23764.318359
28082.083984
13743.229492
22999.283203
17897.394531
1710.180176
9815.125977
19203.222656
20681.267578
27863.087891
24394.072266
20195.222656
20681.240234
36487.230469
8477.073242
13201.549805
9200.409180
10923.142578
33515.195313
35870.386719
23696.177734
12149.304688
5702.330566
20105.501953
10492.178711
23169.308594
8368.234375
22710.230469
20364.216797
22548.224609
22937.382813
771.402588
25877.162109
1628.286499
26811.558594
20576.140625
9034.146484
13643.228516
19947.251953
7081.493164
5549.583008
7705.249512
30131.212891
6278.203125
12348.000000
23258.189453
8999.320313
19993.171875
32776.503906
30672.322266
20956.111328
25433.250000
21688.291016
37568.199219
13211.322266
22917.587891
61431.214844
15776.384766
21163.117188
11388.386719
25039.347656
19769.302734
32440.070313
19918.464844
49097.488281
41249.281250
11751.112305
3163.392578
26077.447266
42757.164063
2083.215332
2921.200195
9124.202148
19447.361328
23934.445313
11867.397461
9621.179688
29559.316406
922.172485
26131.312500
36157.210938
46966.339844
24967.220703
6324.309570
10150.248047
19165.093750
33153.195313
24416.263672
11722.211914
28521.203125
13752.208984
15644.254883
3129.105469
8402.130859
20102.132813
41295.324219
30040.212891
31788.271484
24247.449219
10891.160156
16959.212891
42613.164063
24674.203125
28670.132813
20256.255859
10425.304688
2303.094971
55253.132813
4745.110352
10285.318359
28143.091797
8373.223633
27555.142578
22149.160156
18436.546875
29310.128906
23540.115234
6901.203125
1743.647217
1030.361084
32785.230469
17427.164063
8355.162109
18723.132813
26607.339844
675.262207
22603.238281
10738.138672
19319.144531
49516.152344
43007.179688
30908.224609
52402.281250
32174.160156
10752.192383
19158.298828
25905.287109
49278.679688
19458.123047
30823.343750
27484.335938
15731.606445
10033.154297
22798.187500
27811.998047
3498.310791
32858.070313
16614.064453
13694.051758
30890.103516
36452.257813
13045.248047
24690.281250
31219.082031
5111.524902
20993.378906
23491.318359
25352.113281
36608.832031
16161.358398
37372.042969
13828.082031
5156.069336
9878.133789
10555.144531
23354.181641
24217.416016
27575.349609
24052.126953
25363.201172
12193.209961
23793.041016
31804.302734
20828.281250
34340.183594
4588.043457
23731.162109
62271.558594
32572.287109
29841.160156
29639.359375
25600.326172
33595.128906
12170.294922
16994.349609
20799.238281
28630.220703
17212.240234
29244.433594
9632.110352
26115.285156
31767.164063
26192.214844
10311.134766
21678.349609
13293.304688
23316.269531
19620.523438
2026.429810
32712.304688
3975.269775
23670.312500
5176.294434
24781.562500
15242.139648
22747.216797
9133.240234
12198.032227
26868.228516
104917.679688
27404.517578
2219.783691
26822.091797
21121.273438
50042.582031
22208.205078
26741.201172
33563.246094
13300.423828
20068.144531
46800.304688
42067.250000
12656.050781
23196.228516
34668.855469
8428.256836
27805.058594
1691.441040
7647.143555
22183.066406
22684.201172
24995.169922
38206.269531
25361.005859
30305.117188
18807.056641
1809.161743
32473.263672
12411.111328
9130.215820
11816.415039
21187.240234
31776.068359
21771.445313
26646.416016
7944.285645
26396.123047
14592.555664
36819.281250
21818.347656
18473.179688
13990.356445
47467.191406
20507.369141
8444.276367
30074.177734
19832.134766
36226.250000
34505.207031
3358.266357
10448.467773
10327.475586
49623.183594
44474.144531
14134.304688
8726.202148
27695.378906
28431.044922
24694.113281
23957.208984
45616.308594
8561.115234
40029.195313
12600.114258
2774.151367
7627.217773
23327.998047
10530.081055
51741.371094
34129.160156
61839.386719
28312.359375
40644.363281
34915.226563
9622.199219
2004.201172
15423.064453
9231.999023
33130.996094
19593.050781
13697.007813
22364.511719
10206.129883
8543.238281
26667.361328
12725.200195
18927.164063
4036.306885
17462.179688
8704.131836
24706.199219
1991.035889
13403.999023
11898.206055
31992.285156
22677.119141
39705.242188
5045.225098
25357.199219
20377.416016
9452.195313
1387.371338
32406.259766
38182.519531
9055.216797
15612.225586
53665.628906
45273.539063
27113.273438
27430.244141
22928.207031
14315.267578
10857.273438
10754.209961
21090.257813
37829.242188
11963.416016
16026.270508
10107.281250
17509.132813
8481.128906
29548.113281
9769.271484
18240.228516
21133.322266
37205.273438
46338.445313
13925.169922
24267.191406
13020.253906
16825.396484
26075.287109
21724.207031
41588.343750
46987.242188
2102.421387
33615.234375
39014.417969
24127.117188
1641.245605
22525.998047
27726.191406
8575.064453
35621.125000
21587.095703
7447.123047
14610.184570
15112.339844
1273.030151
21582.144531
12953.229492
3704.065186
25255.201172
11514.200195
9505.190430
5932.337402
13781.189453
28959.335938
2763.076904
29589.056641
23635.058594
19295.324219
28997.226563
24930.187500
9395.143555
23545.044922
43559.179688
31720.166016
12673.149414
2625.252686
37490.406250
70409.320313
10414.153320
26145.222656
7629.065430
11007.176758
49008.246094
61142.328125
15995.637695
22440.251953
22310.177734
5083.236328
24412.234375
39929.378906
11712.238281
15916.211914
25312.078125
51979.445313
16367.203125
9467.247070
56907.167969
24677.257813
18151.265625
24473.144531
1643.082275
30576.398438
28895.357422
33978.238281
2588.143066
24876.164063
13160.410156
35248.398438
7378.078613
15100.206055
8636.999023
21505.998047
1446.681763
15656.138672
31498.308594
23713.175781
19495.158203
18030.033203
32629.089844
10827.144531
18547.271484
11467.122070
22964.166016
8149.143066
11068.323242
27640.154297
18357.322266
10379.215820
47508.281250
55450.492188
15839.369141
21619.236328
25590.332031
7183.240723
15642.477539
54750.222656
57247.265625
37603.117188
1535.270386
40668.226563
40409.550781
29008.425781
38106.496094
42893.230469
4318.058594
11446.282227
28592.138672
10689.255859
45027.355469
36844.386719
13933.372070
25280.458984
2152.107666
45249.070313
25405.210938
32829.316406
6384.093262
36610.238281
16273.213867
22850.072266
24904.417969
17412.214844
1720.151001
23031.224609
8912.365234
5443.219727
26189.248047
28777.130859
38005.070313
10692.141602
25947.234375
28358.275391
28799.476563
13230.387695
43117.453125
34743.269531
21192.134766
31520.761719
21301.232422
1457.091064
20123.347656
72194.343750
38132.378906
41778.468750
13999.464844
23034.363281
10842.035156
36337.234375
26517.130859
3653.125488
10633.102539
3609.199219
24669.056641
26788.191406
21456.261719
3723.242432
15165.101563
10872.379883
8598.161133
8258.110352
2669.295166
9825.320313
7559.086426
24796.408203
5857.375000
30284.183594
8751.095703
16989.222656
9352.075195
10057.423828
31312.203125
8981.235352
11366.129883
33203.257813
12484.054688
31987.154297
10494.291992
20291.199219
17557.251953
23266.173828
12408.098633
20523.177734
22551.117188
27250.652344
10260.077148
28571.214844
31753.259766
14542.124023
9707.135742
17205.037109
26443.236328
2230.103271
26016.173828
14613.167969
18702.283203
24353.275391
37831.222656
9171.189453
2077.125244
21715.125000
6142.134277
19919.103516
22802.271484
7389.201660
29482.150391
42529.167969
27806.228516
2689.266357
6419.314941
3211.260010
7238.088867
16402.478516
2187.090088
8739.229492
14547.458984
23253.408203
19835.234375
41863.207031
39024.167969
30646.062500
26537.410156
27675.509766
2485.385010
13773.078125
15402.348633
3600.278564
10272.341797
35598.183594
20603.083984
35834.433594
24303.242188
24385.351563
7401.122070
30243.474609
30719.214844
34068.203125
3809.129883
20416.294922
8492.121094
22741.003906
23472.382813
51264.171875
22940.138672
22607.154297
13630.663086
9509.146484
21198.125000
34501.230469
20348.369141
20483.253906
18725.242188
28459.255859
5980.178223
2182.160156
44657.441406
14872.347656
31377.222656
27780.138672
10599.211914
3680.198242
44290.378906
27495.318359
11299.349609
16119.224609
10144.188477
2459.159668
3683.181641
46446.242188
10779.295898
23629.212891
22428.087891
40005.101563
29456.134766
26212.261719
4941.177246
13249.075195
1489.225586
43326.234375
3629.202637
17401.220703
25399.308594
19545.158203
66197.398438
28451.199219
13586.347656
22357.173828
25667.175781
11961.151367
21424.998047
13530.070313
2213.199219
9913.229492
16807.183594
38490.101563
11620.123047
2894.238770
26804.720703
9425.102539
26218.173828
22531.281250
8528.324219
9598.184570
9585.166016
14310.114258
30369.289063
7617.396973
39767.253906
21789.093750
43784.390625
1540.330811
9385.017578
10480.160156
4567.214844
35724.222656
24609.636719
23459.138672
1061.087646
8169.267578
15865.206055
21070.169922
19299.175781
55282.250000
2622.315186
23357.316406
27899.160156
10835.253906
33659.152344
4212.312012
31435.324219
26263.253906
15799.382813
10050.330078
38480.148438
31257.269531
26488.259766
19756.164063
33277.402344
28799.126953
9570.999023
18861.130859
13943.140625
23163.187500
10272.234375
25102.177734
26733.460938
23673.109375
11821.218750
24191.289063
11452.364258
8939.149414
22837.353516
19800.341797
24368.099609
22793.447266
4288.166504
19527.166016
18323.253906
19183.322266
27733.246094
11179.276367
21051.167969
21806.171875
21604.144531
36629.082031
27043.173828
42150.238281
8704.219727
10928.340820
3271.210938
8431.292969
30784.355469
21469.152344
44858.339844
36576.281250
18366.207031
1616.236328
32018.203125
26875.445313
13297.180664
33835.128906
3064.208984
18236.523438
33248.496094
3606.343506
23043.306641
9129.275391
18282.318359
8092.283203
17484.224609
12556.124023
23458.125000
13917.117188
41368.003906
10339.125977
3556.370117
20212.998047
35296.996094
35126.996094
48468.996094
2290.383057
36837.402344
9823.220703
3976.244873
12059.159180
26621.158203
35026.132813
24061.285156
25313.103516
15976.510742
26969.248047
12900.112305
23700.152344
1893.381104
45230.281250
2249.232910
3667.166992
30902.150391
27911.365234
29256.343750
32449.410156
6566.015137
40909.332031
42538.347656
9678.128906
34531.222656
27955.343750
9059.165039
36762.394531
9719.040039
13361.206055
27864.148438
25412.207031
13234.171875
23122.232422
20887.222656
25952.150391
7556.029785
12773.323242
19569.275391
15332.200195
27261.265625
21893.281250
42833.410156
11385.080078
27535.349609
38088.441406
6406.239746
9805.202148
4372.199707
23648.224609
40560.484375
34303.097656
978.182739
19100.367188
12158.135742
21320.158203
36974.468750
25108.369141
38413.160156
8091.226074
21395.308594
3735.331787
15537.166016
8453.240234
7511.149414
25049.349609
9088.158203
24091.285156
6308.432129
13331.065430
12127.243164
32265.136719
2609.062744
27466.144531
33290.429688
3140.194336
1972.128052
26142.226563
14456.241211
27441.341797
11114.283203
7311.649902
29760.234375
24593.152344
21679.332031
10050.179688
18238.464844
23372.191406
42762.460938
45582.195313
11742.124023
10002.303711
28334.123047
26878.289063
28470.628906
15426.182617
4843.420410
15747.336914
31218.412109
13343.094727
33134.140625
26536.386719
12753.130859
19754.304688
12409.303711
652.278748
22228.998047
40098.386719
42150.144531
1673.135376
20128.324219
26289.240234
32536.529297
11300.291016
40512.390625
15835.307617
10846.251953
24334.259766
13834.259766
8904.136719
8971.420898
39976.226563
28791.109375
30406.230469
24431.251953
28560.089844
11869.254883
29848.199219
43225.070313
5972.030762
11178.303711
27883.150391
9917.241211
26481.246094
27900.406250
9606.194336
9575.105469
1608.155396
23851.218750
10690.233398
57888.562500
9366.297852
21027.416016
5029.197266
39241.234375
8051.287109
32813.417969
21507.304688
30026.298828
22063.259766
36560.195313
9176.280273
31981.236328
39060.121094
34783.136719
27691.328125
2741.160156
26603.388672
25107.402344
23742.238281
14965.336914
30318.228516
8461.253906
15450.432617
1955.260620
20617.443359
12694.248047
8275.263672
31826.162109
17321.382813
24100.042969
34496.324219
19118.050781
29587.132813
13882.513672
4231.202148
33010.296875
6075.218750
10848.208008
10437.270508
21897.060547
26026.546875
35869.210938
14265.382813
18193.138672
20896.318359
30477.109375
23295.189453
1091.486816
28580.314453
34123.652344
41413.234375
13579.336914
34132.300781
7653.136230
24386.375000
11428.263672
31433.525391
29799.294922
7177.223633
35743.230469
6826.210938
35694.253906
8957.149414
5296.781738
25634.318359
23677.275391
26258.128906
13831.347656
29583.306641
16481.224609
58680.406250
44807.351563
22005.167969
3839.375488
1894.121704
16235.323242
26949.064453
75340.382813
27024.201172
32716.371094
1451.159790
10461.239258
43131.402344
27830.085938
1582.096924
10391.306641
12994.252930
48755.480469
28978.322266
19468.394531
7373.240723
12648.355469
48409.238281
3478.317139
9303.457031
6468.446777
14922.091797
17549.166016
11949.180664
31266.222656
27665.308594
22932.220703
23296.240234
5642.216797
22758.416016
28434.171875
22411.244141
11854.157227
10947.195313
34837.078125
2689.471680
9868.274414
21881.312500
32462.425781
5561.298340
13665.155273
14346.200195
18437.273438
18230.583984
27916.193359
34991.199219
25372.250000
6806.111328
19065.220703
23862.121094
5415.295410
12976.320313
32425.140625
17150.126953
13599.146484
22929.189453
27108.179688
40565.160156
26548.263672
35072.207031
24855.232422
33771.246094
23371.998047
11920.354492
37586.285156
2022.858765
31155.210938
23524.287109
11786.577148
32727.396484
22079.085938
31508.400391
18724.302734
28444.296875
21205.302734
2929.268311
7518.227051
19602.347656
44118.433594
14963.404297
46333.257813
25179.146484
38619.218750
7343.297852
23946.248047
11744.186523
4848.326660
13136.119141
25298.244141
47596.429688
24191.398438
43159.195313
5521.077148
35386.546875
27086.478516
18968.431641
41885.230469
25409.320313
9211.215820
21800.232422
4344.375977
50586.523438
33417.492188
12509.276367
1873.259155
4848.427734
10354.136719
1534.275269
18394.091797
33330.140625
10391.101563
10199.299805
8308.149414
12791.999023
35628.148438
1229.251953
8376.101563
35845.574219
24504.308594
31603.238281
34166.437500
18023.464844
7588.296387
19706.005859
42202.253906
22107.152344
11063.114258
6519.999512
3173.232666
32034.287109
53473.191406
36442.304688
7436.326172
31103.306641
33896.054688
5810.255371
7361.225098
40657.398438
32124.304688
11617.156250
25184.345703
34445.625000
25456.162109
2617.213867
15078.021484
25392.187500
37500.250000
24204.167969
39614.277344
15910.249023
32976.148438
21517.259766
5608.104492
10645.478516
68693.203125
27569.228516
21877.007813
69872.468750
14177.171875
48918.445313
12229.102539
12052.086914
6130.267578
7336.259277
18519.474609
12253.111328
3453.243408
12190.191406
32447.359375
37032.398438
8299.170898
28278.382813
22456.257813
8516.166992
5927.269531
41454.296875
19513.998047
11954.999023
4171.999512
9221.048828
10262.146484
6895.108887
24439.271484
10975.187500
5964.333984
37338.292969
30575.507813
27450.294922
11888.184570
48712.218750
9844.423828
23995.357422
6114.187012
40175.539063
24430.492188
32458.197266
9129.264648
6804.096191
17680.083984
50804.339844
27855.121094
33551.476563
21665.177734
1667.431274
42057.191406
17954.312500
22274.242188
29393.292969
61912.238281
37744.296875
30953.583984
27230.218750
22914.226563
5143.171875
23814.208984
14539.675781
5601.215820
967.364075
839.224670
31048.119141
14539.237305
39250.574219
27433.271484
35070.300781
24738.080078
27769.150391
19874.404297
19778.296875
6683.315430
35244.378906
48612.406250
9440.123047
9000.245117
2951.262939
34745.113281
10574.047852
51986.390625
14202.217773
7757.290039
32413.144531
59696.457031
15699.247070
33765.292969
52382.324219
32093.097656
6059.340820
27192.199219
19889.154297
61580.515625
47472.359375
2092.554932
1500.114990
33832.054688
55752.710938
6293.266602
25798.189453
35704.308594
6118.256836
2251.312256
17529.224609
36492.210938
50095.335938
24187.136719
10777.288086
31039.416016
52719.089844
32459.138672
9156.209961
13955.022461
13630.271484
5026.100098
39752.441406
2958.233398
31906.248047
31714.083984
44890.449219
30142.394531
45469.406250
15521.209961
38799.207031
13851.176758
16905.460938
23423.507813
10838.054688
15470.182617
11305.272461
21946.072266
19638.181641
37800.191406
14563.422852
25825.173828
4636.373047
2714.079346
56126.156250
30885.125000
16055.458984
1916.142212
24160.169922
28471.197266
23078.214844
36281.382813
2376.121094
1666.279663
24318.130859
25769.332031
3726.563721
36272.578125
7507.261230
3066.415039
19563.330078
20474.269531
20496.259766
5062.122559
30516.408203
10199.182617
33260.339844
25421.244141
20781.308594
10886.355469
46458.351563
6645.308105
9216.118164
25044.316406
39455.179688
25664.025391
24542.255859
6637.999512
10756.113281
26010.035156
25449.269531
6164.087402
12617.259766
7005.023438
54750.371094
31721.425781
11147.100586
9004.060547
9425.083984
42034.445313
18404.234375
29600.376953
27384.117188
887.206116
10206.262695
9235.302734
9641.395508
24530.144531
21545.078125
4390.323730
20110.199219
28363.238281
25902.337891
28242.242188
12854.190430
15922.204102
35069.464844
8322.187500
20075.378906
11831.237305
1908.313232
19439.259766
42958.113281
9514.142578
23715.175781
9427.250977
9776.186523
6459.134277
21223.074219
19743.277344
9342.083984
36258.175781
7828.288086
7721.196289
36967.132813
22378.609375
29684.998047
4291.149414
34821.164063
29036.332031
50411.234375
23424.412109
23376.376953
9056.165039
44796.562500
4703.242188
21079.251953
24106.248047
6714.061035
8275.303711
31724.207031
9266.179688
5978.143555
9527.239258
25379.267578
26682.144531
20571.267578
18102.162109
16429.466797
27351.083984
15275.130859
24962.429688
7453.375977
56114.585938
34713.187500
8356.257813
14605.292969
72224.539063
31657.427734
26462.427734
8825.075195
35827.304688
4056.027588
19172.261719
22674.343750
10885.208008
29430.351563
41318.156250
3012.223633
11577.158203
32891.226563
2844.178223
33615.218750
5827.038086
6897.189941
9594.150391
34055.156250
41884.234375
32869.105469
24284.123047
35749.222656
21970.486328
21768.189453
9396.124023
30334.414063
48962.226563
10013.171875
16564.160156
7064.300781
40174.250000
29339.251953
11042.179688
13040.310547
6083.056641
46169.277344
42299.996094
1027.999878
3146.212891
1171.129150
23375.367188
8884.090820
7190.102539
8124.141602
8018.145020
10266.271484
33176.347656
40264.304688
26239.132813
17192.230469
15212.248047
27581.212891
43014.265625
11871.147461
65293.359375
5685.371094
2593.268799
11403.082031
14278.197266
10234.410156
3125.207520
36485.234375
14897.155273
29240.128906
2438.354248
6233.598633
6363.194824
24856.205078
27576.234375
40550.066406
49604.292969
11652.247070
12546.221680
11907.119141
14241.030273
38827.171875
3037.345947
19731.091797
14767.552734
39572.191406
26560.218750
27120.302734
23422.128906
23840.722656
54629.996094
21658.998047
2297.016357
22522.099609
11544.078125
12017.292969
36818.125000
17814.212891
7749.172852
15225.322266
4229.250000
45003.136719
12990.474609
24213.373047
39572.277344
12367.215820
16107.314453
54088.480469
9333.169922
26382.191406
54875.421875
15227.187500
36650.246094
11068.063477
5676.487305
46788.488281
3941.231689
21794.404297
11757.385742
25068.500000
9885.210938
24364.177734
5597.025879
70950.273438
32941.265625
10496.130859
15084.139648
18502.169922
3407.260498
36565.144531
17594.302734
10615.202148
3305.181641
32976.324219
14129.204102
24090.199219
13084.213867
30192.179688
28017.240234
16677.142578
20018.337891
8583.169922
25630.177734
28108.332031
26089.236328
16494.371094
20168.054688
41789.312500
7582.117676
24887.238281
49289.320313
13019.366211
12476.190430
9472.245117
9963.300781
30611.121094
13146.237305
10505.050781
7956.360352
21969.380859
15457.362305
30212.298828
2731.251709
13805.294922
28690.150391
35452.339844
9823.147461
20356.390625
48733.257813
8567.301758
29589.267578
37394.226563
23802.150391
8055.176758
40578.453125
24895.117188
32316.416016
30421.203125
20960.332031
23545.121094
6173.095703
26349.437500
33760.281250
6350.232910
19430.126953
15550.240234
37870.656250
8412.111328
23173.257813
22542.484375
21319.224609
52227.203125
24057.220703
21950.269531
23387.183594
20847.345703
8515.227539
28434.263672
13850.348633
9054.541992
28295.314453
48260.183594
32586.183594
45173.203125
25163.167969
40025.351563
16787.378906
3258.327881
24799.296875
7163.411133
9509.301758
29330.244141
18612.048828
22262.304688
1870.333740
21316.121094
10494.236328
8858.170898
4067.186035
23908.187500
21091.177734
9284.610352
6439.338379
1997.166626
10411.274414
41615.261719
17788.236328
5158.289551
32078.109375
13564.099609
26110.121094
36384.300781
41112.554688
25250.240234
38651.152344
8205.183594
9689.222656
8518.280273
41717.449219
15630.284180
30790.281250
23358.158203
11007.103516
51292.156250
10357.434570
55603.460938
24869.416016
34507.347656
4637.182129
32298.472656
35523.183594
20190.253906
410.159363
29962.341797
18600.416016
36149.367188
29805.101563
40061.503906
10920.096680
22531.302734
7280.269531
48460.195313
5369.331055
6013.400391
17616.117188
22589.419922
10659.474609
25231.208984
10066.127930
36468.734375
50791.187500
9345.229492
35035.242188
6468.287598
44855.480469
19341.101563
20604.269531
42612.546875
19872.205078
9286.201172
10491.307617
19038.392578
37286.296875
51546.277344
9127.030273
7254.464844
50686.066406
31859.212891
16837.228516
50260.242188
22939.210938
20263.271484
4258.348633
4704.611816
20786.326172
17297.166016
28986.199219
32036.625000
2865.128418
45273.089844
9305.445313
31347.162109
29509.369141
8795.208008
8387.186523
27657.279297
32154.136719
8026.023438
23978.230469
8923.221680
16617.505859
22605.406250
50844.359375
14986.127930
7108.215820
2932.237793
13439.141602
44133.250000
55077.277344
37832.515625
46378.253906
9572.266602
1737.277710
48629.230469
2668.125000
50432.214844
10168.287109
2109.352783
10175.175781
3890.214111
3646.120117
5506.210938
27581.177734
10273.340820
6623.354004
11028.129883
27435.042969
51133.164063
30302.121094
26609.201172
21951.183594
38102.257813
11352.041992
24641.126953
4815.084473
10962.211914
33279.179688
10431.131836
12762.999023
12899.999023
17706.333984
7110.255371
10559.075195
21437.175781
6336.375000
10673.211914
9703.184570
21665.375000
9012.253906
16917.123047
26784.476563
13025.596680
9401.441406
34752.363281
13286.443359
23329.210938
12786.353516
10751.038086
30939.378906
12852.170898
22015.232422
26311.384766
12449.135742
28731.142578
40051.289063
3966.231689
63313.500000
17062.216797
33701.074219
44534.304688
22819.205078
5636.143066
21029.076172
4144.188965
11488.240234
17463.121094
7453.242188
19164.132813
58113.062500
9282.072266
30467.072266
9905.062500
25723.328125
28278.177734
9348.122070
21292.156250
23275.080078
22350.091797
5600.335938
13143.210938
7785.229492
15245.153320
66029.367188
31641.328125
4451.229004
15387.441406
8007.079102
12845.188477
49868.097656
13343.277344
42842.406250
22843.167969
7725.292969
2953.229004
12108.086914
7087.383301
3845.145020
20680.177734
14796.127930
9833.199219
31016.162109
21406.324219
11664.204102
9478.210938
12551.195313
23006.044922
30166.322266
17979.333984
8330.245117
12963.160156
16122.243164
29489.205078
11249.290039
20821.156250
25229.248047
10755.232422
28265.173828
24552.125000
37459.250000
8941.244141
13235.039063
8210.378906
25944.464844
13314.308594
25426.271484
43204.214844
34739.289063
28472.222656
1288.298218
2831.357666
25150.183594
32037.343750
25858.384766
3894.451172
28919.201172
11253.255859
4811.397949
19116.222656
32631.197266
10135.247070
17506.152344
29752.490234
20628.148438
2668.222656
23622.123047
11602.223633
4277.237793
3361.267334
9755.148438
17073.257813
3259.441406
19561.121094
22184.216797
23610.273438
5124.137207
152453.250000
51540.207031
25902.244141
9032.232422
2229.259277
30753.324219
29995.113281
7766.187012
661.384033
18921.359375
41527.367188
35526.343750
4050.051025
21746.214844
5832.144531
4370.491211
7246.429688
61545.632813
12781.261719
39310.285156
23440.205078
13709.277344
17127.185547
21701.216797
29993.230469
6584.320313
24951.193359
38274.210938
28741.162109
9444.250000
32702.189453
29409.466797
22786.283203
18596.314453
5175.239258
16307.293945
24859.228516
25584.144531
16761.238281
6218.381348
30523.376953
15994.111328
33691.128906
28376.162109
18653.345703
5723.072266
12335.186523
26695.115234
9939.322266
11020.318359
11178.201172
23920.253906
27854.156250
3059.308350
21195.304688
29149.197266
8144.193359
30793.367188
10960.222656
42655.453125
23301.158203
29417.375000
6368.348145
28300.242188
28869.472656
22427.417969
21447.337891
26971.326172
10360.356445
9977.167969
17631.460938
30263.205078
22528.443359
25516.013672
28347.156250
9664.291992
25955.343750
23929.236328
18712.203125
7342.244629
10162.292969
12404.265625
33815.238281
25898.240234
31934.337891
44739.195313
12693.121094
31815.166016
24523.242188
14635.193359
25787.207031
8552.140625
17476.210938
11433.252930
14172.175781
12477.493164
11018.357422
10465.286133
15704.320313
4831.208984
18794.224609
20510.285156
13389.049805
5681.073242
39308.347656
332.332397
28023.394531
7603.234375
11089.180664
21856.447266
33695.328125
10066.226563
3298.055908
36945.996094
35625.238281
13817.053711
26189.453125
10983.099609
29758.031250
26226.160156
28552.234375
9257.064453
34614.531250
22753.291016
35915.289063
27980.406250
23301.220703
27716.152344
27067.228516
11711.218750
54447.433594
10649.283203
25199.142578
41395.203125
17817.339844
25020.273438
23090.128906
6798.238281
31402.363281
18712.509766
12185.136719
19349.126953
9676.197266
27904.419922
25382.529297
21105.251953
38734.625000
7174.066895
13732.016602
52633.328125
5125.497070
42125.230469
2071.083252
26455.175781
11114.120117
21577.207031
8423.479492
24197.558594
22399.246094
1793.464844
38071.277344
12337.077148
4819.310059
3815.348145
25055.025391
8698.222656
26457.250000
29355.257813
21595.310547
45356.152344
22543.255859
23269.185547
9588.346680
26531.029297
25974.111328
39125.085938
13742.230469
25556.416016
21675.125000
2528.179688
15728.306641
45295.339844
38250.300781
24703.285156
11800.115234
16078.135742
21200.187500
29307.125000
36076.273438
35397.367188
17249.998047
10623.999023
24587.998047
14553.999023
39033.164063
45246.421875
9963.302734
44859.156250
25778.197266
7806.082031
24836.197266
25006.246094
39331.207031
27565.380859
744.334351
5908.036621
7764.077637
2200.189453
16590.468750
43097.125000
30072.148438
13980.336914
38399.128906
12385.191406
9057.258789
39616.218750
6362.188965
8883.199219
21787.123047
12041.185547
15934.314453
18083.310547
8560.178711
9995.404297
29233.265625
18562.167969
20358.064453
20979.074219
7703.113281
35064.199219
6524.129395
2097.484375
17655.222656
6859.071289
55295.375000
32991.660156
9122.201172
34826.246094
74247.343750
24564.320313
19701.402344
10233.285156
1851.116333
23209.136719
5555.331055
15239.470703
12987.204102
28645.230469
13368.160156
26335.019531
32458.443359
2137.292236
28471.603516
72552.992188
27052.998047
11916.001953
31254.037109
12896.154297
27210.078125
9681.199219
42557.222656
36069.406250
7551.165039
29498.123047
14391.047852
8869.374023
26587.222656
45431.148438
39470.496094
12383.326172
24892.302734
14386.147461
35834.203125
6308.215820
30953.314453
21350.078125
5090.103516
22133.199219
30502.156250
23501.261719
43557.335938
19558.136719
5159.437988
48113.167969
28680.113281
769.241211
3914.050049
16084.170898
18346.257813
3667.154297
20894.312500
22799.363281
36817.164063
18371.410156
8837.191406
20720.359375
31164.457031
13219.117188
18785.998047
9096.999023
5748.354980
23005.312500
15520.149414
5320.292480
41155.335938
28603.109375
3279.202148
33501.378906
68499.367188
39601.062500
14726.224609
16983.173828
32296.099609
44990.464844
31479.224609
5318.069824
8141.263184
10584.331055
12323.257813
18541.154297
15927.363281
17725.585938
2481.270264
11164.171875
5072.239258
8294.106445
22761.207031
47206.265625
1677.101318
23027.183594
22233.294922
8108.327148
34375.347656
33966.316406
14054.210938
26768.839844
30187.125000
21214.097656
24326.164063
25529.226563
14677.182617
25857.121094
17557.203125
35235.062500
970.097412
23488.166016
3776.264893
21885.316406
11587.466797
32292.123047
3821.347656
25634.277344
10029.159180
27159.332031
10431.326172
12939.193359
4476.241211
39645.031250
10231.253906
37865.519531
35711.191406
50360.304688
38735.121094
16054.157227
23122.394531
36912.246094
34756.246094
25429.474609
11533.206055
37621.109375
11506.162109
34123.093750
38239.546875
37857.015625
37509.324219
10929.366211
15861.292969
3207.234619
30104.255859
35055.218750
4232.214844
26739.123047
38048.097656
26073.138672
14975.114258
13678.205078
13866.114258
13997.999023
6414.999512
13728.314453
44719.105469
33675.027344
33284.195313
4173.433105
29253.207031
13153.210938
20624.107422
45138.363281
60588.167969
1176.204102
8463.282227
3293.241943
1785.351318
25520.287109
27097.353516
4110.161133
3531.289307
34336.125000
34553.257813
13098.300781
38670.195313
12878.062500
39119.234375
17669.097656
9999.125977
23355.458984
25325.179688
9463.147461
47340.175781
25338.066406
36262.414063
46485.226563
26532.310547
28500.302734
25225.494141
46364.152344
8451.131836
24515.283203
25969.240234
2220.240723
30083.416016
34399.312500
9289.286133
29103.417969
27547.193359
22318.068359
24800.113281
25732.156250
31787.134766
19569.275391
3193.359131
24839.193359
43623.425781
45146.320313
8557.104492
10625.172852
23383.193359
9382.188477
11690.221680
10019.329102
16820.248047
12311.269531
20198.277344
15596.329102
13320.194336
44463.367188
21879.263672
10487.024414
7672.114258
11245.248047
13523.103516
12080.189453
17755.115234
25441.343750
3286.399414
1900.199219
14071.146484
1289.592651
26007.052734
33516.210938
18934.236328
19311.287109
5179.382813
35519.289063
41903.289063
18989.318359
3112.151367
47485.351563
58390.535156
10309.352539
21260.101563
8481.219727
35490.199219
21976.339844
8191.245117
10640.247070
22732.250000
3095.181152
30605.289063
8487.067383
22262.271484
38167.308594
29750.353516
21137.216797
1248.199219
22689.119141
52824.320313
5805.377441
15039.250000
14315.272461
2396.381592
11067.187500
27215.232422
54552.328125
22733.025391
24979.324219
8580.318359
10840.343750
32325.275391
50760.285156
21647.193359
19335.208984
33271.355469
20730.505859
15166.190430
14679.199219
40345.484375
27286.087891
10220.273438
2669.181152
10345.159180
31517.064453
46577.363281
7474.190918
41689.460938
32041.261719
30768.640625
42122.324219
10794.104492
9070.394531
26234.232422
8395.278320
22164.130859
36935.250000
37529.371094
5498.195313
51300.300781
23433.296875
48050.367188
29778.144531
53937.210938
25423.162109
41938.140625
10035.999023
7879.161133
18501.115234
13239.298828
15033.181641
27295.337891
35531.128906
30831.267578
10958.216797
42757.492188
18703.195313
10723.090820
40564.363281
23196.189453
29371.261719
27108.177734
2500.338135
4034.276611
67917.296875
40286.171875
39382.265625
28400.152344
8203.141602
4253.177246
23952.140625
32275.267578
17469.085938
19370.181641
27623.431641
29656.140625
9918.054688
46492.445313
27203.343750
16577.226563
43254.203125
24043.128906
24212.144531
25750.123047
13191.243164
25886.136719
24127.089844
6867.203613
3422.348877
17498.162109
27274.167969
24472.203125
28145.271484
11004.241211
34127.140625
26332.246094
6159.376953
9920.159180
37799.441406
23600.257813
29554.257813
38072.328125
31624.343750
35648.500000
35421.328125
11076.318359
28268.152344
26544.060547
748.153015
28998.998047
30995.414063
32695.150391
15261.203125
48279.597656
29427.230469
20945.363281
26642.298828
14785.308594
29976.228516
7304.258789
32996.367188
15687.089844
4746.152832
19154.275391
34257.226563
29542.316406
14417.291992
26009.253906
4266.089355
3632.999756
42481.324219
35526.230469
7303.086914
13885.289063
14904.206055
4501.242676
12422.096680
47943.121094
2359.294189
15472.066406
18224.294922
1782.286987
15161.256836
26231.326172
3757.182617
27782.230469
42756.300781
26297.265625
29387.287109
34518.175781
12438.134766
30681.156250
13073.137695
44414.335938
29798.330078
22728.230469
23309.076172
15321.381836
7519.032227
798.114014
28539.496094
9169.094727
14216.310547
45054.492188
32395.152344
6618.158691
42444.320313
37363.210938
31563.294922
53905.148438
7449.183594
9319.350586
65365.335938
9239.210938
19541.416016
28136.216797
9736.162109
23010.568359
15820.105469
23818.175781
10603.186523
24063.187500
7772.332031
17044.128906
2001.306030
35481.125000
30946.289063
2095.198242
23363.261719
31728.261719
5161.114746
38598.273438
15469.208984
56190.468750
44367.273438
47039.164063
56635.402344
10331.004883
26824.515625
24618.142578
20207.535156
6214.176270
19503.076172
12997.225586
9614.268555
29125.199219
15434.161133
10251.999023
8147.183594
9013.254883
5494.425781
3682.303955
12116.385742
10594.070313
4016.225830
27569.246094
31138.404297
22460.257813
23831.029297
9708.161133
30367.291016
22269.189453
23363.148438
29920.339844
7822.109375
14085.279297
18976.248047
33144.546875
23049.429688
3000.275635
26916.218750
36300.050781
43942.285156
16260.374023
39347.132813
12931.308594
30582.458984
42785.347656
22613.355469
26827.294922
61435.277344
41971.320313
16074.154297
17737.205078
10876.228516
4327.136230
10874.011719
26995.162109
16679.101563
36267.351563
24507.326172
19594.173828
19839.316406
23548.287109
9696.135742
12411.277344
12203.089844
36991.195313
1350.108154
12707.137695
19969.195313
15523.248047
21633.056641
17717.486328
11769.324219
8770.172852
20085.195313
23188.210938
42084.218750
8070.110352
21814.373047
25584.439453
23941.388672
39427.367188
41095.101563
8390.268555
7254.343750
46950.253906
25856.183594
3460.510986
9532.243164
40181.070313
13174.365234
37016.363281
32908.273438
20630.242188
8434.337891
7457.160156
34373.101563
52760.453125
28622.365234
38390.183594
29709.169922
8683.210938
8998.143555
8975.009766
36292.718750
9220.147461
9925.250977
5410.440430
31128.210938
11116.289063
11619.264648
32487.119141
60696.292969
18734.144531
13112.311523
9603.214844
15596.122070
23291.257813
17336.406250
29615.341797
48004.371094
2863.282959
17012.095703
27890.150391
36035.113281
34716.574219
38998.628906
14401.178711
10143.442383
8736.236328
17579.037109
12543.304688
8894.271484
27199.078125
38164.242188
9199.297852
33324.093750
9988.305664
8813.183594
26814.181641
23393.498047
17788.294922
16223.098633
47215.410156
37239.343750
14080.188477
10994.185547
24765.402344
25418.265625
37385.363281
27908.187500
17410.207031
22352.361328
36157.113281
25239.164063
33844.113281
8340.098633
20765.169922
4631.158691
26959.220703
36872.207031
19844.109375
12423.161133
51249.277344
10745.302734
28458.185547
22277.285156
18584.265625
46729.367188
2339.673584
37428.210938
18355.201172
61529.460938
6271.301270
20779.240234
9577.093750
2575.402832
31149.408203
27978.345703
41038.449219
11973.183594
10974.208984
4047.124023
15450.177734
4190.180176
14001.399414
3184.298096
33291.320313
2558.216309
21985.082031
30451.363281
10283.152344
37284.378906
25989.152344
13107.128906
16580.416016
15738.309570
36466.382813
15639.307617
3648.267822
47008.167969
9900.262695
11838.248047
1864.083740
6324.161621
13710.261719
24115.216797
31604.355469
28271.345703
41967.195313
31371.335938
1457.425903
21137.095703
2542.539307
8405.173828
44018.386719
9884.047852
1343.570679
35448.496094
12892.327148
36198.125000
47085.402344
25904.287109
17859.248047
28414.210938
4028.168945
19616.435547
36205.378906
36424.238281
6632.297363
17107.113281
10587.152344
2404.281494
12907.289063
17696.998047
15180.999023
22811.345703
24151.158203
84908.281250
25524.289063
39919.273438
9141.350586
23003.248047
21125.117188
42618.308594
49069.183594
85779.476563
17620.324219
13222.204102
29695.333984
13297.208008
5641.309082
8603.319336
20753.384766
25283.126953
21747.224609
28083.205078
14917.348633
20163.169922
25335.998047
31752.277344
12126.125977
9077.163086
8364.359375
30139.304688
6057.430664
20938.126953
7875.330566
7848.288086
12290.293945
36059.191406
9236.250977
1742.175903
12858.357422
27647.234375
1645.174927
9684.226563
30616.306641
8902.328125
1777.220703
31635.072266
24748.132813
12682.211914
3857.300049
2474.121094
22849.998047
12623.999023
2028.083740
30554.066406
1271.177856
21509.177734
28398.324219
34659.507813
24472.300781
23897.164063
30937.134766
7873.046875
2489.272705
34095.109375
2450.358643
36495.101563
18395.093750
20552.214844
32258.029297
7028.154297
10356.311523
3043.207520
25678.304688
39381.140625
9456.055664
36105.335938
1173.177368
35548.203125
32566.347656
1714.246094
12608.175781
49826.152344
20916.320313
10728.401367
40966.613281
30050.439453
12220.216797
16891.183594
12046.213867
18382.433594
23590.224609
25269.326172
38223.695313
58480.371094
3337.302002
12884.058594
14841.234375
25647.197266
31532.310547
14877.186523
26536.269531
35925.328125
26697.167969
69748.132813
16643.328125
27753.248047
10907.231445
38189.281250
4029.031494
6882.186035
21098.300781
20984.220703
36858.296875
35624.187500
16051.350586
22874.169922
9679.177734
24011.230469
16027.017578
23944.257813
7080.236328
783.999939
1132.262207
33263.078125
10640.147461
23937.376953
3521.188477
31641.187500
6925.175293
44027.281250
16189.377930
26742.316406
2937.322510
15888.282227
30454.107422
24625.103516
9284.034180
23673.058594
37310.351563
15195.309570
14014.337891
11807.192383
15821.243164
23818.259766
9478.233398
14985.457031
23862.193359
10527.443359
3048.294189
46390.382813
13589.416992
11270.208008
44251.382813
73055.484375
61547.097656
20635.242188
12846.209961
20308.246094
17999.261719
40683.101563
30371.285156
22629.177734
21709.277344
11446.123047
1570.271851
40314.257813
35348.179688
18449.343750
24934.167969
14135.209961
56213.515625
22437.166016
19914.298828
22354.167969
2574.322998
32411.203125
905.212952
39642.179688
12519.386719
22495.033203
58219.234375
35023.277344
9315.320313
22927.093750
25760.175781
12250.142578
12136.125977
3609.409668
50688.230469
51734.269531
11357.172852
28893.007813
33714.125000
14559.070313
1652.202637
16465.234375
35684.378906
38662.355469
29688.306641
19586.326172
6181.262207
36782.363281
22081.164063
28964.181641
6662.239746
5814.336914
24355.289063
27687.236328
4737.271484
57708.347656
46929.226563
19855.160156
15229.130859
21169.259766
8695.246094
7220.102051
32315.394531
11356.268555
29771.304688
13355.333984
2882.487793
37028.308594
19848.406250
39342.238281
13969.387695
5619.470703
24018.240234
26719.318359
11868.345703
12211.083008
25479.394531
55643.386719
10041.116211
15446.256836
47247.343750
38539.257813
49865.425781
5756.110840
13311.126953
2830.529053
17492.281250
32904.316406
21941.289063
4920.164063
23720.330078
62640.242188
19626.070313
17280.267578
3004.381836
19083.318359
2637.330322
14413.117188
11058.151367
20990.328125
16092.388672
19978.117188
2059.047607
8487.228516
25235.269531
19295.109375
1162.013062
25118.998047
29282.269531
30130.218750
41636.312500
18153.333984
20337.173828
22771.216797
28536.337891
6716.094238
41505.214844
90382.437500
9043.465820
28629.419922
21730.400391
4771.268066
30894.505859
24692.273438
61570.230469
34964.285156
49013.375000
19506.998047
11189.355469
32258.289063
11595.641602
26494.425781
6345.143555
4679.270508
3633.999756
40383.179688
18154.195313
25889.220703
38976.253906
30874.416016
5606.791016
21309.169922
3164.336182
8684.164063
14985.332031
52440.261719
27876.166016
26340.156250
20176.208984
26976.121094
24916.150391
24543.470703
37592.257813
34076.320313
9869.129883
26943.207031
59449.406250
38529.230469
20870.089844
23948.142578
1888.325928
25546.125000
1376.242676
15450.218750
9045.180664
17509.054688
24375.316406
25091.210938
7633.760254
23446.226563
12959.104492
26801.271484
29689.314453
45211.281250
25801.892578
42071.339844
39130.050781
54067.382813
10111.548828
53012.253906
7898.169434
11028.466797
11340.250000
40554.273438
2814.166504
27138.320313
21088.400391
22079.306641
10759.277344
21124.406250
23723.998047
35958.218750
33085.148438
3436.146484
52770.164063
21811.404297
27735.103516
13516.072266
41345.386719
20529.277344
35360.191406
26463.136719
41916.335938
20464.275391
32454.406250
11823.104492
45799.246094
22968.234375
33273.304688
10063.176758
22967.269531
19029.156250
22047.328125
19498.400391
38785.414063
3150.347412
8021.144043
17236.404297
32969.238281
5609.241699
38847.082031
7883.230469
6638.291992
41728.164063
23494.316406
34642.183594
2260.203613
16724.583984
15234.184570
11844.228516
29144.279297
2596.397949
24917.240234
10636.080078
19034.154297
21713.439453
18706.294922
23069.169922
11051.267578
26658.226563
2965.169922
12674.104492
41133.171875
10167.089844
22917.056641
13292.282227
23766.087891
12872.298828
6123.150879
27486.398438
35799.144531
10737.666016
9082.339844
30073.402344
54086.210938
14371.399414
11404.106445
26401.138672
12313.208984
20201.193359
16600.253906
12144.148438
37547.421875
1205.372314
23824.218750
31111.259766
3413.529053
46459.144531
12509.185547
6347.515625
2630.222656
13915.182617
12170.142578
4656.158691
6093.064453
22345.306641
12579.288086
23982.212891
15006.031250
23810.244141
32102.294922
10348.170898
33106.269531
22665.375000
3113.468750
19578.244141
27604.232422
10097.201172
45220.144531
27625.341797
17234.076172
45920.230469
52835.015625
38065.246094
41494.281250
26938.205078
48774.230469
28879.212891
27184.275391
27528.208984
12510.259766
28254.304688
5014.032715
32041.128906
12288.160156
4404.366699
10568.126953
7217.048828
8506.183594
2506.137207
10017.076172
21329.310547
53802.285156
47168.296875
30129.164063
26333.212891
15424.150391
35209.253906
12934.234375
13334.226563
10697.213867
29243.261719
6192.251953
28170.355469
25738.998047
38045.996094
6351.999512
12632.184570
35926.152344
48613.261719
37144.277344
12559.150391
9730.261719
29384.169922
10766.061523
40094.140625
21614.314453
28121.312500
8934.212891
28371.093750
28165.265625
26141.144531
33539.300781
30280.146484
26922.263672
16070.414063
13485.159180
27182.392578
1651.708130
9861.443359
20318.177734
12182.208008
39655.199219
10462.219727
8568.082031
10086.336914
21781.265625
31135.273438
50134.335938
34249.367188
30584.214844
13618.205078
41239.421875
9895.187500
37807.312500
5836.241699
19079.130859
25693.228516
17939.998047
16900.232422
19342.175781
25123.222656
5336.196777
6053.312500
11191.204102
50636.597656
10252.189453
33619.285156
8399.269531
3883.286865
58917.140625
17322.250000
2158.243652
9138.262695
9925.268555
26350.185547
5280.214844
37819.148438
8828.260742
15578.176758
31651.214844
11220.254883
13341.145508
9946.298828
8623.159180
11675.224609
33654.308594
42484.226563
23355.259766
24284.199219
6454.281250
12125.216797
36868.285156
17137.201172
39320.273438
30125.193359
11443.163086
41312.269531
35066.269531
27532.005859
21098.160156
31880.408203
21070.125000
30277.214844
31821.349609
21569.314453
12953.273438
39952.261719
4199.126465
13947.228516
51958.328125
2025.157837
47575.289063
23100.167969
14464.279297
1868.068115
25738.214844
25259.630859
36932.214844
14337.153320
12428.255859
1440.258789
29640.128906
9791.192383
14306.141602
26805.283203
8690.167969
10864.205078
29641.109375
12592.255859
24751.337891
17114.126953
1778.328369
6266.257324
24313.242188
25086.207031
64133.835938
31070.195313
22710.201172
11891.217773
985.283142
20081.164063
10298.247070
11377.349609
8120.102539
44591.246094
36805.160156
2938.330811
12850.267578
49581.421875
11209.153320
26053.333984
43385.320313
3320.160645
22537.285156
43144.300781
6815.082031
23001.351563
7058.182129
3752.231689
37047.199219
14124.405273
23408.285156
27581.255859
9018.219727
1925.681763
21633.308594
20763.199219
47128.207031
6164.088379
9486.103516
41426.187500
8354.287109
44865.464844
10122.220703
27478.248047
1322.319702
813.236328
26963.287109
29545.123047
5098.088379
10736.175781
21751.244141
19333.117188
15581.122070
45464.101563
44504.140625
10029.315430
40580.339844
10900.245117
40079.281250
25345.406250
27111.302734
1765.240234
16090.158203
27184.251953
23262.271484
31970.255859
17204.154297
18574.158203
25129.197266
7941.157227
1182.151489
14723.132813
12430.446289
9250.349609
26394.451172
26760.160156
19243.105469
43438.289063
8431.138672
16718.207031
30638.308594
7140.304688
40894.281250
7070.187012
34777.296875
27880.304688
4092.281982
11106.062500
24965.287109
30145.265625
11217.050781
25079.136719
18626.261719
10541.245117
41574.355469
34329.117188
11708.299805
24763.150391
26247.285156
30584.160156
27022.207031
26318.076172
39730.273438
31166.199219
3505.147949
19472.255859
25197.203125
19911.322266
25063.121094
10605.322266
33591.214844
29024.197266
13497.203125
43887.300781
7114.230469
21303.289063
16888.279297
25526.419922
10767.104492
27033.177734
68995.390625
40625.242188
5410.226074
12602.119141
3451.198730
36349.527344
9691.176758
6041.999512
4567.999512
14120.088867
28553.011719
12697.067383
28781.160156
4361.221680
12280.249023
28875.267578
24273.158203
22769.197266
10990.277344
20762.216797
11830.338867
21205.244141
20975.259766
24288.251953
23956.232422
10464.190430
8990.116211
4042.152832
23575.197266
13082.197266
25805.103516
25738.158203
25897.130859
10274.138672
20899.078125
13644.365234
29882.333984
1908.290405
10268.250000
31925.132813
23102.382813
27308.390625
40636.316406
23238.423828
29882.263672
5080.405762
28369.292969
35131.242188
19026.212891
16893.099609
20792.251953
6836.586914
18678.330078
26088.107422
21021.296875
9460.525391
6861.115234
24208.177734
44088.371094
9833.162109
21374.220703
4703.314453
3173.123535
30886.349609
23132.373047
24943.082031
12322.320313
22779.314453
2260.129883
35465.109375
29020.279297
2666.142090
14333.323242
24866.392578
15839.118164
18803.076172
29729.451172
16327.118164
38843.386719
33144.136719
27700.214844
1464.449829
27789.474609
5197.174316
3675.154785
27686.179688
12928.283203
49445.300781
7518.458984
38431.367188
36842.210938
32057.324219
18199.330078
25093.205078
23754.250000
25220.425781
29510.123047
28958.150391
20761.199219
15213.134766
42043.390625
21126.236328
12399.299805
721.314331
25274.197266
15263.146484
7499.331543
27835.093750
11221.271484
5344.022949
3681.296631
33043.351563
24885.541016
62872.351563
26471.226563
13523.276367
8163.182129
7583.318359
32334.328125
23957.013672
11195.149414
13532.155273
23564.373047
54386.171875
20450.171875
20222.324219
32845.253906
16654.240234
29058.150391
9083.244141
29418.142578
32246.212891
9689.161133
28843.261719
25041.998047
13146.118164
7551.261230
59043.324219
1720.346436
15731.321289
29520.230469
33099.402344
23719.187500
42566.367188
30202.218750
30180.238281
9055.183594
40450.429688
11797.339844
29572.488281
13332.226563
30726.167969
11009.153320
13225.083984
64029.292969
689.312378
7684.452637
20941.175781
20676.105469
2646.110840
9029.298828
12684.999023
12432.063477
5065.386719
22981.234375
36402.203125
30459.039063
2116.260742
26836.275391
31793.316406
32833.304688
4813.258789
26628.371094
17738.300781
21955.427734
1025.227051
3166.184570
27556.998047
42654.140625
37240.328125
26392.080078
1775.090088
7980.115234
16478.130859
23134.191406
27170.242188
54100.164063
53079.386719
24517.158203
22034.130859
10105.405273
73890.632813
43429.218750
8043.205566
28932.349609
4521.321289
3729.317139
45255.113281
33286.300781
31093.085938
15968.208008
26010.351563
28728.275391
8963.097656
29978.181641
26280.130859
36885.292969
62643.242188
18313.345703
9316.365234
32113.064453
3484.199707
3220.263428
12142.196289
4375.128418
28994.345703
10620.198242
9120.262695
10401.795898
11341.096680
5076.138672
23377.291016
3034.142090
20070.359375
32931.140625
22972.115234
24285.158203
13635.186523
10701.148438
23727.357422
47246.523438
3408.584717
33971.191406
27507.330078
13065.211914
4745.256836
6440.292969
45319.281250
29592.531250
24025.242188
42557.101563
42324.273438
34951.441406
29231.310547
40865.281250
6425.066895
31568.097656
45825.304688
12393.301758
30883.134766
9800.181641
13915.337891
31724.289063
42059.343750
22005.277344
26801.126953
32519.191406
24686.033203
9551.040039
10547.346680
54092.238281
31769.308594
46359.074219
12307.296875
12932.294922
31411.406250
22240.429688
4340.116211
3555.313232
11768.116211
39129.488281
25354.205078
8313.192383
21544.529297
9889.160156
15357.091797
21403.998047
3658.115234
41361.363281
10345.172852
10528.366211
17984.148438
12701.224609
4905.092773
43256.273438
3387.131348
12749.485352
13224.442383
16842.064453
38379.304688
2002.172852
24857.160156
16321.765625
22267.998047
3084.135254
40620.234375
10759.224609
11488.247070
12369.213867
20381.998047
25471.472656
19672.142578
42371.441406
2990.185059
11159.132813
21974.138672
25327.398438
8773.158203
19707.103516
11500.115234
17869.238281
2717.266846
4568.266113
4278.246582
11100.177734
3318.293213
72880.445313
1538.355713
9188.142578
34004.273438
9477.268555
9180.287109
11368.229492
9218.166992
47483.734375
22585.330078
26143.345703
2313.298584
3769.454590
27204.070313
8269.999023
22980.181641
17744.136719
19983.449219
21527.048828
10644.060547
47650.230469
7955.382324
6575.277344
40886.257813
14401.393555
27374.205078
3911.209229
7959.188965
11341.283203
12966.053711
24883.197266
27830.355469
25069.558594
6510.208984
2376.243652
8231.156250
16337.093750
22013.173828
10261.280273
2240.191895
30631.439453
968.237305
23427.302734
45994.148438
41426.695313
3191.128418
38568.437500
12766.120117
50952.199219
3259.143555
14427.729492
65639.328125
26386.167969
22995.195313
79229.304688
12125.277344
34989.417969
11766.302734
41965.187500
6151.346680
2071.524902
9393.352539
21991.343750
9096.251953
40736.492188
36697.117188
26616.152344
72973.437500
57516.460938
6300.166016
582.363586
2589.193848
39203.296875
27851.177734
17065.361328
27156.330078
4122.143555
6622.133789
25255.273438
42981.285156
8863.111328
3587.190918
11903.689453
24507.142578
25653.306641
2721.342529
37491.226563
11090.103516
41382.191406
7318.247070
2263.275635
22715.294922
13758.224609
6778.452148
25663.349609
10036.175781
5416.242188
7717.046387
9947.113281
6907.168945
1725.415649
24952.431641
34259.113281
7505.458984
13925.349609
43532.187500
12216.259766
22691.128906
8847.258789
29778.337891
8308.254883
8418.137695
21730.177734
21797.417969
39061.437500
25944.271484
26395.265625
33079.492188
7224.288574
15766.177734
12118.337891
13810.209961
33389.582031
33299.226563
23898.253906
23285.130859
2480.211426
29350.216797
38576.132813
23245.310547
24995.148438
26027.208984
22154.355469
5729.999512
27076.998047
55712.097656
25695.326172
23163.408203
48447.640625
2307.452637
899.289978
4164.469238
42228.273438
27726.146484
13425.370117
2259.037842
17650.148438
27262.167969
43066.164063
22850.160156
25578.609375
26905.878906
35745.246094
24432.257813
10837.184570
18228.347656
10938.046875
20132.998047
25462.187500
30539.291016
13907.161133
17108.154297
35982.089844
12356.343750
10007.317383
8117.133301
24485.164063
6575.261719
23425.134766
32510.277344
33647.164063
20318.394531
44017.140625
27557.998047
28905.136719
17429.316406
24909.164063
24148.335938
18912.111328
20791.138672
37260.121094
1097.263184
6565.218750
23005.146484
9876.101563
23680.115234
5071.176758
24985.197266
23755.218750
34038.238281
23968.250000
28926.154297
4454.546387
12104.207031
22507.355469
34483.238281
9496.202148
24021.160156
6342.159668
19789.076172
25359.292969
42589.078125
28270.179688
7722.177734
11197.235352
17218.111328
12860.177734
27636.074219
27542.146484
36998.332031
10170.176758
34754.277344
6942.179199
10817.079102
17243.250000
26283.210938
13075.394531
36790.113281
12538.165039
22898.214844
4178.080078
9453.097656
48218.210938
35342.441406
11102.208008
18399.380859
3731.240967
26725.238281
29919.244141
29181.251953
6088.254395
23537.201172
21670.093750
3362.199707
17800.222656
13300.217773
35646.347656
18923.062500
20640.087891
39949.480469
5761.153809
31003.216797
35266.308594
7753.162109
35455.269531
20535.244141
20557.398438
7717.189453
47126.257813
17376.103516
13098.053711
9379.204102
21950.441406
6217.280273
13508.250977
16344.999023
40635.773438
11600.102539
41608.167969
32855.218750
30072.212891
53630.484375
30260.292969
9045.209961
2633.358643
29129.259766
53748.335938
23616.126953
2920.124023
18988.441406
10992.136719
4620.212891
10157.105469
32041.117188
26412.140625
5101.196289
13091.200195
37233.210938
4712.117188
9977.307617
27904.382813
7687.049805
7655.191895
27100.207031
8798.215820
9633.269531
28817.205078
30432.222656
16398.025391
24630.208984
35415.234375
28269.404297
33828.277344
7479.283203
43264.121094
38672.320313
23733.302734
5268.402832
22531.156250
22231.205078
22780.298828
12940.354492
36659.355469
12258.192383
12712.306641
9504.671875
48518.375000
1463.244141
30679.308594
25800.273438
7279.301758
21357.251953
10351.283203
40038.152344
24754.164063
47414.277344
23591.216797
12586.361328
2888.134277
8097.285645
43610.378906
38141.468750
7024.039063
1673.153931
15080.376953
24079.107422
12793.237305
26550.164063
33100.175781
35641.167969
25706.103516
25470.181641
50078.328125
1367.254395
9598.188477
15365.408203
41964.261719
11178.273438
27394.294922
7951.096680
12181.168945
22670.156250
14225.266602
31132.248047
13860.224609
32729.041016
3718.309814
26845.107422
13978.082031
29180.179688
14003.286133
33285.261719
1262.191528
45813.214844
32582.197266
25856.351563
28511.246094
22733.998047
21365.998047
8171.094238
31420.429688
15037.181641
32762.164063
6918.172852
6493.193848
12677.003906
3228.237549
4155.168457
34620.253906
13535.291016
8216.149414
15297.354492
20457.152344
25026.193359
7371.193848
28025.160156
32347.195313
3840.404297
14467.320313
11423.262695
28784.103516
19522.216797
31250.142578
37747.117188
11505.210938
51541.152344
14004.276367
32809.078125
28223.386719
9398.323242
6239.300781
24889.111328
17197.187500
21858.529297
27914.035156
18800.244141
40080.234375
26402.279297
19521.802734
2992.275146
22705.429688
16592.417969
33469.218750
55162.125000
53045.296875
13569.404297
16979.318359
21915.281250
25333.046875
25696.300781
14274.311523
38214.191406
10293.254883
26639.273438
7912.185547
28669.140625
12559.167969
34115.382813
30413.373047
26076.289063
8972.227539
7114.251465
14009.085938
13621.305664
22346.414063
36901.214844
18892.277344
12559.129883
2647.216309
10102.073242
51083.480469
2916.452637
22398.099609
54103.187500
2616.101318
24219.044922
32352.312500
8748.086914
10161.165039
22083.244141
21611.664063
26144.210938
30009.365234
26233.113281
10858.211914
28365.208984
56252.472656
27149.242188
37057.488281
12251.307617
8809.094727
8206.114258
35767.320313
38237.304688
24614.291016
25843.314453
10464.282227
35493.269531
24421.148438
1711.091553
29768.312500
26314.445313
20908.193359
36228.289063
11722.109375
9043.315430
9232.226563
3064.099121
33562.425781
42554.304688
6555.160156
19158.142578
14990.131836
8422.145508
19356.228516
27108.232422
47550.472656
25220.205078
25016.218750
10510.152344
21511.462891
8974.344727
35500.222656
22122.058594
12594.156250
22884.164063
20350.214844
13031.295898
9890.181641
10973.084961
35661.597656
8222.297852
26653.111328
42338.300781
22795.083984
34060.359375
13900.180664
20049.232422
6787.160156
9756.180664
2420.304932
24988.294922
21913.125000
23915.166016
12092.210938
25253.173828
10921.606445
10107.116211
10259.221680
27688.386719
2372.112549
4441.398926
31215.179688
26067.074219
21761.136719
38992.277344
21565.390625
6698.144531
25853.523438
11285.348633
31829.292969
13979.254883
5762.185059
3851.431641
14618.196289
8241.188477
25110.167969
50460.328125
33864.394531
20326.197266
13536.345703
18054.304688
40639.234375
10482.111328
10476.219727
8331.335938
17599.369141
6932.152832
33916.339844
25164.228516
13749.169922
5122.236328
3791.220947
68317.539063
34911.683594
37796.292969
29258.343750
21188.244141
4138.174316
13629.329102
49386.128906
16851.296875
14181.225586
38860.238281
1306.258789
33155.257813
14893.375977
15162.208984
13447.254883
3702.135254
16572.998047
34553.996094
16782.998047
41835.996094
19896.998047
5825.320801
28885.248047
25953.998047
49601.445313
25919.312500
28314.144531
33071.156250
26686.279297
10453.342773
4081.238525
10033.175781
7366.357910
12446.141602
20815.281250
19344.253906
32047.341797
36691.308594
9852.312500
5161.126953
15993.239258
25878.253906
2021.297729
13472.320313
2171.301514
37549.460938
10617.147461
10853.139648
10902.999023
2986.999756
53243.996094
17434.404297
31323.105469
10697.474609
1693.262573
33975.113281
32857.257813
12545.101563
41977.351563
7930.120117
28150.269531
40171.414063
10176.293945
37739.195313
6904.292969
30673.160156
31309.097656
9775.333008
21575.457031
6306.426270
28047.302734
8233.136719
30755.363281
9566.297852
29641.255859
31803.359375
2178.399658
40315.175781
71483.695313
30161.187500
28975.408203
13693.315430
26873.324219
36730.507813
28416.230469
12487.203125
9849.101563
7020.229980
29227.353516
17588.386719
37889.996094
21398.253906
20646.111328
5734.118164
11399.157227
60698.582031
3553.109375
11348.282227
32962.367188
7551.120605
22535.253906
12041.324219
2025.200195
8093.327637
53429.296875
4050.603271
27950.236328
3780.320068
23770.998047
20041.107422
32526.519531
9145.294922
34023.457031
27569.375000
21512.103516
37023.234375
25452.263672
13588.063477
3650.146973
11666.100586
27369.082031
9587.270508
5821.261719
10404.273438
34953.390625
27218.173828
1721.170044
5088.103516
31590.255859
5192.355469
22597.226563
28954.130859
15910.174805
17051.355469
9303.109375
3907.242432
34282.531250
7990.112305
9259.217773
3006.162109
10367.285156
9886.330078
42638.210938
22069.238281
8294.373047
6111.251465
2341.338623
13747.330078
7499.101074
12078.109375
6315.376953
9900.214844
24107.406250
24913.218750
32511.433594
24714.080078
32277.734375
21303.156250
6977.280273
10366.096680
12938.319336
16993.242188
27687.271484
4837.151367
29576.406250
12036.159180
31102.443359
21865.347656
15446.300781
15308.353516
25616.166016
1448.258789
12630.208984
45461.582031
33900.136719
21639.068359
21231.220703
21681.423828
29195.242188
38957.414063
23383.505859
3392.187500
48164.058594
30025.214844
41425.222656
7633.270508
9030.251953
7893.133789
42018.316406
21943.353516
26248.105469
63666.109375
2207.195313
9697.130859
40105.332031
1654.181763
6205.074219
26312.095703
14730.227539
4889.457520
4735.283203
1166.205566
22312.107422
1284.289917
11670.320313
12530.376953
29447.302734
5991.176270
40115.218750
1058.396240
12354.363281
26922.267578
8879.236328
34743.253906
18538.281250
12230.259766
3314.109863
6017.232422
21864.115234
19576.236328
12611.305664
7819.178711
42878.210938
32028.488281
13820.153320
33333.363281
40856.406250
9355.307617
10627.342773
19698.154297
29867.296875
24161.216797
35742.246094
9633.375000
22750.322266
10942.388672
36837.996094
36197.000000
27580.998047
10584.209961
6857.330566
14376.322266
46641.238281
7957.128418
7070.046875
23115.044922
23141.099609
9141.398438
13973.095703
3640.282471
3991.405762
39423.312500
45245.187500
24005.052734
9757.348633
49760.152344
27664.318359
9097.199219
46348.996094
10629.289063
19546.281250
38813.996094
38575.312500
36053.003906
9528.051758
30783.119141
7616.175781
35249.429688
18851.250000
19700.162109
57871.699219
53256.398438
23126.203125
23580.294922
10908.339844
30678.132813
8746.192383
24940.259766
25242.490234
50714.308594
31028.156250
11471.227539
30731.150391
10955.098633
20660.273438
17744.166016
18485.117188
10455.232422
41627.160156
27388.283203
12413.168945
3613.075684
22419.433594
16917.128906
5114.194336
5049.185547
22979.357422
2468.221680
35857.140625
12450.176758
3961.333740
12720.232422
11939.136719
14090.092773
34068.210938
29482.361328
25232.369141
16011.188477
7839.231445
11125.180664
32502.115234
24027.179688
26056.265625
15070.136719
4081.296631
8724.252930
3488.372070
26226.175781
19879.230469
38887.097656
28268.166016
28604.283203
