"Comp-BL1-H :: BL1-H"
947.606140
866.725891
1048.438477
800.730469
578.733704
2108.655762
330.891266
2785.284912
470.711609
891.520447
745.611206
511.733734
647.804199
738.838745
339.907410
1114.708862
515.709778
891.658630
356.744324
909.793640
1127.582153
1148.751221
963.596008
1106.723999
1871.470703
610.889465
655.922119
753.829529
2110.394287
766.809753
481.827240
603.933228
771.859009
383.951172
587.767334
805.663208
850.816650
853.854858
457.847046
546.887573
303.849823
4455.572266
575.717163
1488.625977
906.779785
1043.870117
369.882538
474.760437
930.476685
588.888977
888.876099
821.641602
373.795929
455.844299
1425.813843
901.792664
820.813904
545.792236
790.822205
451.826782
974.494141
669.787598
511.710693
803.939209
602.894043
176.733719
1109.605713
1159.402954
1449.501953
944.882507
1134.415894
514.895874
661.971436
758.743835
852.847534
317.885742
1764.810669
837.703308
274.777954
876.896790
893.760925
455.705627
698.891724
560.856750
683.879761
641.826782
601.703308
1066.800537
594.862732
591.674744
1374.630127
667.754456
1250.722656
630.444397
860.881165
257.856720
643.876526
528.805115
1072.829590
1012.806519
724.612549
521.884338
569.860413
1225.823975
1503.803345
2175.607910
578.822205
1064.611206
1032.841553
612.922119
1005.785767
1062.728638
702.794067
1112.730957
798.854858
586.668335
766.850281
511.665527
799.823547
1082.856323
504.753998
801.794556
1506.596924
965.835083
747.760010
622.845215
912.837830
1268.655884
476.816650
663.859497
1374.690918
609.771973
1032.731445
955.584473
1049.587280
1581.816162
1930.619019
1082.795044
965.863647
214.879303
1228.757202
658.878357
801.564636
575.869629
1293.615845
1103.872437
1310.795898
357.854431
639.883911
1050.812988
629.896790
1039.797241
1215.748047
535.810669
704.862732
943.361938
1084.759033
1067.837891
415.753540
874.770142
610.957153
624.655396
904.855835
985.854858
988.675232
627.860413
1318.597412
743.889465
1198.749390
1105.625488
1323.693237
425.832306
595.806946
474.898193
820.703796
550.904175
1022.781616
978.752136
1086.704712
514.553162
411.777954
784.733276
464.919830
1032.662354
1094.945679
561.665527
759.825867
449.813873
1188.962280
661.722229
915.683960
784.743835
450.734192
1022.812500
1060.452271
1304.756348
392.764587
626.694092
1195.697388
843.824463
679.893555
409.815735
697.704224
599.743408
702.807922
1344.686768
864.922607
898.456848
783.603821
2009.646606
1620.645752
564.833679
618.775208
430.761810
1218.668335
1033.949341
606.878845
884.839661
1292.646240
467.878845
1200.743896
1639.643921
501.717133
787.797302
605.724976
992.727295
829.833679
689.888062
890.791748
628.950684
592.753052
1060.578979
914.725403
579.797729
1237.869141
544.819397
472.855347
822.829102
952.662781
760.881165
314.726349
832.753052
748.821716
1055.865967
1412.652588
646.727722
832.682129
845.915710
952.671997
496.785309
792.735596
1920.624512
722.817566
618.901855
982.781616
1062.808350
447.890808
802.619446
774.821228
897.693665
1157.593628
932.792664
859.858582
665.954407
445.818481
710.868713
422.818939
989.701965
511.798218
380.862701
1808.842041
653.883911
1074.924927
996.789490
779.646667
1851.605713
807.847534
508.863190
742.692749
1247.791748
1044.536499
827.817139
307.590454
1092.948853
809.754944
721.872864
795.743408
761.653564
500.886658
803.801453
640.648499
876.617615
752.958984
812.514465
442.886200
533.863159
859.689026
722.792664
821.868225
1019.659546
527.866394
1081.806519
209.912933
769.734619
915.744324
771.796387
1267.761841
1293.780762
231.816193
793.629150
667.871460
636.518555
1186.869141
1195.861816
985.827698
400.664612
454.745239
778.844727
372.884369
584.945190
1060.714844
682.940552
732.836914
1072.738770
851.801880
588.895447
958.661377
1005.924011
878.808350
259.954865
1783.624512
1624.618042
196.834610
1374.534302
1093.733276
790.751221
1023.835083
983.774292
868.691772
373.882050
554.905090
993.659119
1081.819458
512.695496
1283.614868
541.930908
1174.692749
558.964539
364.464203
1235.718506
752.691772
695.826782
991.636047
979.799622
790.918457
1366.560059
751.596436
1176.681152
1600.741577
1021.710205
1254.719849
657.466980
691.758118
1235.763672
644.842468
2498.621338
1498.698730
2049.243896
576.953491
903.825378
689.911560
548.813416
1217.573364
628.759521
1136.363770
914.901428
572.784424
962.812500
848.760010
1133.502930
454.747528
537.852600
1330.886719
331.977417
682.724060
316.950256
543.901428
814.841980
959.618530
1021.648987
992.896362
769.785339
1140.295166
1079.740234
357.862244
1417.608887
338.865021
962.915222
916.848877
1117.782959
744.888489
573.881165
320.634216
847.635620
529.845642
664.680298
283.881592
453.801910
774.680298
747.876099
844.901855
1073.710693
512.883423
329.526398
1079.869629
515.945618
467.794067
1415.857178
1218.689087
1168.717163
1030.844727
934.953003
1022.780701
808.853027
837.808838
1412.486816
852.798706
826.786682
831.619446
952.758118
1198.841553
1000.513489
613.798706
647.731873
837.794556
1579.582642
1117.729614
867.736511
404.841980
1011.773804
1204.550781
803.801880
608.816650
793.672913
1047.868652
1060.896851
671.758606
1035.757690
854.812500
359.844299
995.698242
1460.377563
519.777466
1038.494141
1036.585815
744.818054
887.868225
1191.804199
807.670593
554.822205
764.727295
1117.548584
675.847046
952.797302
782.805115
395.948395
1246.774780
268.877472
722.815247
814.771057
541.756287
1012.750793
601.769226
803.577087
1046.571045
965.661377
1362.648071
437.906494
789.916626
1231.882568
490.947937
1301.638306
767.753052
883.941467
862.771057
595.982056
760.692749
724.822632
988.823547
1048.839233
1474.622192
1161.507080
660.906494
1384.876953
720.884399
535.818054
412.927673
321.763214
644.752136
562.705139
1032.731934
1005.718994
971.795471
1462.687256
824.864563
1037.713013
885.715271
911.866882
506.881134
821.606140
809.673828
462.875610
1230.689453
1412.818970
1130.872803
720.848877
529.759033
745.880676
683.670593
1715.460571
1022.702393
1363.545776
1441.786743
1105.818481
633.664185
1320.543457
2677.553223
565.724487
376.882050
714.403870
958.793152
880.787598
1074.751221
798.479858
1334.460938
1301.613892
897.864075
889.889465
893.888977
401.524109
1362.889404
1436.337036
668.826782
1103.714355
554.600098
469.810669
931.774292
603.859497
1450.849854
676.587708
1120.772827
640.818054
874.837830
734.742493
517.785767
1078.599609
1009.843384
634.949768
545.823547
660.783020
976.563293
968.659119
782.859924
842.802368
865.823547
1021.630981
1133.646606
581.812500
1349.725464
218.588608
610.854858
1385.828125
934.792236
789.672913
737.842896
717.721313
888.661377
576.793640
446.878845
1116.642090
545.830444
329.879303
811.599182
653.935059
892.756287
1050.917969
907.485413
1130.772827
310.947937
1039.665527
1081.713867
841.846130
1777.885742
528.852112
597.755371
706.743835
980.880676
894.798218
1411.579834
1061.899170
1391.793213
670.784424
373.812958
782.000000
644.742493
750.831848
208.812500
624.566040
1791.495117
852.682129
1420.492798
532.819885
2428.655518
1232.689941
709.762268
1402.831421
1118.551758
698.790405
561.869629
833.748901
932.761841
640.830444
1008.812073
434.838287
1140.879761
1315.913818
485.779785
717.847961
765.889893
794.827271
960.841064
589.898193
931.773804
1210.563232
707.835999
467.678436
1159.573853
737.871948
1142.911133
320.682129
1210.704224
933.767334
1088.785767
583.846619
437.722198
256.882538
451.661407
574.804199
559.795471
985.870544
1773.668335
551.800537
763.771057
1815.194214
1047.682617
767.810669
679.855835
984.844299
759.723572
895.735596
1312.780273
1036.910645
760.676575
549.871460
673.830933
605.831848
1200.578003
561.827698
930.562317
457.901428
1010.742920
549.740173
1695.575195
437.695953
432.725891
574.837830
1812.605713
668.593689
563.755859
436.881134
529.433350
919.916138
284.904633
761.944702
406.694092
1522.711670
512.841553
883.928162
1237.854370
692.690857
957.758118
897.617188
812.760437
407.871002
418.817566
1155.710205
663.785339
1105.802368
2077.617676
1104.676147
646.771973
650.698242
534.827271
277.873779
430.697784
871.794556
646.825378
897.734619
711.888489
972.600098
248.761368
847.791321
545.836914
937.712524
1470.729614
1190.780762
452.766418
1116.606567
940.671082
607.663696
1191.706543
821.813416
361.683044
779.604248
1261.600098
1135.873779
323.707458
778.771057
595.766907
916.912964
1371.615356
640.845215
724.971008
1162.654053
644.638794
642.906921
2268.864014
398.875610
966.691772
344.701477
854.841064
840.871948
1980.409424
809.449036
721.707947
292.737854
1820.640259
698.681641
629.744324
612.894043
895.592285
957.719421
683.754456
2249.698242
580.720825
553.789490
1011.705139
1194.699585
662.770569
474.848907
729.776123
926.620422
1079.797241
1167.744263
710.824463
845.847961
576.913879
939.766907
578.789490
881.871033
1380.568359
754.709290
876.855835
1086.852539
973.749878
1193.664673
356.643890
1096.859985
747.835999
712.728638
509.830017
781.891296
956.860413
531.889893
717.937378
1101.727295
766.800537
793.845642
704.670166
858.799133
791.718994
1107.755859
848.837402
331.876068
822.798706
1301.405762
1186.777466
465.800995
511.730042
1200.589966
786.752136
762.674744
475.770569
802.752136
929.812988
859.618103
854.901428
630.809753
1069.705200
459.855804
463.874237
672.833252
1260.801025
857.834595
366.899109
392.889435
1209.660034
370.903259
836.888977
579.799133
1454.672485
1039.649414
952.783936
633.625916
400.748474
613.829102
824.813416
929.970032
1484.677490
984.831848
1336.555420
839.735107
853.742493
1104.736450
586.779358
1134.771484
703.900940
1107.831421
924.769653
1498.691772
826.832764
284.720367
616.741089
603.879761
748.817139
783.582642
184.776566
1079.748047
607.657227
1227.766479
1023.874695
1047.782593
615.878845
425.812500
498.770569
1083.929932
1358.817139
1399.808838
746.894958
1043.725952
1134.928589
426.868713
2118.763672
737.729126
573.947021
411.903717
476.930450
1013.800049
1742.649414
505.753540
625.869629
1180.880249
423.890350
669.654053
800.859924
391.737396
1213.840088
712.778870
778.830444
830.763184
1224.607910
546.781189
714.831360
1130.859985
1117.503784
574.750305
1055.788574
481.854431
394.806061
1586.744263
609.735107
241.718979
751.841064
576.781616
864.776550
807.868713
1010.520447
745.853027
699.830017
1037.665527
747.888489
1188.582153
366.774719
984.640198
1169.348633
1622.448608
1046.849365
385.803284
779.766418
289.909698
725.666931
546.779358
1858.787109
547.866394
721.835510
753.782104
1302.625977
563.505676
399.762756
591.913879
1077.760498
769.891724
779.524597
1911.669678
1036.747559
358.990326
1126.754028
793.841064
788.818054
658.768738
662.700073
1438.887573
1369.870117
667.787170
579.904175
688.735107
395.809265
1151.815674
1787.680298
994.789917
1097.770996
769.812012
1370.685791
859.942871
640.813416
394.902344
535.949768
873.799622
589.545776
472.842896
1052.679321
1533.704224
1057.777954
1679.754028
949.814331
1429.394165
654.793152
693.872375
488.624084
566.847534
492.854889
535.866882
670.904663
831.888977
1111.848389
911.981567
1070.629639
785.917542
602.794983
924.670166
848.742493
711.789917
1378.634277
995.853516
792.830933
1095.671997
761.487732
977.713013
886.705139
613.734619
493.788544
540.982056
1817.560547
241.735565
995.703796
659.870117
978.716248
755.827698
956.632385
936.713440
543.841980
986.855347
891.769653
971.595520
1069.807495
1277.783081
1012.715271
1002.820801
866.477112
438.613007
789.786682
864.716675
1433.613037
447.715302
845.934143
950.920776
674.832336
795.888489
681.742920
1113.594604
395.841522
484.726349
957.843811
403.877930
1246.687622
700.901428
695.777954
670.836487
1222.638306
1001.642029
2022.517212
571.841980
1235.747070
703.707458
647.868713
814.792236
770.780273
873.642029
1341.745239
914.766907
1079.715332
907.559570
606.745239
700.852600
831.871460
1236.858154
602.485413
1809.691772
2025.584961
1167.607056
554.691772
265.903717
1435.502930
786.588135
1456.771484
570.822632
2115.520508
725.784851
647.773315
1366.629150
495.896332
505.886658
1020.559570
943.806946
1530.948853
1022.887573
824.841553
366.895874
900.889893
907.754456
1090.527344
557.791321
564.893127
1452.547119
533.847046
920.554504
393.774261
901.821228
1079.614380
644.903748
656.842896
366.770569
807.905090
874.872375
261.955780
502.840149
874.856262
603.768250
1164.552246
328.877930
298.755371
866.750793
811.693665
1200.802368
1447.734131
1507.617188
875.860901
187.940567
745.737854
891.810669
706.595947
496.912018
579.702881
657.628235
602.899597
739.859497
753.793152
1057.713501
642.932739
2100.548096
929.757202
674.860901
374.741547
1424.566528
530.945618
1015.792664
829.829529
746.972351
707.906494
1102.772461
995.700073
706.773804
655.884827
1043.796875
821.666931
835.847046
1472.613525
606.765503
943.858093
428.825409
823.724060
756.788574
489.734650
1490.662720
222.886215
794.845642
1006.823547
764.747986
864.728210
135.854889
1047.625977
1772.605225
511.779327
737.512573
515.810181
1278.741089
772.866394
1483.420044
983.650818
744.635620
974.863647
466.935974
769.773804
1180.539795
757.783020
1194.707031
1215.902344
463.931824
1522.738770
749.772400
551.630554
1109.695923
1013.687683
721.953918
1192.638306
2030.664185
764.493225
822.863647
940.747986
932.747559
1123.666016
847.712097
563.823547
2021.684937
815.927185
962.858093
1440.689941
1004.846619
1297.586304
766.842468
1068.797729
257.858093
708.655884
498.859497
427.941956
351.735565
731.629150
876.632813
595.643860
1010.724487
1371.777466
763.596924
862.800537
1008.551758
533.973755
439.767365
722.698730
1329.537964
1126.937378
469.926758
807.773804
1095.860474
1953.850708
972.514893
1191.733276
800.738770
873.811096
954.555420
1018.797302
475.778870
742.913391
422.851654
1695.586304
464.794983
1073.678955
977.542053
834.733704
1099.873291
930.828613
900.875610
1026.781128
446.887146
1070.824951
865.873291
570.690857
760.830933
642.801453
2154.513428
1180.774292
536.930908
1628.420044
1285.764648
745.889893
986.857178
764.812988
619.906006
560.858582
1744.677979
1074.834595
974.794983
667.800964
802.667847
767.839661
458.777039
872.799622
580.639771
1401.953491
939.924927
608.787170
1473.868652
1910.615356
875.746155
903.870544
792.837830
601.899597
739.759521
806.660461
1079.703735
348.895416
999.863647
625.795471
935.619934
1168.732788
1632.592773
982.651733
812.637451
1225.704224
871.850769
660.595520
461.731415
715.731873
1266.745239
1015.619446
725.789490
1052.789917
1954.601074
1198.649902
680.828186
1267.852539
700.812988
1496.794556
1264.653076
1313.636475
1740.678467
1667.479004
1676.540283
1016.711609
440.747070
1127.777466
1039.810669
1358.817627
957.781189
410.843353
2088.684326
1344.700562
372.903259
577.802368
1233.772827
518.894958
891.698730
560.577087
1455.707520
1181.632813
564.578491
2325.382568
715.870544
511.671997
851.791321
994.821228
974.648010
960.812500
749.654480
817.775208
1193.608887
1407.471558
518.875183
796.615356
850.756287
1621.552246
1416.555908
1352.457275
221.930893
1165.545776
1174.596436
795.877441
928.617615
367.859955
1095.653564
1164.720337
539.816650
2608.241699
982.664185
499.906494
545.904175
646.726379
586.741577
800.433350
1031.851685
367.835541
1390.680298
683.677063
407.801453
898.826782
874.599670
782.808350
781.846130
899.613464
547.960815
743.763672
1344.796387
1629.703735
866.766907
562.807922
970.861816
735.868713
934.729126
2524.274902
1418.829102
927.831848
971.730957
1323.704224
369.754913
576.745728
1084.649414
527.872375
948.689026
2094.668213
484.810669
758.646179
1032.952515
1068.812012
839.755371
469.882080
545.796814
943.866394
1033.921265
1247.791748
1020.584473
1084.423706
935.879761
537.924927
625.656311
819.682617
917.816162
741.765503
1133.683472
1681.630127
1285.848389
1327.741577
810.675659
380.821716
1012.800537
661.592285
809.576172
1725.721313
1569.836426
841.761353
1280.579346
529.919861
899.521790
599.771057
1000.741089
1001.788086
790.876099
1359.876953
1206.769653
861.636963
858.910156
678.750305
677.868713
761.887573
1145.724487
672.847534
849.905090
370.836914
560.695496
1629.666870
1097.671997
1917.315918
256.903717
460.690430
1300.473877
737.765991
1098.676636
503.841522
454.934570
783.685791
653.705139
554.685791
1705.510254
686.635132
381.685364
725.830017
224.859497
923.752136
413.672455
714.514404
1826.653076
1017.883423
888.765076
655.544861
1168.744263
1053.761841
923.923096
1346.649902
237.740173
410.835999
422.984802
1089.947510
1153.780273
1551.732788
1911.588135
625.889465
582.554077
2038.476685
978.758606
274.876068
486.711151
504.911560
1211.942383
1351.851196
1272.615845
1146.678955
1497.427368
629.883423
1225.742432
451.933655
546.957642
869.688599
1288.698242
472.816193
449.783020
937.860901
1997.688110
621.796814
693.965454
1237.625488
1411.173096
737.760010
720.683960
478.854889
397.814789
1323.642944
798.789917
912.777954
791.882507
1190.693604
528.919861
898.784851
787.866394
759.830017
1065.648438
844.337097
676.900024
320.791321
1572.732788
487.687653
1333.729614
1319.594604
1078.620361
1593.691772
809.826782
763.729126
591.897705
608.848450
638.881165
799.892639
1000.909241
254.884827
350.806519
1331.526367
822.722229
1137.867310
703.754944
1039.464722
702.855347
601.800049
986.781616
1022.696899
990.641113
454.915710
793.737854
845.825867
1030.771484
1296.714844
537.721313
1157.712524
668.555420
435.761353
568.742920
1508.727783
1562.713867
355.885284
1028.867310
621.784851
583.806946
896.845215
799.759033
1130.778931
899.959900
269.853027
839.753540
939.549011
650.875183
739.555420
1116.724976
887.831848
873.718506
1105.399292
630.000000
1481.737427
1448.583130
953.790833
608.731445
547.564209
760.974670
792.800049
2425.596436
956.812500
864.530579
1327.693237
735.774719
399.703308
630.740662
664.810181
1234.762695
850.540710
373.671082
1018.849792
696.837830
520.716187
831.648010
350.801910
1043.803711
911.765076
1636.503418
950.752625
1039.847046
896.660950
1121.741089
1035.877441
780.653564
521.820313
276.872864
1344.776978
290.878845
807.588623
764.906006
1045.820313
1663.710205
575.831848
1620.620361
1343.793579
1169.720337
300.906494
478.675690
750.912476
1109.768311
909.832764
613.471130
684.701965
592.713440
1219.843384
718.790833
486.795929
367.897736
1902.799194
1194.813477
706.939636
1504.572021
1187.846191
264.846588
1352.716187
946.757690
1324.618530
1214.855347
640.906921
561.938721
572.535645
1692.411255
528.753052
1440.659546
538.800964
1380.602417
632.886230
1131.766846
1309.587646
961.832764
559.866882
794.811096
449.904633
1274.452759
944.724060
811.902771
780.747986
602.828186
1112.634155
1156.865479
489.863647
1140.495972
539.836487
1103.627319
680.703796
1362.621338
704.826294
591.765991
704.754456
1045.694092
1170.781616
428.785309
1003.711609
585.828186
894.652161
507.868713
1486.606079
662.946106
914.684448
826.864075
1491.717163
332.744324
919.854858
811.874207
836.816650
652.795898
1139.839233
547.937805
1099.372070
1285.669678
387.763672
1238.960327
913.734619
504.756287
734.906494
1051.819458
987.864075
864.674744
383.903717
514.871460
413.848419
957.769226
605.665100
602.814819
793.735596
631.787598
1210.640625
1320.389160
709.774719
877.797791
1164.543945
620.915710
864.786255
1045.758545
1053.770996
985.808350
716.935974
1237.798218
1213.806519
1915.307129
673.805603
577.788574
707.821716
1199.766479
767.681641
437.713898
993.781189
713.954407
1575.689453
613.834167
1273.705200
1598.682617
1698.848389
814.632813
1072.821289
1580.535156
932.847961
852.744751
258.907410
505.839691
758.812012
2241.468018
868.588623
1229.703369
567.797302
654.759033
387.862244
729.431030
493.965912
778.845215
928.585815
413.832764
1170.871460
1115.812012
1419.690430
462.701935
700.654968
1279.664185
943.000000
582.852112
1002.776550
700.718994
1083.655884
984.877930
790.531006
1658.711670
517.936401
576.805603
582.876099
619.720825
461.885742
699.748474
480.810669
2554.729492
1265.713501
816.547119
363.699158
722.899597
822.759033
819.846130
1633.843872
812.833252
1165.560913
592.880249
740.923096
2613.313477
566.932251
958.827698
1156.796387
1244.704224
1035.652222
631.834167
460.676605
792.837402
1030.914307
588.930420
893.862244
830.612549
1143.895020
593.950684
912.667358
703.821228
1713.687256
351.844757
674.772888
1196.727783
405.682587
476.843842
2040.270264
969.831421
448.740173
528.886230
1345.692261
745.709290
635.863647
981.809265
545.911072
1081.748047
1236.560547
1120.782593
728.675232
375.753082
593.861328
667.723572
406.824951
1235.591797
989.769226
453.867310
800.750305
511.832306
1177.931763
1273.717651
1065.931396
383.873322
662.830444
1261.752197
450.750763
510.961761
687.824951
943.874207
582.917053
974.837402
524.892639
418.871460
778.760437
792.860901
854.642517
1089.809692
1239.865479
865.753967
559.993103
193.610260
1238.659058
731.765076
859.852600
356.817566
438.815277
898.827698
1076.760010
861.893555
955.823120
1017.668335
433.875153
914.609314
502.568787
706.858582
376.861786
971.711609
685.910156
974.678894
890.874695
758.778870
767.792664
1478.598267
763.706543
840.830933
578.931824
715.892639
601.613037
793.807434
633.838318
399.598267
1083.824463
693.741577
2104.235840
854.800537
825.859009
1186.820313
987.648499
734.822632
1018.844299
1252.698242
867.861816
698.851196
1386.723999
781.919861
717.791321
340.867798
943.755371
1071.880249
714.703308
825.910156
543.778381
585.901428
630.625916
446.801453
388.844757
886.922607
543.888977
447.859497
845.865051
1061.814331
836.678467
654.807922
461.853027
770.888977
498.817566
623.864075
589.848877
645.879761
1140.735596
1223.637939
827.646179
554.853516
602.941956
1039.871460
1069.527344
758.835999
1429.776978
695.757202
932.687195
933.714844
1103.798706
973.695496
714.734619
1096.530151
919.881165
1026.848877
959.818970
638.824036
1266.863159
543.750305
732.664612
388.733734
828.483093
828.790405
1084.767822
892.707458
1885.720337
1516.829590
798.991699
775.606140
873.890808
1880.560913
553.829102
700.934570
933.437012
803.815247
319.828613
528.861816
673.902771
655.862732
934.626831
618.818481
670.957642
456.756744
796.829102
782.771973
1715.648560
690.891296
1140.673828
2484.608398
566.873779
1589.843872
520.841980
784.964050
794.715759
329.862244
364.876526
906.780273
872.711121
219.818954
924.872864
355.915222
264.943787
471.810669
613.557251
953.504272
832.721313
1428.791748
712.772888
1768.343994
187.848892
448.764587
934.738342
1071.889893
836.822632
405.819885
615.806519
788.744324
558.882080
926.891296
417.805603
361.965912
793.592285
782.600586
1449.527344
504.952545
1369.766479
1187.735107
778.953918
1994.566528
908.771484
476.777496
916.726379
459.858582
1643.557739
1352.650391
964.819885
824.712097
867.745239
918.856750
1010.845703
564.809265
480.817108
665.742004
707.668335
1312.857178
869.756287
1211.881104
889.765991
402.741547
837.824463
602.764587
587.886658
845.770142
581.880676
458.782562
1466.581299
813.780273
833.938721
1192.742065
1117.448608
1521.730469
502.888977
1294.707886
1355.852173
790.699646
658.780701
779.760925
1003.707947
342.789917
1001.928162
1828.487305
897.838318
131.795456
911.706543
541.731873
1647.528687
990.852600
808.841064
368.931824
743.841064
812.807434
839.640198
1056.801880
589.794067
566.922607
708.820801
293.707458
406.777039
1874.667847
990.693176
643.844299
1420.837891
637.859924
539.725403
1296.735107
850.828186
396.897736
479.711151
1072.581665
908.795898
971.812073
568.798706
601.747070
1017.725403
2017.307617
645.826294
1649.573364
1117.616699
680.724060
402.880219
742.820801
1756.933228
1417.000000
1012.610718
1177.675659
1547.688599
889.813904
843.827271
293.943329
1198.701538
1137.536987
482.843353
321.809265
504.878845
402.783478
1563.771973
1066.884399
657.906006
892.926758
1154.652588
828.908325
691.752625
434.802368
1267.776123
930.888977
1074.679321
596.833252
787.670166
410.658630
1175.636963
1062.843872
725.623596
647.842468
705.780701
1606.783447
795.870544
1867.581665
818.544373
336.921692
573.817078
985.564209
1084.607056
586.813904
480.888062
584.736023
1135.713501
1099.802856
490.852112
1066.860840
702.869629
2919.447266
1007.849365
837.779358
877.877930
882.736511
603.698730
752.587708
365.675201
915.712097
976.775208
1126.817627
1062.701050
769.777039
563.867310
1618.755859
1058.663696
633.669250
1446.685791
1146.711182
523.675659
596.819397
836.728210
954.822205
951.793640
425.713440
701.852600
361.810211
2103.764648
754.898682
350.966370
881.729553
830.558655
708.930420
815.647095
771.765991
794.613037
406.832306
1122.879761
946.819397
573.868713
902.862244
680.831360
546.671509
903.949768
791.863647
489.753540
1093.757202
715.930908
1008.675232
1114.435181
686.788574
523.812988
617.892639
565.829102
649.705627
1420.815308
951.605652
522.696838
688.764099
811.866882
1222.726318
1860.352783
566.808838
900.789001
757.783020
580.739685
1157.775146
1080.688110
752.502441
582.818970
930.802368
801.479431
651.778381
1023.212708
966.871460
1197.771973
454.815277
929.813416
475.552673
1321.841064
1049.811157
946.633301
1238.605713
685.851685
1006.774292
1307.736938
841.871460
418.682587
759.950684
316.649414
837.660461
1630.606567
943.755859
1273.639282
1018.842896
1532.827759
561.777466
1156.679321
3346.192871
901.734192
618.877930
683.787170
876.649414
575.692261
1100.779297
971.825378
570.832336
636.853943
694.707458
1129.793213
550.838745
706.852112
668.875610
685.731873
991.531494
1166.700562
969.835083
878.853943
707.749878
652.857666
632.871948
1528.710693
835.699646
794.826294
385.912933
907.580322
848.731873
1417.674805
641.740662
698.896790
325.704712
686.736511
874.747986
790.716675
1236.548950
1094.573853
971.791321
712.666443
649.744324
816.797791
312.866394
543.761841
901.833679
1271.586792
536.725403
846.877930
1019.767334
664.866882
741.763672
1272.689453
1387.774292
782.824463
1463.859497
881.812500
1226.729126
1015.861328
830.674316
777.719910
577.846130
688.721741
317.818481
403.802368
954.882996
1026.742065
666.796814
963.587219
1441.429199
616.844727
1200.713867
506.886200
1454.277588
772.945190
214.736481
1225.709351
1099.442993
1874.637939
591.832336
1005.655396
783.850281
966.417236
305.932281
1766.623169
490.893127
417.869629
555.699646
1057.426880
1482.485840
1096.861816
862.939636
504.711151
2378.418213
682.767334
1173.839233
479.803284
537.794556
678.755859
1140.730957
447.677521
876.794067
952.794556
745.786255
399.784393
1198.646606
1046.847534
546.883423
510.697327
1084.780762
1045.768311
1102.713501
976.838318
456.896332
528.749817
511.856720
742.611206
967.821228
704.756775
1410.833740
381.792694
692.842468
545.836487
1220.748901
922.684875
1036.700562
281.906952
823.809753
1405.782104
330.728668
668.749390
1175.705566
496.823547
734.743408
876.595947
800.721741
654.848877
920.727295
1118.554565
642.747986
710.874695
1148.840576
963.666016
921.627319
443.810669
958.589539
1130.574341
675.831848
759.760010
938.775208
792.856750
1271.369751
1055.842896
547.671509
713.795898
663.904663
1671.532837
1149.805542
860.665100
910.771973
488.945648
628.746155
720.612122
1207.841064
789.879761
1167.661865
959.877014
632.765503
1069.980713
850.987122
1069.848389
672.878357
249.897263
1025.775635
337.748474
921.580750
1616.562378
740.789490
689.818054
357.708832
543.801880
586.641113
1022.635620
1330.655884
642.807434
941.621338
1663.796387
242.937347
494.740631
404.907410
957.771973
840.772888
1014.788086
980.747559
110.817108
957.710205
495.747070
644.729126
1206.808838
577.932251
840.865479
976.765076
624.780701
994.944275
853.723572
1002.767822
528.826782
620.839233
608.845215
1116.426025
980.576599
633.787170
635.871460
411.877930
449.788544
1220.559570
1083.865967
976.487244
435.621765
1129.682129
502.894958
926.818054
1556.722656
764.662781
498.657715
545.771484
774.809265
1080.852539
416.882080
497.673370
886.723572
775.899109
424.634674
462.818024
819.621338
765.724487
521.763672
695.861816
843.549927
1181.684937
951.534241
1295.753052
673.771484
772.519958
120.890358
1390.854858
640.818054
439.865479
999.812988
1272.623169
467.894043
672.686279
667.881592
644.735596
877.886230
844.776123
724.709290
634.844727
812.770569
275.843353
2047.626831
778.575684
779.815247
1081.771973
736.894043
826.765991
1061.824463
260.756744
858.763672
902.560974
497.660919
696.599182
779.878845
461.835999
853.794983
714.801880
455.838287
828.795898
314.892212
563.745728
478.828613
1197.830444
1059.800049
882.789001
678.542053
678.826294
429.674286
1204.821777
480.849365
498.772888
788.723145
845.819885
716.705627
663.802368
646.413086
1043.767334
820.702881
412.749390
411.922607
955.651245
742.913391
728.603821
611.847961
1066.787598
633.854858
796.877014
1122.827271
627.664185
407.736023
961.792236
1123.789429
474.825409
1239.782593
640.971436
595.782104
916.746643
657.883423
276.698700
415.712067
676.695496
887.885742
1415.529175
1124.902832
958.819885
1345.726318
621.940552
652.777466
638.717590
1940.739258
449.701019
620.628235
1067.712036
761.773315
566.868713
644.760437
956.871460
657.745239
418.823090
1040.744751
262.835541
668.770142
859.664185
770.888062
605.800964
927.752136
2327.408447
910.730530
620.963135
351.712982
1574.622681
2490.430176
796.784424
1611.894531
871.852600
1652.506104
995.899597
437.858582
1560.492798
110.765968
771.811096
440.786713
781.852600
232.852112
753.817566
665.599182
534.769226
634.917053
1083.594604
264.847046
757.919373
516.808350
878.627747
575.765991
580.791321
1011.736023
375.807434
776.920288
1142.775146
1032.661377
1250.841553
796.950256
739.966858
383.859955
1992.617676
788.715271
965.807434
779.512573
709.705627
1315.774780
929.691772
893.805603
1232.545288
333.840149
469.862244
1050.723145
479.744781
1167.854370
2099.525391
1020.770569
745.639282
669.912903
690.723572
738.664612
495.780701
785.806519
1002.844727
900.707031
632.774292
1199.837891
741.802856
677.728638
550.796814
820.841064
848.864075
1745.701050
1300.856689
880.881165
663.583069
999.694580
1582.553589
973.785767
821.619446
1571.828125
562.993103
624.764587
302.949799
950.846619
568.859009
603.874207
1053.683960
2167.508057
763.583984
879.667358
899.793152
1616.583984
794.825867
345.861786
1785.803711
543.619019
812.848450
411.735565
804.639771
755.944702
713.585388
832.865051
1139.636108
1192.876587
530.703796
1434.863159
363.850281
951.880249
1036.789429
737.850281
529.729126
1096.776611
492.902802
467.619019
2159.597900
920.754456
856.877441
731.797729
613.792664
1097.637451
850.785339
660.833252
1615.573853
689.760437
873.910645
667.815247
860.853516
653.798706
453.883911
692.727722
646.782532
810.839661
933.740662
818.833679
947.951660
1140.695435
1073.628662
336.931824
487.835083
698.658630
891.724060
698.760437
765.658142
1184.694580
703.820801
1239.791748
358.856720
800.895874
526.578491
321.827698
608.682556
689.847961
957.741577
914.830933
721.915710
1130.901001
573.807922
480.902802
579.868713
917.794067
405.930908
763.686279
997.839233
583.801453
907.784424
857.852112
1077.834106
655.688599
686.897705
605.742004
1394.577515
598.705139
613.707458
1165.623169
393.859039
1456.541138
641.760925
542.794067
728.828186
1016.687683
562.771973
509.787628
1824.536133
554.896790
1003.744812
1049.734619
315.838745
590.924438
666.820313
1439.723633
1250.741577
1107.613892
636.867310
502.904633
694.852112
1299.807495
377.845673
720.705627
516.867310
698.720825
475.768280
500.686737
965.652649
545.830017
945.744751
571.767822
1426.613037
445.788086
360.752625
1686.559570
534.771973
796.804688
1047.625000
875.815735
1560.744751
549.727295
528.796814
922.703308
726.909241
994.848877
472.739258
1207.829590
878.832336
531.853516
526.859009
784.718079
997.807434
1399.491821
533.986633
2193.341797
557.650818
1041.838257
735.717163
972.628662
2752.324707
1477.540283
1241.610718
990.743835
1068.719849
964.751221
1092.673340
583.800049
715.673401
1003.825378
758.671082
652.698730
453.944244
897.800537
520.650330
1762.449951
1604.420044
955.791748
1296.648926
690.693176
563.898621
500.739716
696.821716
484.828156
991.954834
1159.659546
1078.664673
275.757202
428.857635
640.863159
535.811584
1125.773315
2040.787109
508.693176
1038.760498
859.780701
408.988037
1776.705200
1081.963623
453.901886
1951.808350
1054.692261
1472.502930
1010.839233
735.768738
1045.662720
390.772430
1008.746155
567.912903
1044.559570
653.900940
667.842468
421.927673
350.851196
1482.310791
1008.832336
439.776581
593.741089
653.667847
574.868713
618.871948
634.742004
925.756287
518.868713
1165.666504
1689.707886
1148.811157
445.571106
598.843384
960.654480
676.638367
549.779785
908.764587
319.908325
586.736938
413.859039
506.689972
894.519958
1046.529175
980.899597
704.807434
182.835068
665.917053
1880.634644
966.692749
900.679810
547.917542
863.801880
733.815735
759.736938
764.882507
1166.709351
1096.774780
517.853027
826.771057
979.901428
566.877930
973.645752
775.780273
921.908813
838.764587
669.699158
246.807892
367.885742
778.673828
1160.935547
695.571533
977.911072
1740.883911
378.841522
1135.789917
1027.642456
1076.712524
639.760437
412.837830
1089.693237
736.767334
1333.393677
641.509338
749.630554
1780.792725
616.934570
972.669250
999.864563
1298.717163
1037.613525
122.956238
671.735107
1378.660522
1233.794067
403.654480
660.838745
1107.821289
720.900513
618.668762
988.857666
990.702881
419.824005
813.858582
1148.658691
651.897278
470.410767
847.850769
1057.733276
899.683533
461.779327
665.632813
792.806519
808.696838
438.791321
875.812012
1203.765015
746.800049
833.848450
481.783478
465.830017
1414.690430
792.501526
856.708374
935.848877
352.775635
1473.883911
631.837402
1169.818970
1087.813477
817.820801
793.653076
784.736023
464.553131
1040.669678
1882.741089
563.818481
358.768738
1016.550842
1600.641602
1165.857178
1344.371216
703.669678
651.747986
830.784424
546.714844
984.846619
642.857666
840.830444
1011.698730
1035.894531
1044.474854
987.893127
949.664612
1718.773315
270.711609
582.921204
578.755371
532.900940
2012.618042
1550.757202
715.809265
652.645264
1423.579834
1243.619995
595.736023
1172.797241
1547.504761
622.816162
424.758148
829.800537
464.657715
589.721741
835.732361
364.821259
692.616699
825.713440
909.704224
922.697815
908.818481
582.842896
294.932739
1722.765991
524.869629
803.780273
434.639282
793.890381
769.697327
616.907837
861.825867
436.771027
773.950256
1388.677490
1465.588623
740.812500
522.908325
495.867798
906.822632
632.957153
599.960388
734.769226
471.859497
852.958984
485.814819
1828.607544
731.929993
780.713440
540.895874
585.905579
621.875183
860.767822
806.824951
470.924438
1145.430542
1331.692749
1371.607056
467.858124
1361.000000
314.920776
1304.822144
1051.000000
492.792694
837.876099
569.877930
683.787170
627.824036
393.940582
570.818054
1172.684448
808.785767
513.877930
918.738342
917.603333
822.781616
1184.548950
311.863647
887.738770
282.864105
976.633728
511.787628
1325.562866
795.750305
2443.770996
680.871033
2454.410889
767.929077
272.687653
587.617188
1045.824951
842.856750
473.771484
948.817139
639.589050
590.834167
271.846130
414.947021
1263.833252
608.680298
1080.732788
1092.784424
1424.723633
794.689941
321.936890
1150.807495
1210.650757
385.881592
1043.787109
1228.781128
444.776093
540.729553
833.709290
1127.718994
388.742950
419.885284
1252.507935
1253.642090
850.730530
646.642517
281.851654
570.738342
911.882080
2006.167480
595.806946
886.874695
1009.583984
1037.764160
691.869141
341.844299
1256.690918
760.902771
2075.644775
1660.575684
489.862244
679.891724
611.860901
961.857666
836.858093
935.761841
383.948853
467.855804
1056.612061
1168.540283
2171.383545
971.780273
403.764130
1316.791748
1418.763672
821.751221
1531.196533
681.871460
914.800964
923.708374
864.794983
948.842468
1169.825439
427.724976
436.790375
1237.732300
576.736023
528.712097
939.792664
759.625916
850.650330
597.822205
435.783936
896.667847
766.691772
832.845215
729.833679
547.758606
1131.504761
1318.502930
749.666016
1034.745728
686.000000
158.853958
866.725891
512.765991
865.799622
798.844299
825.848877
1055.387329
876.855347
427.773804
1512.480835
876.806519
1651.651733
715.828613
1143.744263
436.668304
1144.677979
672.781616
510.793152
915.882507
439.957153
550.877930
1186.732300
478.626831
907.598267
662.809265
495.568787
1497.590942
820.713013
919.745239
804.752136
487.724518
634.796387
840.829102
777.738770
808.870544
1642.775146
630.800537
865.807922
1121.787598
567.724487
1012.414917
337.869629
1037.538452
871.707031
551.846619
546.835999
553.639282
1777.587646
653.836914
679.634705
781.817566
907.774292
609.786255
682.929993
750.747070
696.760925
615.772888
778.933655
688.894958
463.873779
545.782532
1484.850342
1872.524536
1276.674805
468.657715
1226.735107
1217.895020
1112.892212
1011.749390
517.736023
446.834625
1099.632324
862.766907
670.547607
505.806976
501.757233
402.841064
1543.595947
870.702881
775.832336
815.886658
593.698730
837.820313
1024.727783
745.699158
470.853973
523.796387
1175.884399
376.888062
773.827698
907.616699
577.858093
866.674744
1024.770630
387.959473
1632.776611
643.771484
827.719910
608.938721
1079.877441
609.824951
762.781189
503.896820
711.813904
979.880676
757.937378
1943.818970
473.891754
1046.787598
549.761841
942.681213
652.885742
1127.749390
1333.476196
280.933655
295.790833
586.900024
548.854858
1019.780701
915.784851
959.866394
972.923096
342.870087
521.849792
189.871933
554.771973
922.771057
722.903259
691.850281
518.794556
379.801910
806.925354
1436.684937
600.846619
541.665527
397.699158
1830.805176
770.900940
912.852600
438.860413
524.861328
794.616699
1010.827271
1142.593628
1218.651245
1008.686279
842.479858
930.574341
962.755859
1572.482666
487.817108
860.847046
1264.789063
828.566040
1291.823120
1532.753052
921.745728
868.927185
1139.447632
782.706543
1389.543945
311.852570
413.919830
460.915710
907.509827
738.683533
820.885315
541.770142
785.929993
658.871033
449.758606
753.901855
245.549911
974.748474
474.785309
1349.745728
501.826782
877.943359
1303.894043
828.774719
2074.683105
870.846130
682.692749
403.866394
787.690857
799.800964
666.686279
951.725891
1115.919434
470.696869
926.735596
1210.696899
469.853973
1476.614380
965.747986
775.900024
686.791321
657.654053
519.625916
672.881592
464.831390
2369.504395
861.780273
665.562805
515.781189
594.677490
701.630066
1191.583496
853.801453
600.825867
899.703796
757.688110
1573.471191
804.624084
1517.706055
692.895874
1128.524536
736.622681
1787.611206
530.854858
951.716248
1350.782104
323.910156
727.859924
828.806946
747.643860
1361.790894
1004.716675
725.797302
2433.178711
440.719452
738.707947
643.893555
1359.507935
1198.708862
1349.271606
359.811127
630.859497
905.559570
653.866394
738.707947
463.769653
667.785767
417.916168
1125.569702
484.830933
971.868225
1351.467896
1081.698242
690.906921
1571.495605
846.776123
1150.642944
825.770569
761.850769
734.910645
540.595032
405.689026
683.847961
1526.549927
737.844299
635.826294
558.912903
847.830444
2007.204834
856.806030
752.807434
476.706085
773.869629
847.725891
1783.756348
836.744751
1350.955322
753.572510
964.747559
921.701477
904.858093
837.618530
482.722656
848.971436
1186.902344
774.630981
781.781189
956.886230
696.638367
791.745728
1119.757690
1237.722656
698.896362
941.768250
536.896362
1322.861816
246.947937
541.868713
548.691772
377.840607
1028.755371
332.847046
825.893127
253.847977
841.807922
428.933197
1455.662354
644.859497
926.601501
1341.642090
507.829559
771.769226
654.810669
898.933228
1129.827759
1192.784424
953.849792
687.894958
385.907867
1001.744324
608.578003
830.807434
764.858093
1443.529663
1158.767822
1417.658203
495.689026
1468.881592
651.841064
526.654968
502.855347
301.955780
618.832764
760.732361
964.746643
636.836487
727.593689
897.775208
549.736938
1077.595093
1389.642090
719.820313
632.937805
729.791321
868.852112
738.729553
816.627747
972.805115
640.924927
660.898621
480.828613
827.734619
665.885315
890.890808
442.959473
854.779358
1404.508911
387.931366
1612.648560
906.835083
758.730469
917.786682
394.763214
780.873779
707.724976
935.677490
729.750305
629.847046
1443.834595
508.857178
667.800964
1025.848389
782.811096
1166.923096
1086.666016
690.725891
561.622253
894.656311
780.916138
790.832336
1491.582153
1461.844727
674.702393
782.796387
970.744751
1072.839233
780.622681
950.708862
802.875610
731.884827
725.568359
1236.802368
855.834167
582.783447
646.783508
910.733704
375.907410
640.840149
861.893555
1046.517212
660.720825
523.867310
869.798706
1407.504272
499.853027
514.930420
1129.736938
1021.652161
914.430603
293.814789
468.567871
1820.502441
2962.904541
734.948425
886.344910
942.654968
356.728668
753.742493
349.919373
458.756744
2050.606201
803.526855
1300.934082
731.776550
494.759064
1332.770996
671.868225
1495.686279
707.790833
1307.698242
272.921234
826.870544
373.868713
1608.561890
900.867798
826.669678
794.783508
524.749817
1238.479858
2736.525391
1034.826782
824.744324
364.809723
996.713928
547.859497
485.745697
1315.828125
761.650330
1848.474854
541.888062
976.650818
175.785782
567.761841
1688.424194
711.646179
1080.761841
709.917542
1077.775635
737.864563
630.765503
1291.768311
1465.775146
640.757202
181.909698
336.882538
817.788086
928.843384
778.839661
886.813416
375.855347
782.750793
1762.767334
1089.593262
388.868713
147.842911
1047.836914
769.478943
1109.874268
918.691345
721.805603
578.880249
1145.710693
787.644348
451.865021
599.801880
706.720825
1265.826294
886.794556
1225.833740
668.772400
496.630524
832.916626
842.866882
831.792664
587.858093
467.685822
900.805115
796.762756
638.885315
1403.542969
698.853027
921.588135
495.644806
1076.770996
1482.591797
1641.607056
2120.871094
600.887146
454.000000
894.986633
892.781616
1018.902344
962.562378
299.850739
908.650330
1059.831909
570.855347
467.791779
867.854858
900.773804
448.887604
263.732330
654.754456
1195.726318
758.630066
1098.741577
545.944702
669.826294
669.777466
443.698242
792.610718
1071.592773
636.725403
880.826294
582.841064
756.760437
459.879303
948.621338
1485.682617
766.784851
853.645264
684.714355
1502.869141
826.716248
944.784851
561.831360
472.860413
538.814331
688.886658
586.808350
1379.745728
880.639282
546.737854
447.726349
558.837830
1035.728149
974.701477
563.836914
676.797729
831.602905
497.748932
1378.537964
862.641113
695.871460
563.843384
928.697327
1052.799561
1330.711182
392.837830
635.776550
1032.536987
743.867310
510.868256
1210.726318
415.862701
912.763184
800.784424
703.777954
898.731873
836.882080
502.795441
441.603333
813.799133
1061.603394
807.699158
1161.794556
1245.680786
598.927185
195.976501
571.813416
1216.786255
881.602417
449.737396
602.781616
1080.716675
918.820313
514.757202
1187.550781
797.565125
470.958069
344.753082
1275.719482
335.835083
882.759521
718.705139
571.806519
1867.636963
608.772888
716.726379
1048.895386
445.682587
917.847961
1372.581665
941.602417
480.879303
607.943359
895.722229
557.904663
663.625000
464.825409
1214.715332
2450.474365
701.831848
1617.654053
1268.810669
1376.832764
978.567871
692.609802
1418.723145
785.651245
1140.749878
1323.654541
1123.510742
463.550354
523.892212
630.771484
473.778870
848.892212
614.947510
420.718994
633.851196
896.660950
861.656311
608.710693
948.724976
742.879272
666.637451
1119.834595
633.901428
1689.758179
393.776093
833.726807
1675.527832
937.751709
855.627319
445.772430
1389.601074
625.647095
751.683533
987.486816
242.707458
711.687683
947.834595
884.872864
739.802368
702.822205
664.783936
889.850281
964.707031
1211.392822
1079.792236
734.813904
838.844299
1284.611206
801.634216
427.906494
427.908783
880.935486
852.902344
957.903748
766.848877
691.854431
906.820801
827.901428
734.872375
1454.751709
873.789001
642.882507
1137.802368
681.754456
2515.356934
753.877014
740.836914
608.676575
647.703796
733.929077
889.802856
1060.714355
637.929504
1144.656738
799.717163
341.769196
716.753967
466.633301
1173.727783
541.931824
422.818481
194.859497
886.718079
824.825378
832.920776
814.850281
798.818054
559.727722
340.605652
945.603821
678.808838
638.783508
1379.774292
897.666016
592.744751
588.554077
1274.667847
664.778381
487.788544
930.740173
396.778412
825.743835
630.735596
802.813416
719.697815
541.636963
1275.482178
819.857178
677.789490
303.909241
718.817566
566.817078
682.667358
824.771973
216.795456
531.896362
1189.814819
839.871033
1698.742065
484.946564
659.622253
1199.624023
1256.762329
811.769226
1822.679810
1222.724487
367.000000
522.797729
586.893555
1270.727295
989.613953
494.895416
2047.389648
410.781647
871.841064
380.912933
1278.809326
877.697815
1098.813843
397.889435
648.866882
554.845642
811.752136
857.849365
767.728638
675.930420
886.568359
678.588135
686.793640
391.935516
1184.576172
511.900024
293.948395
495.787628
973.882996
833.801880
600.812500
742.854431
963.934570
609.783936
432.823090
794.799133
2740.373047
368.704712
1001.833252
540.642517
688.852600
427.771027
816.818481
1763.837891
627.513489
1261.667358
983.731873
1330.400635
952.759521
214.839676
531.856262
1144.539795
611.718506
328.777039
792.781189
772.762268
607.841980
314.880219
515.753540
1571.195190
686.727722
897.675232
1107.863159
1015.772400
941.795898
956.861816
751.753967
559.706543
522.718994
779.658630
548.901855
784.806946
1589.625977
800.856262
751.472961
746.839233
685.837402
651.782532
1159.835083
968.424622
984.813416
963.777954
626.767822
542.922607
408.918915
906.632385
436.963135
727.836487
951.721741
763.718079
1104.896362
671.793152
650.867798
2117.783936
896.657715
452.699646
955.708862
578.847961
2026.603760
883.874695
981.589539
953.550354
965.895874
1349.567871
377.868256
1572.616699
1147.723145
333.900940
512.706543
793.607483
748.737854
1071.924438
314.653564
754.588135
1184.760864
650.788574
1039.644409
1017.647095
1486.726807
355.712067
617.835083
685.721741
1640.557739
774.680725
798.893555
873.888062
1601.695435
729.735596
1510.645752
338.889435
616.737854
956.848877
700.791748
335.911102
730.695007
989.796387
1085.808350
1083.670166
870.870117
723.642944
772.711609
960.892212
340.768280
936.712524
878.742004
1424.808350
701.815247
716.813904
741.738770
542.648926
1275.812500
1037.917114
1028.741089
540.915222
1434.566528
716.755859
464.835541
910.844727
2143.838379
1078.912476
903.783936
896.806946
297.798676
652.719910
2419.723633
859.848877
434.834167
492.781189
971.700989
1136.681152
1094.805542
1126.770630
819.558655
540.704224
684.580322
2411.712646
674.643860
1538.501587
612.752136
646.887146
1102.800049
220.788086
833.699646
1038.868286
810.835510
1388.471191
602.791748
1240.698242
617.945618
929.771973
482.768280
555.216797
750.661377
811.911987
931.798218
1442.821777
702.775635
649.730957
726.953918
780.772888
952.833679
1163.889038
594.823120
743.828186
1283.775146
555.791748
1107.708862
1468.530151
844.458679
781.857666
814.935974
584.802368
502.818481
462.796844
674.784851
965.815735
1386.798706
1172.569214
1053.883423
726.629578
851.613464
2108.607910
1353.698730
751.865479
864.812500
1165.784912
780.867798
813.909241
696.786255
661.682556
488.843842
1233.717651
1070.801880
1215.625488
731.809753
441.787628
861.826294
865.830017
758.715271
723.801880
937.858582
370.911560
787.527344
681.819885
575.864563
506.728668
691.737427
741.801880
2838.408936
692.716248
1106.758179
890.487732
1352.659058
521.831360
1775.619019
575.698730
556.826294
1305.728149
549.950684
1614.699219
683.759521
1291.661865
680.786682
376.869171
463.662323
1053.815308
1074.829956
793.941467
949.820313
491.906036
668.755371
599.891296
639.933228
337.839691
257.797302
567.767334
806.819885
864.752625
814.777466
597.935974
1065.782104
699.708374
626.647583
502.643890
827.882996
639.829529
810.776550
573.899597
780.846130
606.682556
458.684418
676.779358
572.869141
566.564209
1087.706055
484.833679
728.772888
720.718994
3616.224121
929.801880
533.788086
547.745239
485.767822
446.723602
1026.652222
523.885315
1369.608398
781.901855
1488.542969
1161.634644
158.824936
931.820313
570.799133
665.913391
421.853973
269.923065
1169.622681
877.659546
655.796814
892.783936
584.906921
927.710205
499.853973
911.837830
713.946106
779.819885
457.828613
433.931824
1349.840088
949.622681
1187.829956
886.526428
624.762268
608.799133
667.832336
834.809265
970.418152
926.692749
353.733734
1574.804199
714.802856
378.764587
2071.362793
631.586792
844.841980
711.774292
846.911560
623.823547
784.899109
602.796387
826.710693
983.673828
959.786682
1036.548584
415.000000
438.885742
514.747986
577.907837
856.778870
897.935059
635.916626
830.755859
650.840576
511.840149
613.823547
269.913849
670.806030
1311.665039
1049.710693
731.817566
761.530090
568.783447
594.919373
604.711609
976.671082
620.724976
864.777954
981.873291
1082.743408
500.528717
344.858582
1570.666504
795.514893
612.794556
558.874695
453.885284
617.804688
538.713440
454.571106
1133.721313
1135.819458
698.538879
779.781189
788.817139
944.486328
220.838760
799.798218
907.799133
852.906921
446.713440
412.728180
641.843384
1070.704712
310.712067
1794.801025
646.767822
2601.499756
724.853027
912.837830
567.560059
738.737427
1110.751221
396.893127
379.615784
1465.616211
736.844727
693.874695
1123.835083
914.815735
454.640198
1153.812988
1156.817627
1027.654907
912.755371
1202.789917
675.989868
389.849365
538.835083
1006.815247
1109.672485
477.907867
442.837830
876.571106
743.951172
2437.334717
641.755371
774.707458
630.865967
702.851685
665.632385
918.795471
321.908325
1547.546631
1625.894043
861.687683
1282.899170
632.657227
704.657715
1004.678894
280.666931
1666.711182
916.825378
1557.518066
1118.896851
683.870117
727.941040
720.585815
1133.798706
768.520447
908.763672
796.724060
594.760010
855.694092
1204.524536
947.815735
1916.530518
689.912476
754.695007
496.781189
334.825409
2401.313965
1947.353149
874.831421
1108.668823
1092.879272
860.747986
859.758118
445.781158
658.897705
844.711609
1000.793640
746.880676
382.861786
820.715271
459.900024
566.848450
448.815277
551.666443
1044.793213
1029.850708
584.647095
1879.638794
572.918030
774.806030
846.587708
2294.491943
345.892670
868.684875
1187.698242
643.776123
889.646179
775.700562
969.779358
507.825867
672.771484
680.879761
277.832764
714.781189
499.790375
1172.700562
510.966827
1489.837891
768.821716
489.722656
758.888489
1633.759521
889.865051
653.806946
608.835999
613.926270
756.810181
562.780701
1081.523193
1256.557739
635.700562
1168.681152
483.919830
320.892670
1402.894043
1117.556396
461.863190
1081.784912
936.493225
1345.483154
729.648010
1003.630066
1119.772827
853.882996
671.865967
265.794525
476.666473
684.869629
1003.717163
773.832336
848.869141
1182.649902
907.914307
530.952087
946.752136
750.767334
1482.613037
521.829529
534.958069
914.865479
1252.715332
498.814819
281.854889
320.855804
642.856262
784.789001
1113.808838
650.906494
679.751221
893.833252
804.854858
1832.462891
959.802368
526.703308
317.786713
1091.794556
696.852600
528.765991
1018.712524
889.879761
1444.764648
650.633728
1419.625000
1971.729126
651.787170
733.825378
462.775635
1409.548584
699.708862
1594.698730
1013.692261
691.619934
345.763214
675.766418
944.646667
958.823120
553.721741
950.861816
1053.596436
1130.713501
404.723114
796.852112
661.931824
1184.725464
938.730042
1227.815674
778.927673
822.780701
714.747986
664.845215
470.640656
472.736938
671.879272
531.739685
618.854858
703.536560
631.728638
897.850281
381.888519
791.964539
540.815735
905.613953
342.622681
296.762299
716.681213
186.886215
1059.743896
745.612549
350.863647
581.924011
929.845642
501.598755
726.856750
1204.879761
637.712524
1068.757690
480.741089
960.745728
1210.641113
948.789490
551.896362
550.947937
424.837372
1119.628662
446.869629
1074.693237
839.878845
778.924438
889.526855
660.795471
559.847046
722.858093
737.798706
1188.738770
878.837402
951.783020
567.790405
863.686707
398.930450
493.906036
378.917542
275.830017
749.637451
334.871460
423.713898
566.856262
664.758118
819.919861
1551.740234
427.826782
1589.802368
1810.730469
1104.668335
1006.885315
1141.730469
735.785767
724.653076
945.861328
791.777039
591.841553
1160.761841
462.899109
1190.774292
980.634216
840.343506
553.888489
1076.616211
825.754944
678.865967
641.757202
448.792694
1222.637451
802.654480
679.794556
512.767334
732.815247
937.833252
1100.610718
853.713013
697.929077
2562.401611
695.788086
729.758118
420.896332
853.678467
709.594604
324.800049
842.857666
1270.633789
525.827698
532.828613
845.649902
1032.893066
674.843384
759.763184
531.785339
612.746643
465.666931
1880.805542
1001.627319
386.938721
833.840149
1528.605225
873.780701
826.793152
665.666443
488.694550
448.853973
2289.745361
1769.442993
696.860413
368.846130
818.779358
399.633759
631.733276
1132.658691
1097.838745
987.559570
864.678467
599.862732
952.644836
723.855347
1121.834595
906.875183
1611.409912
388.000000
906.881165
622.833679
502.864563
884.752625
703.750305
669.677063
531.854858
946.867798
741.481262
890.830017
674.666931
1753.475708
1336.902832
870.899109
835.738770
1056.749878
1671.582642
1045.768677
1710.754028
965.784424
361.923523
351.935516
338.882538
519.814819
908.651733
1505.688599
398.873779
794.830017
411.863190
872.695007
1403.709351
946.822632
292.849823
1016.716248
1506.895874
1095.781128
780.627319
1198.761841
1241.421387
441.838745
321.728180
749.781616
492.675201
1038.703735
379.810669
1158.827759
651.865967
872.789917
1632.682617
387.929047
1184.528687
852.675232
691.937805
449.981110
587.753967
1446.804688
720.859009
776.911987
865.716248
623.841553
1082.586792
1191.863159
635.734192
979.742920
1430.838745
569.758118
794.741089
1321.654053
955.861328
1624.628662
1383.831421
1005.954834
1088.754883
1232.748901
697.660950
573.781616
750.756287
501.849823
965.642517
708.652161
401.777954
530.884827
735.914795
464.776093
494.992157
1178.536133
510.876068
594.906494
535.906006
1000.825867
789.680725
397.799591
673.872864
813.769653
430.880676
1961.308105
720.670166
1174.471558
1350.667847
1043.653564
1344.737427
783.681213
519.713440
735.873291
842.484924
749.586304
1114.837891
1359.716675
395.809723
650.902771
723.572021
761.783936
489.865936
742.903748
707.865479
1369.700073
474.702850
574.882080
772.888489
370.830017
569.770569
905.865967
274.811584
1654.683472
678.914795
570.866882
1263.678955
716.749390
687.713440
1042.828125
654.879272
1344.820801
1150.906006
644.790405
1256.684937
349.876526
469.852570
846.916138
936.894531
1639.599609
608.924927
1103.626831
990.748474
864.699158
702.790833
813.656311
847.724487
1028.832275
772.791748
867.887573
1981.578491
610.898193
693.789001
1260.634644
1279.825439
549.769226
426.847046
351.827240
482.827698
879.558655
598.858093
423.851196
572.792664
578.748901
162.992172
1133.645264
1326.789917
1107.688599
693.705139
938.890808
1132.673828
1520.678467
994.635620
1343.769653
1819.592285
410.740631
942.751221
388.833679
448.915710
972.727295
520.898621
290.759979
543.952087
1055.885254
966.812500
790.849792
468.925385
1109.635132
1298.594116
1169.612549
311.650787
794.836914
1214.794556
1116.884399
921.736511
553.870544
583.818054
942.638367
1222.624023
727.856262
1442.731445
863.746643
948.689941
945.771057
534.806519
1264.647095
595.776550
338.000000
862.805603
1129.622192
1069.575195
1302.776123
649.847046
556.936890
748.787170
1435.868652
426.818939
835.866394
997.859924
774.893127
778.759033
712.805115
959.834595
547.678894
743.810669
345.772888
686.743408
639.910645
1090.728149
910.771057
489.837830
1389.660522
288.942871
1876.592773
791.777039
1085.652222
2024.604248
964.876526
1065.426025
1120.768799
539.855347
1553.189209
377.767822
558.916626
238.799606
725.871033
660.544861
634.785767
638.837830
504.916168
783.791748
533.882080
884.875610
572.898621
624.847961
604.732788
742.812012
506.898193
775.789001
869.911560
190.820328
761.707031
932.798706
1066.837891
794.838745
422.873779
406.941498
541.593201
866.774292
764.871460
1003.516296
662.796814
856.639282
654.716675
427.638367
505.874237
516.660461
1317.925415
2312.457764
965.727722
917.915222
1151.802856
417.858124
473.830933
490.703766
1210.819458
591.759521
1444.626343
612.787170
678.796814
628.724487
814.811584
660.978333
882.940552
796.498779
473.201630
1181.860840
451.846588
747.763672
1361.504761
999.599182
567.825378
780.815247
167.763199
429.768738
783.697327
775.678894
521.814819
540.777466
411.856720
717.664185
1079.698242
951.762756
1940.833740
558.943787
1132.869141
697.837402
679.810669
1371.854370
1090.692261
523.790405
1049.736938
637.676575
1063.720337
1339.853516
531.935059
652.880249
1712.813843
983.833679
819.850281
742.593689
691.744324
474.800049
407.789001
754.783020
659.726379
867.925354
513.754944
557.688599
1309.683960
738.863159
599.982056
976.757202
593.830444
1470.835083
898.761841
761.838745
834.829529
694.707947
348.848907
1438.823608
900.694580
494.648499
703.945190
514.900940
345.789459
438.843353
831.776550
693.742920
1283.549927
521.874207
1856.798218
422.746155
561.854431
198.777023
741.911072
704.918030
772.713928
523.743835
1106.684448
848.665100
1178.864502
928.756775
1370.848877
1045.734131
469.788086
445.816650
778.744324
856.840576
574.773315
1088.769653
1335.886719
971.712097
860.778870
468.809723
304.643433
417.767365
927.695007
394.830475
738.765503
1396.603760
553.833679
1068.759033
1063.799194
911.581238
573.731445
507.758148
1094.721313
1101.554077
562.888977
1239.795410
912.474365
654.738770
935.668335
802.822205
926.749878
815.907410
632.746643
338.845215
470.788544
662.654968
1251.762695
573.918945
760.727295
1282.831909
854.712097
1174.646240
947.856750
818.781189
1062.727295
2280.726807
679.922607
787.791321
1750.753052
616.784851
1461.607910
2315.415771
686.887146
1181.714844
812.791748
472.897278
687.777466
1106.851685
934.773315
170.928131
831.680725
502.816193
574.728210
665.935974
916.944275
924.728210
912.779358
1380.573364
447.759521
934.613037
1603.566528
402.734192
493.750305
1025.691772
1044.980713
758.987549
1181.837891
1938.661865
849.834167
1275.683472
1300.188232
764.740173
531.824036
682.745728
565.720337
625.727722
810.411682
366.905548
1050.908813
969.647095
719.845215
350.596436
772.764587
887.796387
461.848907
539.906494
625.874207
840.757202
354.910614
1068.729614
491.768738
401.941498
906.651733
1403.842041
318.839233
752.704712
504.847046
852.904175
1291.774292
840.716248
447.727722
600.770569
320.770111
692.900024
1189.680298
632.701965
1288.780762
1163.612549
1103.864990
385.795929
922.736511
1414.761353
1145.836060
735.672424
491.897736
658.800537
433.870087
920.719910
650.886658
649.666016
1248.811157
1247.688110
717.766418
827.619019
1321.352295
509.723602
418.822632
1090.843872
814.915710
656.796814
753.917542
1224.690430
1114.614380
1798.747559
910.805115
859.945618
806.840149
859.764160
523.853027
615.763184
776.865967
815.831421
697.884827
2405.727783
920.686707
1172.905518
887.832336
1262.707520
874.872864
1087.857666
897.849792
1398.859985
787.830017
1354.660034
876.852600
1378.815674
1400.610229
308.715759
828.726807
1713.753540
526.833252
3247.578857
1243.532349
815.677063
585.864990
308.723572
1100.690918
787.677979
823.761841
650.939636
436.945648
1179.806030
686.847046
1175.535156
662.831360
1045.692749
374.799591
540.914795
618.854858
921.906921
921.614380
966.827271
956.916626
391.733734
301.913849
861.823547
521.822632
672.843811
602.735596
721.797302
889.816650
416.774719
688.610718
967.739685
910.769226
943.829529
1110.654541
735.725403
870.787170
651.687683
494.809723
674.906006
896.840576
580.845215
1073.430542
1317.683960
1298.622681
1250.701904
1279.812988
1081.706055
1306.881104
968.810669
926.853027
1336.727295
1403.588135
490.784851
1006.871033
415.889435
546.787598
1625.685303
1173.916138
235.926758
482.866394
429.704712
480.931824
1013.795471
1152.873779
660.895447
577.832336
673.795898
1365.754517
966.857666
698.695496
428.666931
1300.627808
350.912018
972.935486
821.873779
1008.873291
505.851196
785.794983
520.885742
671.551270
518.669678
737.834167
490.823090
700.819885
505.737396
876.963135
665.564209
1096.820313
1409.873291
862.423218
1138.801392
696.703308
967.553162
811.812988
1710.680786
545.640198
747.701477
701.774719
500.762756
878.816162
1052.736084
564.800537
635.783020
882.782532
374.767822
1078.879761
1564.621826
762.840149
604.729553
994.601990
697.777954
868.840149
623.858582
1058.703369
1005.921692
805.836914
651.828613
797.674316
1170.775635
865.379883
479.788086
1111.765015
797.867310
1698.188721
1024.495117
655.886230
482.658630
529.743835
1225.858521
335.681671
1023.753052
726.807922
1263.715698
1095.665527
893.603821
690.723145
631.818054
293.911560
929.860901
611.753052
611.736023
875.838745
1045.541138
501.823090
1295.751221
1349.806030
1158.473877
516.789490
1694.720337
500.849823
997.830933
625.805115
1421.754028
946.810181
1675.419067
1031.596924
1298.720825
784.835999
426.891754
604.842468
428.777496
854.858582
1329.682129
513.914795
617.745239
1603.715332
1725.513062
1009.660034
1737.701904
527.892639
657.849365
1730.606079
1084.746582
287.842896
864.608887
1054.638306
1068.760498
1011.601501
487.804657
1091.913818
202.979263
1088.866455
964.839233
930.848877
1074.678955
905.606567
2392.301025
506.872406
674.760925
581.787598
891.837830
1153.821777
750.679810
860.761841
871.819397
872.594116
778.657715
698.759033
330.858582
1263.721313
606.826294
384.698242
766.690430
612.896790
814.590881
1202.509888
1414.701904
969.584473
715.651245
395.748932
632.919373
437.842896
869.753540
815.810669
741.686707
482.944733
879.526855
1140.661377
1151.749390
900.748474
372.721741
824.880249
538.886658
667.631897
861.744324
1212.436523
390.826782
922.765503
928.772888
796.933228
326.912476
402.882538
547.706543
1397.730957
910.522278
822.724060
778.707031
1136.887085
737.785767
650.815735
1630.813477
978.781616
559.777466
813.782532
1089.630493
460.809265
820.605652
584.815247
1157.777466
953.858093
559.800964
1211.808838
1197.772827
745.971436
619.808350
399.674744
607.725403
1314.615356
364.885284
622.692749
901.708374
635.720825
628.552185
1170.849854
1096.407593
560.809265
852.706543
731.680725
355.803741
560.811096
727.760010
886.849792
907.851685
408.824951
896.759033
906.677490
839.656799
245.870544
235.853043
1181.583496
516.846130
588.700562
1286.811523
608.655396
597.641113
763.795898
1252.544434
397.795441
741.931824
1210.727783
1310.707886
539.953918
1415.723999
571.777466
356.793610
352.954407
629.725891
1064.774780
999.834167
1062.913818
615.850769
1064.755859
1242.854370
1035.649902
944.909241
1053.768311
911.769653
798.779785
927.738770
209.684433
582.766907
752.803772
298.882538
634.871033
682.690857
625.684448
432.642059
361.735107
812.807434
960.787598
645.716675
758.771973
615.824463
768.832764
1001.793640
429.647125
734.728210
1007.788574
688.832764
1304.373047
647.820313
1438.469727
816.658630
1134.860840
751.826294
817.743408
945.790405
1221.465576
634.822632
1493.719849
684.752136
505.764587
617.867798
948.779358
816.885315
829.843384
1627.571045
776.894531
268.759979
878.795898
1055.713501
568.885315
1140.832275
339.750763
1168.770142
714.613464
381.754456
1145.677979
770.802856
732.769226
840.806946
1049.817993
638.715759
498.629150
828.862732
870.831421
237.886673
294.832306
793.909241
972.655884
686.737854
746.871033
1383.723633
930.731873
1023.713440
732.728210
960.766418
1216.763184
1278.681641
245.876999
899.767334
684.800964
550.894531
749.917053
355.894501
570.809753
409.840607
1009.513977
344.807434
736.836914
969.865479
498.847046
1828.399780
497.701935
687.757202
591.733276
754.884399
771.821228
678.945618
980.512146
581.918945
592.857178
352.731873
647.765076
1044.835083
724.809265
1268.627808
408.859497
532.754944
1098.641113
703.603821
358.989410
1066.480835
834.911987
736.891724
809.761841
441.778412
1027.597412
477.668762
518.812012
506.877472
1174.763184
825.622253
312.844757
1720.587646
725.882507
983.833252
744.734192
337.699158
384.878845
1293.601929
664.827698
1021.826294
1954.491821
839.789490
807.765076
692.825378
834.670593
1380.931396
770.917053
503.765961
502.814331
806.806946
781.737427
776.707458
1281.756714
959.686279
781.898682
630.760925
656.943359
1139.795044
263.832764
1513.722168
459.714386
1244.486816
2183.569336
497.865021
784.574341
815.676575
716.808838
445.850281
926.822632
752.767822
184.843826
611.627747
480.893127
737.913879
333.926758
869.947510
1295.846558
313.789001
1032.817627
1438.731445
426.629150
333.774719
704.866394
601.714355
2193.801025
793.678894
1514.747070
1027.847046
609.855835
937.843384
1286.713013
1118.889038
822.774292
805.784424
430.832764
303.621307
812.799622
975.754944
371.946106
724.625000
697.864990
452.918915
494.824951
614.920288
475.794067
1436.885254
1216.801392
1562.585815
854.728638
748.884827
529.878845
918.639771
619.645264
259.924896
2084.689453
551.841980
982.910645
728.842468
365.908325
513.817566
1049.802856
1574.389160
961.721313
655.814331
1402.827271
619.756775
664.774292
777.765503
687.908813
805.657227
766.673401
835.690857
512.504272
498.589539
1029.772827
614.949768
697.794983
1021.674316
1243.474854
891.766907
352.734192
917.729553
617.810181
1500.850708
691.466980
767.867798
519.806946
311.796387
558.853027
969.911072
719.870544
473.843842
529.911560
1014.826294
456.753540
573.912903
1263.750366
1041.715698
1193.744263
679.713440
682.793640
630.720825
529.837830
948.741577
1031.812012
1305.664185
1067.552734
800.660950
909.780273
347.792694
528.856750
952.796814
844.870117
901.872864
826.831421
503.922607
793.689941
738.733704
1608.709717
1054.540649
934.832336
849.419067
532.793640
707.844299
1046.790894
720.890381
673.872864
803.636536
510.722656
1014.881165
272.753998
1027.737427
419.796387
825.836914
1033.873291
1075.601929
517.887146
957.571106
556.838318
642.836914
421.753540
646.702393
699.871948
664.698730
522.795471
874.678894
546.828186
795.783020
998.431030
1424.514404
1093.787109
1195.841553
1002.821716
619.847961
760.602905
571.634705
1086.713501
755.725891
827.754456
877.733276
760.526855
398.851196
811.960388
342.649414
677.628662
1089.716187
375.963593
933.830933
948.748901
433.925385
1245.691772
1012.807922
867.633728
830.816650
926.771057
425.942871
2575.392334
510.789459
801.805603
705.780701
1108.712036
614.853943
1002.713440
1171.576172
1102.649902
1047.518555
919.885742
800.873291
1056.652588
1512.802368
497.876984
1166.698730
817.772400
945.793152
772.744751
708.834167
980.852600
704.835510
1390.471191
634.887146
627.892639
676.851196
460.904175
630.666443
847.646667
1187.560547
1014.810669
895.633728
556.845642
881.812988
541.726379
339.826324
1796.743408
1535.676147
1395.427856
308.854889
801.891724
306.878845
865.721313
816.794983
556.779785
1342.881104
420.749847
844.815735
1144.715332
1047.692261
285.677521
784.738342
319.779785
441.766907
1241.796387
741.894531
838.772400
547.683044
371.778412
1457.678955
1122.928589
699.787170
728.890381
1578.726807
500.917542
513.871460
643.922607
1051.633301
1227.708862
439.789001
1689.459106
1001.792236
1147.666504
1793.796387
944.823120
576.905090
927.804688
960.852600
390.930450
631.871033
2005.699585
1081.649902
1429.647095
591.514404
1224.773315
698.803772
936.693176
651.853943
527.806946
628.853516
1054.689941
990.796814
1104.729980
916.730957
1198.848022
852.717163
2063.689941
265.763672
1136.569702
468.610260
426.683502
353.888977
1141.770996
1717.778442
593.842896
1048.599243
1185.773315
639.572510
1369.748413
860.639771
1090.763184
377.792694
711.823120
440.801453
1200.836426
953.635620
780.731445
392.744781
616.725891
582.604736
2355.438477
1298.715332
339.689026
1006.826294
470.835999
829.854431
384.805115
830.783508
1235.681152
748.522278
1221.723999
1618.327881
1082.812500
1389.582642
480.637909
955.851685
1039.715698
551.810669
754.920288
766.657715
621.827698
652.737427
260.675659
1086.844727
1424.712036
706.828186
865.829529
732.759521
1012.750793
948.786682
475.900482
466.805115
910.694580
1110.560547
530.677490
516.884827
1356.733276
414.822632
2237.491455
719.821716
405.743866
784.781616
906.850769
939.809753
930.626831
1025.772827
977.583069
526.908325
850.763672
976.906006
613.771484
116.798218
1581.513550
340.694550
1362.776611
810.800049
900.789917
474.857178
1252.810181
678.623169
1226.749390
706.810669
690.937805
595.899109
912.753540
745.601990
1068.767822
799.808350
1379.811157
497.749847
1069.829956
564.974182
451.875153
1026.857178
494.726349
769.442078
1097.842407
1074.532837
600.868713
248.894043
871.777039
1325.842407
788.681641
463.762299
483.919830
345.936890
1954.713013
1175.791748
565.849365
645.815735
822.562317
802.774292
1120.902832
377.870544
1004.767334
709.714844
663.747070
787.849365
873.903748
444.786255
647.793640
994.607056
861.724060
1157.535645
1039.756714
662.872375
874.587708
529.838745
893.768250
736.840149
1142.852173
1944.686279
594.689026
229.897263
839.731445
822.546692
872.893555
398.700562
391.846588
811.804199
718.550842
620.732361
473.929962
846.779785
1087.823975
550.830444
328.846130
1407.782104
1011.782532
834.804199
1199.817993
784.642944
1152.577148
617.798218
723.805603
748.837830
999.413086
873.716675
396.870087
1098.839233
778.482178
642.740662
783.763672
1112.708862
1130.718506
319.881592
815.689026
822.674744
756.834595
1029.263794
1056.891235
764.745728
2845.566895
975.777466
1193.809326
1118.723633
1805.609863
888.641113
1322.497437
339.806976
592.730042
1103.791260
973.793152
536.798706
501.727264
525.878357
692.776123
937.663269
626.825867
1158.492798
1244.834106
1013.826782
404.807892
1093.740234
529.842896
815.580322
693.821716
1214.622192
667.691345
825.667847
512.740173
527.562805
1719.547119
284.666473
945.861328
358.857635
1036.834595
1382.558716
1059.630127
876.864563
553.731873
2392.502441
416.724976
789.817139
983.971924
594.534241
1428.843872
708.768250
785.781189
925.876099
974.821716
493.727264
1102.766479
416.800537
883.806030
914.763672
1170.245361
558.885742
304.747528
831.920288
967.850769
655.740173
815.819885
1113.699219
723.884399
245.989868
453.742004
757.778381
879.753540
897.777954
1051.593628
1539.919434
680.860413
340.853027
538.897278
460.827240
942.793152
996.517639
636.799622
290.764130
1487.704224
595.866394
841.629150
1164.821777
498.834167
1356.539795
1403.483154
1128.774780
433.856262
354.760895
620.775635
1430.289185
386.822632
896.788086
858.894531
483.835999
929.628662
816.678467
489.939178
1001.653564
815.601990
1091.634644
923.688599
926.806519
1082.848022
595.961792
405.783020
1094.761353
904.859924
455.940582
1075.531006
701.720825
624.656799
479.730957
723.590881
717.798706
397.883453
725.760925
632.851685
537.808838
940.847961
648.589050
1070.823120
1326.760864
2336.317383
1952.642456
908.808838
1179.750732
1083.696899
810.641113
709.894531
522.507996
1192.729980
928.806519
1692.655396
574.873779
872.826782
1155.820313
427.753540
856.680298
930.852112
461.839691
1078.897705
700.766907
915.593201
657.790833
1088.688599
1280.723999
567.905579
1349.532349
779.642944
450.895874
1382.720337
702.890808
713.642517
1761.493652
1045.607910
1573.550781
496.812958
753.804688
995.609314
529.892639
327.789459
512.823547
354.824493
1010.656311
780.654968
533.861328
260.837830
941.775635
2346.257813
601.844299
797.841980
1017.879333
560.808350
1051.550781
600.725403
937.569275
599.669250
703.853027
629.846130
1234.713867
646.796387
904.648987
715.806519
540.695923
602.757202
828.744324
1010.817139
484.894043
347.917542
228.931824
312.853973
1775.745239
1166.778931
612.812012
715.835510
585.701965
465.937347
957.606140
806.744751
800.789490
694.717163
648.795471
1622.638794
455.918457
988.912476
1058.772461
801.690857
986.829529
366.954407
287.882050
973.710693
330.730042
235.898193
669.630066
989.865051
979.896362
1148.802368
506.820343
881.693176
773.803772
919.933655
950.500183
680.819885
439.824951
661.919373
1322.562866
203.671524
695.836487
866.924438
945.734192
549.869141
634.793640
1162.687256
346.752625
509.855804
649.904175
1211.795898
814.753967
660.764099
894.704224
437.869629
293.888062
797.528259
779.844299
306.924896
1248.867310
1095.746582
625.907410
916.359619
1035.637939
805.898682
523.780273
875.920776
1350.757202
1076.821289
377.750763
426.899109
789.875183
323.570190
292.787628
776.724060
1036.826294
390.777954
507.809265
876.745239
1141.767334
741.637878
1165.525513
782.695007
629.757690
667.835083
304.883911
964.785767
879.895447
1004.455017
1046.724487
512.835083
1135.654053
890.732788
524.684875
777.812012
936.732788
700.724487
928.808838
644.848877
359.711609
1314.769653
529.838745
1608.802856
679.598267
582.915710
429.914307
459.735565
1763.789063
632.602905
1033.773804
980.600586
661.835999
659.746643
1358.644409
746.909241
551.726379
448.705170
838.810181
447.920288
816.388672
287.874237
887.652161
645.840576
924.764160
1027.806030
486.748016
445.871460
318.858582
1146.569702
547.812012
1285.862671
750.882507
800.589539
962.898193
940.602905
1425.743408
403.977417
547.715271
186.926285
722.798706
1683.625000
993.536987
889.619019
1412.778442
616.839233
569.813416
895.915222
1037.450806
296.715759
574.960388
667.937378
1053.816162
894.812988
908.845215
956.605164
817.701965
683.847534
1827.635620
1761.747559
1712.394653
982.773804
463.612091
503.506592
1367.501587
781.723145
933.883911
621.860901
559.849792
1079.749390
692.691772
872.297424
667.614868
339.806061
742.924927
438.811127
577.858582
896.908325
844.911987
763.880249
733.832764
809.861328
1176.801880
684.800049
575.604248
579.730957
813.888977
801.678467
605.710205
833.611633
896.813904
277.848419
1990.326904
433.718994
709.701477
1127.591431
643.851685
1272.763184
634.701965
930.460083
1131.636963
1357.324219
1257.570190
663.833679
976.722229
456.745239
266.920776
1341.652588
791.815247
456.729584
925.680725
867.692749
599.858093
716.913879
208.810196
1214.828125
619.779785
472.936432
697.743835
1105.843384
1047.735107
759.800537
997.871460
263.900940
894.631470
858.826294
903.711609
1062.706543
1255.612061
613.747559
996.736938
588.888977
651.791748
1004.809753
803.706543
573.847046
659.907837
861.792236
816.677979
768.893127
733.812012
664.646667
668.800537
1072.790894
1084.829102
837.801453
614.927185
785.756287
1019.478943
624.821228
1063.776123
515.658630
638.730042
756.694580
850.528687
836.794983
987.837402
814.869141
1001.553589
549.794556
1133.487305
1103.534302
740.882996
888.789490
1047.788574
2592.606201
575.711609
1060.612549
571.855835
1200.811523
398.774719
805.838745
1063.729614
1078.775146
697.636963
656.790833
1624.718994
1785.691284
950.541138
996.397888
985.793640
462.808807
573.827271
479.898651
918.753967
817.824463
1328.683105
770.876099
687.919373
462.856720
348.811127
835.660950
457.800537
1016.886658
405.571564
1022.792236
726.850769
791.617615
492.799133
573.843811
690.671997
835.835510
1157.684937
868.800964
668.871460
743.677490
825.811096
969.907410
943.824036
574.648926
101.769196
455.610260
1038.649414
1147.831909
1067.762695
583.824951
364.841522
951.870544
719.809753
985.832336
939.800964
793.768250
393.932281
749.800537
1538.373047
300.696869
1072.756348
643.863159
461.836456
558.713440
1082.791260
397.770569
214.849823
1089.708374
1101.606079
523.880249
1007.677490
974.681213
637.944275
466.843842
359.884369
1060.671021
628.898621
952.862732
918.753052
485.918457
775.952576
619.822632
1437.817993
629.692261
780.831848
500.955322
889.840149
3394.247314
648.725891
105.826317
1047.784424
925.698242
795.645264
1068.850708
567.715759
372.678894
1445.724487
709.759033
985.784851
899.748901
309.896820
650.918945
1232.267944
260.831390
581.585388
606.935486
1295.830933
571.751221
772.740662
676.634216
616.702881
1198.809326
744.743408
912.521362
2012.330566
1194.836914
274.751678
879.520874
584.750305
997.637451
968.884827
1870.769653
378.916168
908.877014
1134.911987
814.814331
561.613464
1003.829529
2078.802002
831.658630
689.777466
919.671997
835.741577
667.910645
312.918915
907.864075
1797.579834
225.791763
1031.471558
1020.708862
640.636536
1320.832764
904.551270
302.795441
312.831390
975.876526
592.830444
2789.648926
653.840149
1018.822205
1031.773315
1071.643921
964.534241
877.816650
711.784851
1058.735107
746.721313
441.927216
721.859497
402.663696
545.844299
760.821716
704.751221
474.832306
728.848877
1415.616699
817.707031
761.736938
826.695007
1716.499756
832.860413
547.870544
322.984802
742.651733
998.810181
852.645264
494.783020
1185.745239
1135.869141
126.824478
640.737427
1113.643433
554.767334
846.484924
1273.844727
889.731445
1091.830933
701.747559
396.820801
981.557739
357.887146
970.582642
572.862244
722.724060
841.601074
822.923523
607.621765
365.890350
770.868225
718.617188
738.689026
1275.661377
860.777954
676.809265
958.760010
569.716187
765.722229
910.789917
1296.663208
890.715759
434.889435
1099.721313
681.966858
375.745239
1173.879761
397.838745
566.787598
888.688110
642.793640
673.791748
915.736023
2358.335205
727.668335
1381.569702
362.764587
856.771484
1314.827271
129.858109
619.820313
907.732788
397.748474
434.869171
2207.606934
1265.542480
786.887146
851.849365
532.976501
586.803284
1042.829102
2390.761719
1071.629639
625.759521
399.818024
1075.942017
1080.723633
462.929504
1353.689941
1105.630127
1369.645752
698.754456
788.884827
824.835083
711.894043
537.850281
1000.806946
742.685791
746.728638
467.707916
915.896790
438.754456
1151.455444
778.866882
980.877014
671.900940
1153.819824
496.629608
768.778381
712.739685
1563.464233
595.863159
457.832306
1882.696411
851.799622
680.819397
1102.728149
541.771484
792.805603
309.741089
1847.572510
704.766418
577.795898
463.736481
598.845642
776.806030
279.800537
540.889893
1139.725952
763.830933
1399.793579
960.805603
880.648010
723.903259
1955.750732
1621.361084
595.766907
621.741577
718.567871
734.798706
454.775635
224.727264
703.701965
444.754913
1121.833740
983.780273
1359.371216
443.754456
785.823120
652.696838
1091.560547
541.792664
758.667358
866.858582
547.794983
836.747559
917.792664
2375.306641
490.949799
757.744324
875.847961
552.917542
1213.640259
1033.619507
754.898193
1645.834595
1123.677979
871.644836
665.891724
620.835083
803.767334
1407.635132
691.715759
1121.801880
854.868713
1040.785767
835.781616
819.906921
551.804688
180.893127
606.738770
1166.660034
484.883911
782.816162
876.871033
1271.687622
1080.647095
1074.847046
424.944733
590.775208
1009.618530
992.730530
855.828186
511.821716
1020.550842
945.704712
582.809265
736.721313
950.819397
963.692261
1187.929077
669.756775
171.776566
804.765076
522.827698
1417.641602
973.654968
983.813904
362.765045
878.835510
220.865021
509.842438
896.870544
688.830444
503.563721
665.794983
301.680267
878.629578
823.621338
587.566040
416.705627
1338.841064
1072.712036
1259.832275
606.892212
838.718506
543.863159
1043.796387
481.836914
523.905090
1938.758667
427.967285
626.795898
626.724487
1416.663696
1241.649414
1338.559082
596.885742
604.718506
794.805115
808.786682
906.439819
518.878357
649.754944
510.834625
592.791321
1012.607971
847.476196
1016.788086
1075.836060
334.830933
784.916138
776.596924
560.638367
463.780701
484.885284
583.656311
919.916138
804.810181
632.794556
990.695007
804.931335
547.842468
1132.756714
752.858582
424.902344
718.868713
885.846619
854.638367
428.769653
1224.766846
498.844299
489.876984
811.672913
867.641602
1283.692749
1489.882935
838.939636
566.761841
981.802368
440.712067
516.781189
665.846619
1029.793213
531.830933
868.779358
1174.816162
695.648499
1168.749390
1430.760864
675.847961
477.697327
1111.770142
1446.647095
604.879761
557.779358
555.890381
813.662781
2165.307129
1164.702393
633.709778
213.917999
893.848877
560.753052
396.654480
878.728638
602.880676
1280.825439
1333.865967
827.759033
345.799133
911.730957
1102.799561
802.851196
532.645264
855.965454
584.899597
738.664185
998.589966
1413.959473
618.681641
773.863159
900.812012
1798.718994
383.873779
278.952087
741.768250
1009.781189
606.713928
670.913391
1273.842041
725.800049
681.703308
1053.550415
970.777039
358.849823
926.756287
805.962708
544.679382
865.711121
195.869171
913.627319
918.668762
888.751221
815.724976
1008.880676
734.908325
222.748459
591.851196
951.871948
1009.639771
445.764587
651.737427
1344.614868
727.771484
1855.484497
965.902344
449.784851
985.819397
560.855347
867.892639
884.701477
464.876984
439.927673
661.695923
414.872864
1644.706055
1704.527344
896.778870
1351.703735
1465.732788
792.707458
1040.675659
591.820801
1058.755371
1425.535645
739.782532
991.612549
1144.547119
1232.822144
351.797302
1081.771484
1090.718506
1479.616699
771.780701
387.988953
785.936401
1298.681641
546.819397
1180.618042
570.807922
679.443054
754.668335
280.780701
544.877441
1000.746155
507.981110
964.857666
347.859497
9287.454102
1598.863647
2801.448486
320.000000
1299.679321
591.763184
719.877441
519.753052
1104.755859
358.843842
641.799622
525.814819
417.676605
1121.714844
1568.353149
1148.873779
503.762756
1023.764160
964.875610
478.684875
623.720337
894.364258
894.842896
964.865479
96.584915
550.847534
348.951630
663.840576
272.929504
1446.791260
1138.531006
1129.708374
1140.721313
1132.733276
210.900497
544.811584
1161.771973
729.635132
955.612549
1077.779785
763.843384
564.744751
464.788544
654.833252
309.871918
747.932739
1017.865967
839.857178
1660.688110
738.871033
965.841064
595.786682
905.670166
836.701965
637.748901
552.806030
1015.712524
1945.621338
1334.733276
830.706543
213.816650
423.680756
960.788086
724.826782
899.635132
1172.800049
1233.666870
1139.554565
888.827698
1279.677490
1805.667847
968.904175
1048.803345
1310.505249
1101.776123
601.938293
931.736511
496.888062
656.779358
1043.731445
733.853027
1754.677979
487.583069
508.797760
1295.578003
569.719910
1238.622681
1146.865967
999.745728
765.907837
1230.591797
344.907867
732.830933
666.833679
682.711609
855.547119
624.799133
665.869629
457.813873
435.873322
826.755859
621.730469
447.799133
444.864105
835.864075
1062.824951
497.917542
1605.688599
806.785767
1802.483154
928.886658
1093.724487
1348.748413
655.555420
1242.669189
1303.835571
1222.335205
465.724518
565.672424
663.939636
670.911072
987.714355
768.805115
1496.554932
1176.478516
803.701477
1131.735107
799.498291
807.878357
917.683533
1415.786743
788.759521
877.587219
745.859009
1096.713867
478.890808
429.925842
1695.448608
851.852112
424.870544
855.751709
1540.722656
4874.632324
1529.876587
766.792664
978.704224
544.900513
1251.689087
1375.596436
620.934570
335.868713
902.735596
1597.864990
826.835999
937.738342
1213.368896
437.931366
1485.648926
1345.439331
672.717590
243.783020
1137.742065
810.597351
891.956238
602.696838
1064.658203
939.817566
822.756775
1094.706055
1260.613037
505.730499
454.742950
767.700073
587.881165
621.706543
1330.737915
723.821228
544.880249
823.793640
529.910645
995.743408
306.804199
1327.781616
865.822205
945.755859
688.848877
1475.754883
939.679810
429.879761
712.713440
849.927673
817.847534
394.706085
868.918030
557.902771
773.742004
871.720825
1047.717651
930.619019
330.847046
1445.727783
379.673828
464.693634
1086.650757
1106.647095
2113.458740
1404.654053
516.611633
657.743835
898.797791
1284.623657
883.711609
467.849365
971.688599
1097.611694
1675.625000
424.639282
835.722656
536.757202
755.797302
1429.682617
732.805115
1074.743408
1123.781616
1548.716187
852.782104
1013.732788
546.777466
1058.192871
519.800049
822.708374
670.660461
662.821228
552.784424
473.832764
836.834167
1175.646606
942.660950
634.699646
788.750793
862.828613
761.809265
993.814331
1026.610718
564.912476
2359.637939
441.897736
433.803741
639.748901
1322.538818
586.763672
745.886658
1177.836426
1133.971436
919.443970
755.820313
639.798706
492.845215
959.629150
1069.857178
473.835999
1207.727783
903.896362
1032.879272
1264.911133
724.760437
1433.722656
934.755371
320.871460
1171.807861
1024.647095
1205.808838
458.786255
1239.506592
529.776123
1364.931396
416.718048
932.749878
2211.492432
636.841064
1200.874756
726.770142
567.761841
613.925354
594.700989
789.773315
461.839233
1077.520874
883.872864
532.740173
1020.842896
529.719910
451.900940
986.757690
560.972839
1142.796875
754.715759
983.666016
383.958527
600.765991
867.714355
990.938721
1018.789917
829.906494
473.922150
825.846130
1324.782104
659.710693
939.808838
854.847046
647.687683
1322.771973
1088.676636
1351.800537
710.760925
660.891724
574.897278
796.779358
466.766907
470.544373
842.603821
607.336609
1344.439331
1172.735107
792.890381
735.735596
780.717590
1891.597412
555.683533
1008.712097
674.745728
782.769653
928.590454
441.897278
1244.643433
893.767822
1421.810669
375.820801
999.750793
2567.359619
1086.855347
606.975586
1436.916626
344.847046
494.895874
1018.735596
1221.569702
424.866394
420.875610
403.834625
1439.749390
1484.816162
828.853027
1231.621826
1013.765076
1200.226929
1584.594116
627.683044
1044.757202
725.882080
808.696411
538.925842
131.919373
2895.306152
581.915710
780.853027
965.746155
844.711609
983.694092
1396.676636
574.810181
868.735596
587.767334
668.623596
967.630066
1013.839233
1049.904663
580.807922
607.865479
447.894043
1058.819824
621.741089
174.867325
1219.796875
342.875153
562.884827
1182.879761
757.832336
533.741089
260.888977
1216.809692
1478.632813
1250.780273
1051.921631
496.719452
1128.760864
654.799622
1539.666870
856.713013
2015.727295
464.948395
746.749878
1369.581665
744.751221
594.868713
685.843384
922.538391
420.760437
852.744324
415.767365
850.717590
988.635620
839.719421
826.747986
1260.689941
527.776123
647.706055
1130.856689
640.838318
437.999542
179.856720
545.930908
662.619019
434.935974
2020.855347
533.806519
358.786255
1869.644409
839.691772
299.806519
263.917999
501.812958
1224.688110
869.809265
947.785339
928.714844
520.710205
499.839691
254.727737
588.673828
1099.653076
728.859497
1149.710693
1112.577515
776.754456
689.942871
737.722229
1470.908325
621.799133
964.752625
854.711121
1435.750366
478.636505
617.533325
730.739258
1112.869141
138.902802
1074.769165
211.785324
365.753540
443.917542
523.856750
1189.536987
1420.455444
1076.810181
518.703796
897.649902
525.912903
637.841980
1178.739746
422.885742
588.803284
685.921204
630.840149
1302.422729
680.887573
1709.544800
873.828186
1029.785767
2089.718506
973.615356
616.744751
817.678894
855.792664
1505.631958
863.783936
989.764160
674.700562
402.859497
1138.652588
506.781647
757.651733
1084.686768
431.835999
743.763184
622.822632
335.803741
1038.472046
493.807434
758.698730
1105.726318
435.788086
577.686707
702.773315
633.885315
860.803284
859.794983
829.639282
517.753052
1011.308533
501.890350
477.781189
406.501068
1105.749878
1018.973267
998.784424
1007.730957
1764.670654
439.859955
656.720825
185.777023
907.611633
378.735565
1052.625488
697.803284
1072.682129
629.761841
979.536560
920.650330
707.896790
762.692261
474.783936
578.758118
958.843384
404.800049
679.761353
1102.891724
557.813416
464.793152
957.645264
212.931824
651.930908
826.715271
600.723145
2602.197021
876.762268
1290.559570
692.825867
1129.724976
501.853516
1732.686279
1185.379883
773.699158
564.929077
445.827240
459.949341
1328.691284
1575.586792
521.764099
618.915222
1000.820801
957.842896
878.820801
514.857666
1610.824951
469.332916
1136.827759
1140.855347
1567.596924
922.844727
405.890350
724.890381
555.622681
910.886658
539.531494
528.874695
454.913849
1467.869141
1135.823975
1127.892212
742.708374
827.768738
619.719421
463.633759
502.846588
927.418152
383.813873
878.791321
613.572937
760.742004
741.747559
1092.740234
452.793152
765.881592
968.851196
727.579407
396.808807
648.778870
881.530090
868.798218
570.731873
455.894043
567.659119
1043.882080
666.733704
792.685791
597.702393
627.812988
472.885742
675.885742
667.911560
1420.636475
944.801880
491.778870
217.783020
506.806519
556.892212
939.941040
1766.710205
869.778381
743.678894
983.735596
932.824463
602.870544
455.789917
481.904175
1205.821777
934.754456
2092.529297
576.879761
562.832764
936.669678
580.754944
543.766418
812.853516
516.792664
786.908325
542.693176
399.927673
995.725403
491.777954
1028.621338
375.801910
987.838745
1273.934570
169.841980
642.796387
1588.577515
1128.497437
511.740173
1781.536987
287.867310
1066.743408
1061.824951
975.676575
1132.889893
585.718994
909.683533
844.633728
348.783936
838.790405
180.929062
746.882080
1351.858521
328.775635
570.834167
637.902344
828.786682
1754.414429
995.831421
2131.688965
1107.656372
1280.727783
520.660034
1121.762329
283.634216
470.872864
602.619934
642.813904
1304.803345
903.525024
819.877930
678.679382
934.636536
1205.707031
671.682129
615.764587
479.817108
407.916626
844.852600
796.843811
369.790375
963.722656
1681.701538
324.853973
756.858582
652.851196
627.729553
764.730469
559.554993
1100.814331
667.796387
257.885284
1196.591431
1105.766846
522.707458
674.681641
629.635620
439.633759
466.675690
659.798706
1356.771973
886.593689
842.563721
1074.562866
1076.688110
585.855347
714.680725
943.755371
1005.603821
740.236633
725.684875
2191.736572
1052.642456
1168.812012
240.682587
1066.734131
634.797302
1066.706543
882.799622
844.880676
1205.647095
1188.895874
314.679810
907.755371
1239.761353
1027.419556
1045.786743
506.836914
877.705627
823.790405
689.925354
1054.875610
996.525024
481.875153
1257.522705
877.865479
229.778412
821.667358
693.812500
588.934143
877.684448
881.596924
896.990784
867.790833
611.763184
1310.594604
648.000000
433.864105
430.873779
1115.802368
709.906921
1062.698730
429.786255
530.817078
993.716675
2356.549072
1402.669678
1590.669678
1466.743408
552.851685
716.783020
1111.843384
636.749878
570.919373
569.925354
1495.617188
388.589050
909.818481
666.680298
480.811584
842.654968
259.878845
454.890350
486.838287
415.792694
877.801880
1343.776611
1235.660889
813.787598
958.764160
1643.661865
755.640198
544.707947
960.802368
1246.869629
321.617157
1379.610229
762.725403
923.816650
881.625488
730.768738
1029.744751
626.830444
401.878845
925.838318
663.906494
1309.616211
619.711609
1007.613953
910.735107
342.852570
863.963135
713.890381
370.813416
868.678894
722.693176
361.886200
484.832764
906.982056
618.942444
402.367920
1089.790894
890.643860
861.775208
263.923523
1560.590454
799.672424
1024.842041
1212.536133
562.783936
739.899597
524.870117
1154.614380
492.946564
377.786713
1079.759521
862.308533
1336.891724
1497.581299
454.657257
1144.713013
551.850281
741.634216
691.900513
341.859955
895.800964
1094.757202
729.772888
868.679382
962.765503
1431.314941
1085.980713
1559.878906
353.908325
732.714844
951.781189
1587.441650
1345.474365
367.856262
392.916168
349.874695
441.947021
944.880676
509.846588
1031.750366
883.824951
633.851685
389.816650
222.810654
1251.440674
751.617188
1015.578918
334.905090
802.666443
1390.789429
1103.798706
545.864563
837.661377
461.653564
1170.483154
1036.811157
820.561401
1446.673828
597.664185
1099.572021
503.932281
516.736938
742.830444
397.803284
665.929504
518.503845
901.732361
1263.911499
1547.534302
843.842468
571.807434
493.662323
1197.558228
673.565125
1019.760925
678.851685
726.821228
579.752136
639.792236
1070.757202
549.892212
507.580322
2034.603760
1206.578003
785.802368
603.777954
871.724976
330.782104
901.853516
748.905579
587.763184
2306.262939
781.687195
285.847961
1380.869629
469.755829
504.933655
780.794556
1566.597778
1292.825806
719.664185
901.829102
792.542053
1167.510742
800.666931
1039.467041
1396.852173
2030.507080
622.833679
1342.836060
953.881165
1197.863647
1253.493652
865.636963
807.808350
256.896820
637.898621
1239.758545
713.700989
1111.550781
916.821228
841.672424
813.631470
445.776093
1055.685303
473.550354
1089.688599
1068.785767
590.850769
1202.760498
1608.559570
965.601074
1083.849854
107.864098
1220.748901
938.659119
801.773315
716.795471
594.942444
832.745239
1028.743408
1058.862671
857.892212
852.875183
632.795898
953.809753
1154.717163
1334.532349
485.906494
414.742462
2294.421387
438.867310
1126.776978
645.650330
690.766907
879.663696
412.838287
739.770142
1219.770630
512.827271
849.755859
640.601074
1527.846191
913.860901
1415.570190
1046.757202
417.831848
968.590881
724.877014
469.911102
426.953461
1145.693604
1849.582642
512.671082
1014.681213
1464.611694
963.509338
1404.730957
572.613037
989.759521
468.827240
825.513489
711.810181
579.829102
377.846130
425.877930
519.842468
563.829102
643.847961
903.821228
594.844299
608.882080
893.577087
644.858582
1128.529663
719.774719
625.606140
951.787170
635.843384
756.660034
1130.707520
985.348572
864.932312
263.846130
595.839661
668.873291
692.871033
436.782562
2121.502930
2173.601074
637.718506
866.869629
969.669678
969.888062
1078.621826
910.868225
714.894043
657.708374
757.710205
1418.799561
585.880676
800.662292
886.747559
1655.748413
832.737427
678.818481
688.611633
867.701965
640.756775
614.689026
799.575256
2078.466553
265.772430
1127.687256
809.574341
230.828629
531.911560
821.672424
1747.494141
721.765076
437.847504
1777.528687
197.915695
3096.214111
898.819885
1013.654968
625.753540
342.871460
344.719910
508.894501
591.692261
808.886230
1098.837891
568.757202
1181.617676
748.813904
1260.730469
1655.691772
582.799622
933.883423
1617.789063
693.804199
1166.784424
1073.680786
620.821716
860.916138
823.841553
793.821716
711.921204
756.697815
657.762756
417.875153
710.836487
412.823547
1219.513550
723.888977
802.832336
1021.789917
627.857666
709.854431
618.872375
563.815735
686.572021
707.881592
1105.459595
680.694580
586.773315
933.706055
1348.455933
510.789917
653.763672
458.925842
988.590881
1320.439819
826.804199
594.772400
668.820313
443.868256
816.769226
777.760925
748.804688
629.866394
872.373474
761.818481
615.921692
595.716187
939.783508
735.710693
395.869629
995.858093
701.694580
898.765503
949.753540
303.769196
530.747986
2600.484863
1676.496460
958.589050
247.926758
730.732361
403.822174
833.728638
734.804199
723.814331
827.676147
866.642029
935.616272
1233.641602
216.892197
1072.893066
297.882996
327.765961
325.900024
710.859009
1162.515381
1173.722168
1375.277588
968.767334
590.683044
1081.705566
394.667389
384.860870
1285.702881
894.478943
535.870544
720.804199
687.880249
578.825378
924.633728
126.901871
513.945618
1396.841553
579.916626
1419.567017
819.689941
720.767822
788.762268
1105.755859
1250.546631
943.732788
747.588135
803.660034
898.699646
2109.752686
487.772430
823.669678
491.765503
809.787170
727.733276
666.767822
458.910614
629.815735
971.900024
358.932739
902.730957
994.789001
559.769653
858.718079
845.796387
1078.751221
335.794525
773.547119
1078.889893
1002.882996
739.699158
1174.750366
534.976501
533.904663
853.770569
899.717590
645.751221
799.902771
788.830017
872.537476
622.916138
650.728638
926.730042
629.697327
563.899597
447.835541
505.729126
454.900482
642.723572
1436.701538
756.621765
444.906494
685.741089
1069.882935
811.775635
941.691345
1077.701904
768.724976
650.771973
672.721313
688.915710
1471.478027
713.710693
743.719910
1470.472046
609.838745
571.893555
382.706085
671.853027
665.925354
755.805115
539.832764
866.580322
551.824463
951.506165
531.800049
772.838318
1614.569702
571.823547
702.815247
1012.845703
658.871948
698.736511
1370.643433
1326.483154
958.691772
379.851654
752.811584
712.000000
543.810181
392.845215
856.768738
1412.815308
932.609314
724.873779
518.830017
676.647583
1040.767822
223.853958
755.818054
1012.513062
973.707458
949.783936
618.847046
1014.842468
841.553162
478.660004
748.664612
919.609802
905.767334
708.900940
1045.723145
496.673828
351.909698
1159.886719
1050.684448
583.939209
905.549438
763.937805
581.953918
1100.629150
916.762268
786.677490
942.928162
841.525024
936.615356
1101.767822
1179.773315
438.752136
796.840149
671.727295
1577.425049
814.632813
764.734619
743.828613
361.829071
677.676575
820.789490
1042.997192
834.856262
345.848907
845.742004
234.898193
498.993561
1312.625977
803.729126
565.775208
753.655884
410.904633
709.603821
592.770569
640.692261
647.806519
611.636536
861.643860
838.776550
1018.860413
740.823120
549.775208
398.861786
1642.852173
1112.895874
686.957153
1081.795044
668.595947
390.880219
610.573853
1077.401611
636.742920
1819.660522
1223.713867
1138.736938
761.832336
1358.708862
867.745728
1001.690430
1127.402954
781.876099
982.848450
740.907837
873.762756
989.735596
595.865967
984.684448
932.722229
442.792236
605.000000
1455.639282
822.980164
776.829529
985.817139
1298.688110
1407.797241
952.746643
241.933655
301.811127
1221.745728
344.836456
626.819397
820.754944
1454.877441
1098.664185
610.710205
686.877441
410.865021
1164.605225
744.775208
1375.638794
909.000000
815.716248
673.618103
780.414917
354.891754
602.946533
802.771973
465.942871
509.806519
425.805603
843.868225
301.701477
982.473450
812.736938
1200.714844
503.652191
1238.583130
417.665527
532.751709
942.732361
784.807922
1657.892212
940.828186
660.763184
1022.572021
295.931366
527.680725
629.814819
1111.485840
706.853516
284.886658
1147.840576
414.856720
1293.726807
1077.733276
439.662781
596.800964
894.762268
633.802856
1012.553589
632.624084
956.689026
788.723145
760.848450
680.865479
670.916626
759.719910
572.752136
1414.834106
1147.632813
1926.688599
1117.907349
594.673401
618.707458
889.610718
792.826294
1040.529663
781.618530
932.767822
1253.660034
258.876984
1145.745728
1138.847046
760.877014
655.871948
837.872864
379.638824
982.583557
510.810211
729.874695
1178.626831
3217.422363
847.840149
581.750305
1341.729980
1137.779297
1009.621338
837.702393
600.897705
1168.706543
1001.792664
338.657715
383.845673
648.776550
783.706543
648.425049
956.755859
628.739685
217.881607
457.881592
489.795929
680.805115
1633.246826
995.945190
1600.414063
851.738770
416.841980
465.822632
393.871918
378.787628
567.909241
669.639771
679.786255
891.710693
1301.629150
849.709290
1211.506104
856.821716
863.628235
884.840149
339.803284
1316.740234
819.664612
439.821716
412.565582
679.816650
736.769653
894.639771
388.798676
642.931824
826.834595
792.856262
757.796387
844.779785
400.730499
510.363312
1431.481689
596.883911
820.653564
792.802856
891.766907
607.823547
1195.816650
1001.704224
631.813904
260.891724
687.766907
388.850281
782.785339
642.852112
488.902802
959.746643
1349.797241
1247.524170
182.832764
238.734177
811.893555
784.837402
2445.459717
585.776550
548.779785
1019.782104
593.762268
1201.920288
612.693665
568.752625
301.701477
455.763672
426.746613
1113.856323
888.802856
1038.738281
342.712982
479.892670
386.872375
1012.882080
1712.484009
767.672424
934.800964
828.807434
232.860413
992.867310
1763.691772
713.727295
818.690430
1174.668335
832.755859
411.934570
677.679810
1195.771973
264.689941
607.644836
407.876068
646.805115
682.801453
802.739685
635.871033
1167.795044
808.671997
281.694092
1553.697754
705.470642
1552.633789
413.841980
394.956696
978.756775
856.829529
1256.402466
304.794525
982.700989
663.660034
657.844299
494.824005
614.785767
1055.738281
954.530090
1369.759521
308.899109
349.564636
505.895416
790.706543
582.887146
691.799133
670.754944
689.771057
770.730957
789.914795
1256.524170
571.812500
982.796814
483.680267
481.892212
1338.817139
1021.851196
1569.741577
799.776123
361.721741
926.686279
1613.481323
1128.587280
595.810181
2636.437500
609.817566
344.908325
1139.795410
736.872375
1838.567017
857.894958
641.911987
784.888489
1004.738770
1199.720337
1929.705566
648.750305
915.819397
636.814331
966.870544
491.901428
492.899109
1007.671509
596.820801
683.824463
714.823547
1558.633789
667.707031
532.887146
661.782532
1000.768738
1205.567871
778.786255
477.794525
611.798706
2010.376221
2010.845215
833.604248
820.811096
813.816650
244.756760
225.714371
211.758606
529.975586
767.812012
420.696411
1000.662781
525.815247
804.728638
553.785339
2281.671631
1110.886719
655.843811
527.780273
373.962677
628.749390
353.777954
527.842896
711.725403
1004.692749
707.730469
840.906921
676.843811
568.835999
364.801910
809.635132
754.902771
1090.349976
1037.587646
369.729126
595.900024
675.792664
1316.726807
931.714844
965.847961
456.809723
2194.538818
447.871918
1209.821777
845.675232
831.896362
515.785767
864.711121
1434.492798
514.709290
1848.782593
842.832336
1380.715820
1254.824951
942.882080
1368.495605
345.976044
498.823547
978.650330
944.465149
2102.198975
2123.420410
879.691772
550.772888
550.911072
672.830933
442.846588
708.555420
1161.651733
438.835083
1335.725464
1144.777954
992.559143
609.928162
859.826782
828.703308
908.831421
711.727295
596.589966
347.835999
776.970520
617.782104
734.775635
1531.493652
744.760010
414.914307
735.833679
1077.583130
1094.720337
724.844299
755.645264
957.550354
1514.554932
987.854431
512.808350
252.900497
1096.711182
1309.596924
890.656311
488.718506
412.803741
495.650787
682.899597
326.665527
256.934113
620.829529
817.706055
891.629578
981.876099
537.949768
542.935486
1415.817627
1359.760498
552.862244
1560.691284
904.707947
405.827698
878.832336
870.856262
1487.873779
910.556335
302.855804
559.742004
644.750305
444.609344
852.632813
717.903259
648.802856
1058.851685
752.677063
938.707031
1267.758179
918.874695
586.700073
667.905090
1752.698242
622.733276
595.817139
648.881592
690.760925
848.830444
198.745239
757.568359
713.753540
1352.736084
818.783508
600.587708
365.823547
664.833252
965.836914
623.749817
605.759521
342.759979
782.774292
454.870087
586.840149
419.696411
1358.749878
425.864563
1276.816162
530.759521
480.783020
814.806946
866.743408
1021.664612
1118.622681
947.704712
753.677979
1788.636108
288.877472
864.824951
682.839233
703.845215
550.719910
569.697815
403.857635
368.730042
772.807922
577.884399
1143.768311
441.939178
832.798218
287.644806
1310.821777
814.821716
712.790833
749.737854
1419.828125
1356.329224
794.764587
1279.718506
685.868713
1115.666504
792.848877
782.929077
565.754944
833.750305
750.929077
581.753540
871.794556
411.647125
1138.836914
527.799622
798.847961
874.577576
886.863159
1547.776611
714.839233
2034.650391
827.660461
479.785767
1082.870972
284.812958
773.923096
1008.456360
868.748474
646.814819
791.724976
166.875610
861.704712
782.867798
1380.716187
837.842896
1348.776611
930.695007
856.778870
1104.560913
1856.748047
404.886658
1313.375366
1306.749390
873.773315
381.795441
977.859924
584.560059
1151.664185
734.741577
1343.819458
707.812988
599.754944
1258.783081
1161.551758
970.627319
1010.822205
1065.617676
1116.872437
838.829102
812.694092
1115.661865
964.778381
867.821716
648.827271
608.771484
908.808350
762.679810
427.695953
1569.292847
613.755371
1209.689087
1221.704712
579.888489
515.954834
471.667847
920.567871
862.786682
595.871033
740.991699
650.667847
948.758118
760.795471
751.721313
495.730957
952.694580
1300.505737
1282.878418
469.793610
1115.782104
377.782562
1003.710693
715.772888
582.686279
2628.217285
614.760010
439.682587
494.643433
1062.744263
554.767334
352.847046
687.917542
123.852119
1028.716675
1012.927185
613.811096
1428.711182
1578.525513
1092.621338
1741.656372
1168.603760
254.829086
484.759521
975.766418
550.911987
1663.717651
423.758148
843.701477
803.809265
1162.802856
645.841553
790.674744
1008.833252
1034.799561
773.812500
703.824951
804.803772
898.893127
741.884399
894.791321
909.823120
1259.729126
747.869629
884.886658
1010.789001
582.824951
860.681213
1195.849854
608.745728
918.607056
556.722229
974.832764
753.904175
920.759521
560.781189
703.806030
770.811096
359.948853
564.703308
566.796387
584.704224
693.845215
371.788544
1081.448608
1231.716675
938.592773
1349.695435
1103.824463
671.913391
1128.577515
1307.702881
1002.995850
515.768738
1379.933716
486.775635
702.775208
1109.843384
647.869629
715.868713
367.736481
599.890381
1070.533813
299.949799
472.732330
1221.696899
669.827271
906.890381
1052.707520
952.854858
410.859039
583.899597
1098.853516
267.737854
911.613464
572.733276
1103.805542
817.662292
1069.619995
275.764587
665.855347
720.777039
558.777039
828.745728
354.892212
346.854431
841.773804
486.758148
403.858124
1391.630127
443.816193
1063.796875
308.748016
1109.733276
471.871002
1095.881592
437.862701
663.826294
526.693665
690.820313
1138.704224
915.814819
485.844299
691.720825
449.743408
709.712097
1742.769653
913.606140
362.830475
675.813904
512.882996
1699.597412
1102.618042
2444.744385
1300.906494
880.817139
1222.763184
946.647095
980.772400
1419.482666
737.745239
1139.814819
583.831848
593.739258
861.769226
490.701935
1122.812988
556.824463
727.723572
802.873779
736.764099
555.678894
425.889893
1854.363281
398.664612
938.679810
693.834167
1438.826294
818.583069
798.740662
165.857651
530.743408
465.835999
389.841980
996.863647
332.632355
1155.593628
495.780701
1049.695923
964.936890
1041.629639
244.882523
374.800995
164.872391
327.635132
710.864990
701.557251
1553.592773
570.804199
979.812500
1288.732300
361.830933
1209.780273
845.768738
763.677979
1215.754517
1458.609741
1511.726318
686.742920
386.860413
875.849365
886.639771
564.847046
671.806946
410.727264
1123.675659
964.717163
467.970062
586.852600
324.000000
529.918457
391.771027
739.693665
1108.842896
1606.488159
1158.764648
1101.621338
783.856262
973.670166
543.789001
817.844727
789.925354
420.810211
507.863190
483.769653
1029.725464
895.780701
451.750763
385.806061
694.846130
382.633759
617.818481
637.711121
1010.597839
512.648926
812.830444
653.852112
735.740662
665.877441
1526.578003
647.676575
950.889893
532.642517
803.742493
486.782104
416.817108
695.937378
472.858124
683.880249
430.903717
1170.864136
954.895874
1910.596436
431.866852
611.800049
828.719910
368.658630
1278.572998
603.750305
157.859955
1775.441650
1231.592285
779.844727
1365.791260
745.876526
1039.298828
1014.768250
999.817139
704.858582
1088.706543
998.754456
1194.826782
742.840149
594.849792
456.640198
227.797760
415.846588
613.742493
509.669220
949.713928
725.544861
1094.577515
743.573853
708.604736
495.794067
968.544861
1137.561890
1500.436523
581.616272
831.910645
852.621765
941.722656
280.723572
1188.758179
1680.409912
1031.736938
1202.804688
544.611206
1236.712524
665.800964
803.778381
868.782532
1017.685364
1617.697388
626.935059
908.677979
971.576172
714.733276
484.827240
1181.843384
761.759521
833.859497
429.819885
1171.627808
441.857635
749.636536
1567.498779
2145.562256
700.787598
733.853027
1204.816650
1020.862244
1009.861816
732.914307
1192.769165
801.773804
1086.795044
654.728638
534.849792
332.680756
725.596924
975.830933
412.891266
728.840576
615.885315
905.790833
803.861816
595.774292
622.783936
701.673828
496.848450
432.718506
659.767334
987.621338
1192.736938
963.620850
671.730957
532.661377
704.780273
416.910156
591.807922
1584.534668
950.613953
1023.820313
847.793152
430.802368
963.894043
645.746155
592.790833
752.733704
394.897736
1502.694092
869.497864
776.924927
709.724060
214.944717
729.791748
1229.838257
283.721741
1713.786255
754.596436
540.784851
794.477112
937.797791
822.786682
1231.700073
1267.835083
1001.803772
706.756287
1112.904663
637.955750
705.925354
774.919373
696.843811
944.811096
804.785767
1014.578003
638.808838
1174.774780
493.943787
282.730042
547.838318
746.695496
1405.763184
885.834167
643.627319
554.803284
645.778870
493.828156
399.851196
966.807434
857.768738
418.724518
1003.971008
329.844757
503.817108
597.903748
782.565125
189.865479
914.794067
828.811584
489.792694
1471.248169
926.689026
1856.620361
266.956238
539.873291
1330.873779
747.801880
393.858124
950.718994
1507.659546
1626.776978
228.748001
801.923096
549.843384
436.876984
806.775208
792.753540
889.691772
237.691803
503.975128
1189.717163
612.945190
655.967285
981.830933
729.602417
553.855347
921.689514
951.711121
834.531921
791.901855
521.990784
282.948395
610.872864
945.715759
476.783020
714.713440
646.843384
1116.761353
551.747070
793.748474
2075.608887
471.826324
601.902771
1025.741089
683.897705
939.780273
456.906494
626.818970
218.581238
921.749878
780.702881
151.925369
484.824493
545.635132
603.704712
432.921234
930.778870
973.514893
613.722656
908.833679
1104.644775
925.967285
600.598755
908.779358
726.685364
713.843811
924.881592
303.845673
588.834167
892.750305
696.647095
525.769226
818.669678
719.714355
596.826782
624.862732
712.690857
936.760437
1743.438477
972.915710
1026.683960
717.677063
508.846588
521.596436
590.806946
701.685791
712.804199
365.649414
738.796814
651.781616
768.667358
776.639771
1079.842041
926.830933
1080.568848
809.713928
1115.859497
245.897720
495.919830
397.767365
656.810669
1559.802368
452.814819
2431.367920
834.779785
512.682129
2618.493652
510.555420
1327.947510
682.353638
677.830017
1424.839722
1346.557739
1367.707520
837.670166
1059.679810
382.775177
487.623627
2104.726318
791.670166
975.665100
407.980652
758.752136
1004.661865
522.778381
361.752625
605.962219
1033.652222
458.809723
639.829102
720.753052
473.932739
798.729126
1057.688599
622.663208
903.829529
951.833679
530.901428
1034.702881
671.869141
706.789917
843.674316
1460.823120
1242.697388
1318.358765
676.795471
1149.846191
861.746155
992.904175
626.669250
887.687195
928.818481
593.634705
1760.513062
3085.688965
829.747559
2113.428223
1160.500122
895.908813
2471.366943
1080.744751
754.754456
1702.451294
836.667358
370.776581
829.684448
825.854858
875.699646
1955.578491
1101.601929
561.743408
552.788574
702.838745
948.704712
552.821228
481.741089
1021.790833
1191.448120
491.842896
607.640686
712.710205
934.927673
238.962692
639.813416
585.872864
400.768280
329.737854
923.859497
802.535156
256.935974
1385.826294
839.760925
765.531921
1574.525513
808.912476
1044.874756
302.893127
897.873291
1296.592285
742.718506
371.864563
526.831848
799.843384
1156.530518
1226.628174
2481.549561
604.683960
370.899109
1108.743896
791.788574
897.703796
584.730957
710.741089
909.847534
366.837372
678.604736
409.749390
344.613007
579.872864
794.642517
846.875610
294.847961
876.711609
424.925842
850.731445
860.916138
910.838745
617.711609
1270.620850
1174.901855
1154.742920
451.718048
1206.946045
1230.822632
732.757690
1423.600098
662.775208
1549.793213
402.871460
816.747070
609.775635
567.776123
305.829559
902.897278
1239.455933
1050.558228
357.826782
1197.626831
337.832764
600.747559
1292.437500
2401.517090
816.647583
526.950684
815.817139
797.607483
453.741089
1473.799194
800.804199
1232.499268
828.428284
548.653564
899.869629
2337.569336
1005.902344
835.783936
562.718079
1217.755371
524.705627
502.831390
399.920288
674.772888
896.741089
2075.669678
931.691345
280.853516
825.920288
1076.706055
2152.725830
229.853043
298.742950
1516.549927
519.783936
891.626831
802.782532
1393.647095
563.806030
807.761841
1177.749878
1220.628174
965.644836
459.765961
838.862732
1532.677002
979.752625
1187.846558
332.846130
792.626404
2402.557861
487.687195
688.700989
1727.652588
497.838287
967.694580
1214.557739
880.664612
535.913879
997.660950
1415.636963
1061.715698
289.784851
970.815735
334.804199
712.724060
1499.718994
673.796814
978.698242
1324.607910
1032.484009
1197.722656
563.794067
844.876099
1007.733704
2014.606079
639.672424
476.896332
856.757690
535.796387
1377.374878
1116.634644
672.805115
644.881165
898.779785
421.800537
1311.520020
1127.572021
897.694092
469.747070
641.789001
402.776581
153.866394
807.804688
574.781616
1297.489990
951.675232
869.803772
1208.594604
669.764099
1045.699585
567.812012
816.860901
774.742493
870.592285
574.717163
724.937378
822.683960
1097.603394
590.783447
1062.756714
659.901855
772.755371
905.865051
1776.756714
1127.654053
747.900940
2156.606689
667.793152
1155.672485
534.694092
1479.371582
1303.818970
530.905579
402.879761
995.662292
949.594604
620.777466
915.819885
381.675201
2336.609375
579.895447
726.490967
627.688110
319.736023
828.392822
613.676575
1406.674316
503.855804
467.922150
486.754456
811.874207
513.851685
679.681213
586.770569
709.860413
390.735565
784.841553
844.638794
604.515808
268.675659
924.895874
614.881165
883.554993
426.731873
1310.677979
274.780701
346.792694
438.904633
848.826294
1315.874756
323.569244
833.704224
566.564636
487.818939
736.734192
933.808838
1153.651733
1842.512085
545.871948
1158.668335
1692.702393
697.830444
580.617188
587.683533
876.732361
900.570618
749.784424
1665.614380
636.822205
1067.802856
701.777954
716.890808
435.648499
877.908813
1163.708374
2194.433838
436.872864
912.670593
322.856720
840.788574
712.809265
408.851196
1201.756348
1110.805176
1162.554077
494.860870
542.790405
1053.719482
728.818481
307.903717
670.695007
1087.716675
1036.640259
1271.253174
2134.377686
460.647125
531.888977
676.787170
905.729553
602.763184
547.880676
473.579376
488.745239
975.887146
204.805130
1162.625977
303.819397
441.792236
1195.892212
1168.511230
806.705627
767.773315
372.875153
600.740662
1181.805542
1123.773315
1248.843872
399.843842
523.884827
389.881592
583.801453
1004.741089
1001.780273
589.931335
823.735596
1076.811523
1054.616211
617.723572
752.689941
381.761810
1180.805542
209.843369
1971.754883
1972.677124
1119.604248
1395.886719
826.907837
564.756287
815.890381
594.832336
666.561401
932.910156
508.809723
1052.703735
1351.637939
614.739258
1358.586792
1066.817993
932.953003
658.790833
1592.507080
682.817566
946.728638
1198.957642
907.890808
1545.800049
503.845215
832.785767
457.900940
965.597839
2252.791260
562.772888
392.742004
801.781616
707.693176
1156.824951
711.818970
311.806519
420.828613
1313.808350
718.736023
442.927216
725.885315
620.673828
726.792664
712.924011
390.810211
652.878845
2210.376709
590.845215
758.844299
538.910156
599.602905
1236.452759
488.831848
477.771973
1130.667358
393.791321
477.829071
891.894958
1025.812012
872.763672
1246.380371
1250.672485
807.683533
711.824036
636.825867
323.953461
448.903259
483.748932
834.726379
1130.866455
497.836914
1571.677979
278.808807
817.804688
437.868713
1236.646240
971.930908
988.421814
982.827271
704.861328
1300.846558
329.894958
1117.672974
911.681213
600.773315
601.804199
711.805603
428.842438
1099.856689
765.530090
510.806061
581.799622
467.884827
803.939209
460.809265
805.904663
537.693176
1198.663696
815.765991
572.804199
437.841064
614.860901
860.643433
1690.519043
1082.622681
827.902344
881.740173
852.806519
707.847961
1303.789429
1209.823120
1223.598267
618.698730
1348.951172
234.917999
692.815247
563.891296
884.707031
712.834167
1454.698730
441.853516
1063.265259
987.853943
527.622253
570.803772
924.856750
746.685364
556.944702
464.874695
1196.526001
909.784851
853.927185
674.696838
876.898682
582.745239
1118.703369
1082.808838
1024.835938
903.820313
239.767349
792.578918
1592.694580
627.800964
1516.713501
841.578918
445.861328
1270.330200
610.750305
688.917053
819.789001
650.791748
585.862244
846.737427
811.573425
731.848877
592.740173
825.964050
821.735596
1605.697388
1064.615845
1423.790405
497.875610
424.885284
1305.778442
1225.614380
2230.615723
484.701019
573.838318
887.645264
1206.619995
858.648987
386.701935
2138.595459
309.777039
708.718506
768.926758
243.765503
378.811584
1365.537964
729.871033
675.797302
720.747986
909.678467
646.757202
717.755371
734.779358
1197.616211
1646.371582
1581.673828
216.769196
467.817108
625.793152
877.559143
2039.340332
757.700989
526.811096
969.798218
395.829071
518.862244
490.571564
1165.879761
757.729126
543.604248
1015.721313
499.625916
889.714844
266.910614
1186.623657
944.790833
1872.498779
1040.794556
1841.529175
675.489563
725.745239
1056.643921
691.749878
690.661377
560.778381
401.774261
518.747986
586.700562
786.892639
489.813873
1065.833252
698.836914
444.756744
487.959473
1148.538818
2725.430176
1058.749390
733.706543
1308.582153
840.461914
1391.735107
533.896362
579.773315
496.784851
214.883911
1221.842896
296.794983
345.761810
689.840149
2665.784912
1260.841553
1152.769653
1371.775635
315.825867
1506.736938
1275.636475
386.734192
464.749847
528.747986
659.679810
951.823547
235.855347
1035.718994
256.756287
340.897736
278.729584
1058.744751
927.419983
1012.764160
590.000000
680.893127
903.763672
2195.216309
530.824036
902.856750
2236.450439
1718.703735
1284.634277
1057.714844
535.770569
517.851685
630.884827
2705.661865
872.908813
1142.575684
1168.903687
921.712097
688.864075
622.718994
405.638824
817.711609
1069.780762
576.853943
1231.495972
989.671082
1590.611694
1007.180908
587.620850
745.871460
502.887604
789.693665
916.836487
878.643860
968.848450
801.853516
466.929047
1953.393311
311.809723
959.706055
779.904663
1222.663208
360.866852
781.893127
674.732788
1405.598267
322.927216
746.633728
505.733276
1270.656738
855.622681
1292.622192
676.874695
1005.669678
1230.705200
616.833252
680.637878
477.906494
766.609802
783.943359
785.742004
898.699158
396.804199
776.842896
2736.222412
601.491882
952.754944
765.835083
772.732788
960.857178
925.654053
938.703308
1306.744751
1029.673340
811.678894
480.797302
428.737854
797.695923
656.758606
293.779785
920.255554
655.724487
982.896790
1093.522705
724.854858
373.692261
694.828613
741.778870
578.711121
368.703308
452.894958
980.802856
1390.556763
1517.324585
358.723114
440.902802
1122.739258
339.790833
914.728210
1296.721313
786.841980
563.539795
707.852600
1180.792236
6087.510254
690.858582
977.707031
338.811127
960.764160
761.891296
597.796814
871.868225
315.913391
234.916153
520.835999
922.758118
693.793640
351.835999
668.747986
1361.724976
2019.558716
674.666931
879.783508
572.702393
1148.777954
1112.699585
380.884827
1189.698242
222.769653
377.714386
251.962219
472.894501
242.661850
524.774719
776.924438
754.883911
921.843384
850.482178
787.566467
787.847534
588.760925
286.788544
1134.548950
497.777954
436.800995
470.704224
644.531921
427.727722
353.743866
889.668762
512.726807
690.764587
2153.493652
766.656799
738.696411
357.678436
566.876099
493.849365
610.883423
697.876099
1119.687256
823.799622
354.569244
1051.815674
720.780701
900.905090
744.654480
1779.757690
983.855835
1066.662354
414.846130
1076.501953
380.844299
1564.855835
1020.683960
672.656799
635.782532
454.713898
1066.791260
855.741577
1204.666016
703.775635
679.734192
734.441650
592.610718
603.801453
650.788574
729.708374
907.635620
758.523193
1166.584961
1075.663208
601.734192
735.666443
548.736938
579.618530
616.783020
1228.658203
523.739685
917.880676
391.626373
915.825867
680.686279
445.916168
397.727264
362.915222
751.636536
350.915222
882.929077
715.769226
2076.461426
961.613464
616.911072
724.719421
489.872864
629.815247
786.849792
617.850769
913.811096
854.793152
931.803772
947.841553
937.645264
1345.805176
619.762756
896.778381
505.634216
907.753052
845.632813
787.492310
575.712097
521.711121
530.787598
1245.673340
707.609314
1309.547119
1142.655396
751.777954
843.796814
1742.643921
569.791321
787.437500
721.745728
821.915710
1120.698730
570.807434
443.723602
1171.933716
658.925842
722.742004
450.774261
491.702850
509.770111
870.867798
620.821716
495.883453
875.759033
854.908813
1082.757202
1255.787598
460.834167
826.486328
669.864990
808.790405
294.800995
570.855347
514.926270
924.634216
809.566040
309.896332
1220.762329
558.687683
1118.635620
960.787598
599.848450
560.767334
617.824036
810.765991
1195.783936
2041.694580
250.791306
829.674744
665.879761
785.760437
1262.793213
1180.659546
716.642517
1024.651733
1007.676147
269.824005
900.832764
412.853027
721.835999
964.523193
732.692749
961.839661
733.934570
513.793152
571.808350
1081.814819
1120.810669
817.736511
194.794067
714.713013
1370.678955
907.838318
1840.802856
772.912903
479.871002
1708.579346
645.800049
910.682129
681.700562
944.761841
911.824036
633.798706
534.893555
1181.754517
813.894531
1112.736084
819.891296
514.874207
1043.859497
253.494629
734.821228
308.883911
499.721741
979.777039
653.715271
843.649902
1288.642944
1197.729980
391.722656
600.713013
388.659546
841.823547
1288.553101
594.879272
435.917542
993.912476
689.911072
489.719452
791.743408
1344.752197
1376.488647
861.598267
824.853516
1051.777954
587.828613
430.855347
1232.862671
1163.651733
1464.684937
416.821716
392.823090
684.000000
1399.219604
1277.603760
194.895889
528.789001
995.642029
520.937378
688.801880
751.749878
480.631439
651.826782
1119.815308
503.780701
503.718048
762.854858
410.576630
1123.654053
880.625488
1465.767334
1647.626343
702.798218
541.775208
624.839661
1709.469727
752.753052
1043.729980
394.909241
953.682129
403.747070
1075.491455
1323.795410
582.780273
904.764160
310.898193
822.689514
876.838318
697.817139
589.934143
686.979736
1377.738281
1255.776123
337.863190
758.527344
411.894043
478.578461
678.772888
754.343079
1121.881104
657.698730
847.876099
964.704712
459.865479
416.872864
755.569702
842.653076
1714.758545
1408.761353
774.891724
1436.432861
1162.866455
601.775208
2141.562744
908.616272
482.646637
628.786682
1683.553101
393.894958
2252.697266
1194.822632
766.702881
559.496948
1136.685791
735.819397
659.822205
937.682617
1260.843384
376.831848
815.798218
647.770569
647.723572
846.730957
654.674316
950.930420
652.862244
777.935486
566.613464
1469.577515
1421.873779
204.838760
999.688599
410.856262
486.616699
899.728638
617.483093
1002.576599
999.736511
347.858124
510.775177
1067.868286
751.854431
742.684875
858.792664
1055.495605
975.595032
1354.560059
736.794556
611.718506
1179.446655
1260.610718
1157.513062
1007.603333
1158.849365
1108.791260
761.826294
367.831848
636.754944
613.897278
452.956696
509.905548
449.694550
357.806061
667.598267
1044.640625
509.888519
1137.754883
756.750305
395.809265
833.876099
1108.573364
468.826324
1395.754028
600.870117
833.718506
654.795898
1262.729614
600.839661
470.806976
1051.546265
416.738800
887.700073
912.776550
799.727722
641.855347
732.496948
864.846619
759.906006
352.857635
1047.790405
210.789932
774.791321
1289.427368
750.856750
1084.761841
861.681641
1150.760498
732.759521
391.949341
619.918457
294.900482
403.744324
628.807922
305.706543
1323.314453
1303.607056
562.816162
1416.838745
894.882996
673.945190
608.655396
310.680756
396.666473
745.740662
760.690857
2590.185059
422.870544
651.940552
1068.906494
603.690857
411.876526
513.715271
1003.820313
392.813416
946.869629
410.945648
1150.668823
497.888062
256.950714
755.849365
537.884338
828.743408
1140.587280
1025.849365
1215.857178
562.813416
192.871933
1047.718506
835.583069
472.850281
352.389130
2022.825439
969.614380
1089.484985
544.901428
270.919830
1061.883911
472.676605
842.720337
645.777466
1349.723999
598.826782
1175.614868
1497.570679
674.609802
658.648926
1299.462891
333.757202
873.681641
1571.921265
1373.654907
1764.501587
485.762756
875.681641
884.783936
861.515381
356.635132
1540.391479
667.901428
752.878357
1065.718506
1166.397461
633.783508
816.771484
454.988037
576.777954
800.785339
1852.420898
745.735596
750.610229
712.806946
365.700562
1579.774292
1419.404297
1008.658142
715.733276
676.803772
1064.797241
982.688599
1882.651245
646.799133
1011.831421
679.583069
1098.734131
724.847961
786.828613
961.821228
479.840607
884.659119
940.507080
925.662292
1180.384521
855.763184
1073.680786
1131.649414
1358.621826
561.794556
418.824005
1550.627319
615.693665
1487.604248
481.897736
539.674744
993.548096
584.826782
930.647095
403.788086
477.695496
614.922607
854.860413
845.629578
1086.672974
1080.777954
1023.618530
1109.736450
1194.864990
690.793152
657.678467
238.844742
471.919830
1294.669678
1367.685303
780.694580
973.821228
773.804688
2724.317627
921.772888
1200.723145
1326.774292
481.759979
968.448547
728.760010
555.796387
996.748901
558.792236
691.820801
1882.847534
749.000000
1080.898193
761.971436
889.589539
1158.709717
474.655396
799.836914
240.905563
224.816193
769.708374
1191.475708
535.916626
697.862244
476.777954
687.582153
249.753998
1209.787109
1296.625000
954.550354
477.768280
343.876526
1225.688599
321.988495
1400.585327
904.877930
1705.580811
414.658173
1274.645752
919.549438
1386.743896
872.852112
179.841980
792.797791
485.802368
758.813416
318.786713
661.632813
257.783020
702.801453
1546.703735
636.842896
853.789490
528.794983
544.835999
606.546204
349.739258
667.808350
396.806061
550.784851
981.890808
1469.660034
224.875153
878.673828
1202.790405
540.853027
716.942871
1018.775635
701.589539
819.661865
925.698242
746.774719
348.741547
1369.368896
591.701965
518.784424
953.812012
1122.644409
730.821716
570.522278
734.681213
767.800049
485.644348
540.726379
844.758606
1128.695435
829.579834
1254.719482
1054.613525
600.754944
1662.758179
340.841064
692.779358
747.941040
567.573425
732.707031
1146.688110
487.690887
930.572510
866.892212
1417.706543
1424.805176
916.679810
1057.722656
1284.649414
519.905579
788.813904
639.794556
958.790405
321.794067
1088.870605
904.744324
276.741089
741.819885
842.744751
430.905090
669.707947
517.848450
492.755371
252.672455
963.723572
646.702393
931.621338
833.658630
1239.634644
853.797302
380.681213
974.874695
551.772400
1139.473389
1148.831421
609.671082
699.741089
520.888489
745.775635
1218.486328
252.996780
996.654053
483.652191
725.755859
1010.875610
1553.572510
429.811584
962.802368
880.811096
702.789917
1250.837402
419.833221
1159.859985
514.932251
1016.759033
1186.734619
3343.496582
596.810669
825.871033
560.762268
1346.544800
792.777466
870.827698
1016.699158
774.882507
849.646179
1128.752197
751.869141
686.811584
884.461426
617.767822
651.894043
1354.615356
1122.772461
358.702850
1871.709351
1132.710205
749.679810
733.861328
514.952576
625.681641
1250.791748
481.581238
499.941498
1274.715332
635.713928
986.610229
983.625916
970.767822
629.893555
958.784424
836.726379
747.684875
447.809265
566.937805
446.727264
1033.725952
869.798218
517.894958
707.663208
448.562347
719.570190
902.722656
923.743408
1200.774292
859.967285
256.941956
1095.355957
1200.621826
1220.623657
1146.828125
421.796844
629.828613
623.850769
744.934570
1254.848877
1249.767822
279.901428
1718.876587
679.880676
365.848907
997.536072
894.687195
1101.734619
596.918945
527.951172
451.647583
637.843811
843.663696
606.556335
687.716675
833.918945
1187.472046
863.536987
1583.718506
769.697327
1605.784912
658.796814
632.964966
1027.692261
214.894043
748.757690
650.670593
1114.804199
911.743408
1273.369263
1379.744263
979.701477
1324.702881
1277.875610
1095.668335
890.640686
619.718079
634.756287
881.718079
782.794067
735.790405
575.589966
1421.694580
861.736938
603.920776
337.786255
919.876099
1418.621338
1229.398804
1077.679810
1154.830933
935.794556
1420.351318
714.886658
1339.698730
1036.740234
453.666931
835.852600
883.867310
682.705139
592.707947
541.808838
957.706055
967.706055
1081.637451
599.838745
1230.536133
1105.764160
877.877930
2519.613037
986.819885
530.889465
1010.585815
527.976501
1802.394165
989.853943
1296.587646
556.935486
244.720825
496.641113
1189.943359
694.564209
927.647095
845.382202
414.732788
430.830017
784.884399
529.822205
861.847534
620.734619
630.824036
626.731445
755.933228
908.822632
899.418640
675.877014
778.704712
599.666931
533.891724
339.859955
477.781189
764.806946
1064.617676
963.677490
228.909698
738.850281
1506.610718
594.866394
539.857178
245.950714
811.780701
1096.880249
758.770569
507.682587
745.472046
1143.799194
659.800964
654.873291
891.766907
1748.436523
657.637878
695.845215
2888.498291
291.700104
509.836914
511.751221
1144.787598
1031.917480
573.730469
417.848419
689.882080
1408.710693
1194.831421
299.882050
386.694092
964.814331
527.884338
866.694092
349.764130
451.818939
552.913879
993.618103
774.793640
909.869629
582.801880
982.695007
1133.680298
217.809280
575.813416
815.868713
1084.714355
634.829529
659.754456
504.949799
714.699646
997.781189
467.717133
802.780701
789.000000
490.912476
550.909729
726.689941
587.724487
323.893127
720.823547
550.900940
768.755371
823.625000
477.882996
726.641602
570.686279
759.849365
561.897705
1068.878784
905.583069
536.796814
343.703766
465.842438
1454.731445
883.706543
1236.782593
430.806061
388.850281
1318.761841
1031.538818
947.788086
605.848450
622.861328
789.639771
878.680725
652.796814
708.735596
1072.573853
150.824936
345.767822
650.778870
725.694580
508.625458
966.672424
664.430115
330.778870
811.616699
948.848877
794.792664
614.789490
720.862244
775.853027
918.867798
588.799622
1882.461060
384.819397
824.824463
578.801880
656.893127
902.639282
967.898193
609.762268
378.683960
510.684875
1211.533325
566.669250
1088.703369
1072.792236
461.714844
1128.778931
809.864075
940.635132
707.760925
504.838745
589.815735
575.862244
1238.819458
347.830933
527.771973
609.488647
501.838745
1122.350830
600.789917
926.593689
688.785339
580.863159
1123.782959
529.746155
691.778870
869.903259
850.908325
519.697815
1232.378052
58.871929
798.601074
961.838318
1028.536499
353.803284
538.828613
595.789001
1213.695435
977.814819
1029.830933
294.900024
425.856262
911.824036
482.817108
750.537476
609.843384
1143.749390
667.897278
435.931366
1669.460571
639.761353
619.811584
518.697815
2200.680664
1250.676147
811.777039
483.823090
1275.922119
1399.689087
1019.816650
470.682587
741.707031
1061.651245
1413.917603
1171.546631
444.773804
758.772888
761.879272
364.849823
392.795441
699.820801
791.794067
316.794983
304.712982
863.735596
328.863647
1141.780762
591.862244
462.707458
634.695007
196.911545
954.719421
851.806946
2608.485840
1914.483154
812.742920
699.770142
493.874695
691.830444
1162.847046
663.749390
696.867310
721.963623
315.866394
579.833252
579.896362
495.818939
700.813416
397.932281
628.826782
1095.881592
541.701477
803.817139
968.508423
1268.536499
572.894958
1770.791260
1477.698730
1097.742432
533.805115
886.703308
1145.558228
1142.782104
834.693665
1145.705200
314.821716
614.965454
532.847961
388.736481
884.720337
1925.299316
330.767365
616.819397
985.912476
1388.570679
2464.520020
820.517212
1077.837891
507.785309
798.879272
998.764587
989.559570
1198.824951
623.967773
1046.607544
974.690857
1763.554565
979.790405
641.732361
1840.933716
446.917999
1095.859985
1195.619995
1367.629150
735.633728
801.861328
745.829529
844.652161
539.794983
819.966370
1038.811523
1172.683105
735.872864
862.631897
1633.827271
1216.686768
874.814331
648.965881
900.816650
536.951660
1295.471558
1094.830444
467.739716
310.840149
552.804688
838.862732
1307.829590
147769.703125
3928.696533
1728.206665
257.906494
1365.716675
392.951172
844.841980
678.722656
625.483582
1141.723999
908.292358
585.898193
674.690430
669.929504
463.899109
1544.802368
1332.564697
482.501984
507.835999
863.732788
1266.789429
1175.532349
812.703796
443.730042
762.793640
373.898651
856.814331
930.567871
385.888062
733.887146
418.687653
1243.759521
876.644348
609.661377
304.761353
777.736511
822.824036
1698.480347
1077.834595
583.827698
2108.472412
552.782104
502.882996
799.681213
900.959900
936.613464
716.881165
685.673401
435.668304
427.752625
1143.649902
561.837830
488.894501
678.890808
681.842896
479.000000
687.894531
659.778381
937.956726
1412.731934
741.624512
1198.778931
998.727295
508.853027
323.788544
417.634216
385.864563
649.388672
862.721741
858.823120
1146.772827
862.699646
975.565125
496.853973
607.792664
817.858582
559.792236
1077.766846
769.784424
746.928162
478.918915
409.669678
767.598755
646.679382
773.827698
1946.570190
568.851196
698.870544
1882.894043
1262.666016
1155.704712
673.427795
825.719910
869.841064
627.790833
276.953003
2298.647217
655.783936
889.659119
1078.790405
985.654480
933.856750
913.548096
1107.708862
130.741089
716.859924
951.706543
541.636536
949.737427
548.886658
534.750305
1310.388672
692.831848
821.654053
905.860901
720.796387
285.800995
599.919373
630.818970
524.799622
1271.857666
955.760925
511.778412
913.816650
617.936890
1021.783508
466.891266
861.824951
517.744324
699.856262
1194.607544
473.759064
908.498779
888.725403
964.718994
694.783936
1174.642456
2118.584473
1043.718994
543.842468
899.863647
330.668304
1354.549927
822.777039
1182.629639
741.585388
474.769196
1145.644775
754.789917
484.696869
958.796387
1123.829590
1616.654053
460.809265
677.822632
783.619934
1007.358704
472.970520
852.843384
270.683502
698.799622
786.934570
288.821716
684.602905
779.944275
407.775635
699.839661
941.726379
1368.691772
529.799622
664.690857
1109.816650
746.748474
331.856720
517.739258
713.629578
485.907867
1087.683105
465.845215
1083.800537
507.822632
965.513489
577.763672
831.723145
719.851685
521.793152
807.841980
1050.713501
369.876068
945.566467
1160.500122
803.653076
822.740662
925.729126
662.918030
947.769653
855.754456
1039.738281
767.915710
701.927673
601.719421
868.781616
753.921692
1388.441650
1605.655884
657.794983
544.759033
1679.539307
657.763672
1366.636963
897.665527
587.815247
785.833679
549.798706
397.865021
1042.846558
628.847534
1070.758179
925.853943
690.810669
804.942871
367.730042
384.761810
677.922119
1318.586304
354.724060
692.804199
940.627747
534.834595
1525.751709
837.632813
600.695496
754.729553
478.750305
464.828613
904.798706
813.838318
835.823120
819.664185
1012.851685
716.912903
547.695923
586.857178
395.789001
989.626404
1013.828613
330.841522
1423.636963
1291.698242
409.756744
288.905548
968.649414
730.819885
477.835999
429.884369
745.576172
1430.813843
497.635590
657.810181
212.822174
477.913391
1592.650757
645.654968
597.713013
576.755859
952.633728
515.760010
543.612122
822.651245
736.794556
1478.614380
1408.500610
838.853027
784.950684
926.721741
844.441162
488.771973
1093.857666
476.916626
2712.524170
338.804199
658.710205
984.638794
420.817108
531.845642
1184.773804
1186.604736
1238.536499
390.812500
653.835083
851.787170
697.884399
1916.647583
598.809265
522.828613
661.705627
650.743408
698.801453
1213.602905
1186.665039
1053.780273
537.605652
683.497375
959.754456
535.766418
1402.608398
1050.736450
991.485901
819.703308
626.965454
967.800537
713.781189
1520.496460
1964.533813
440.751678
1144.754028
506.808807
781.876526
1858.526855
518.667847
331.981567
1133.832275
661.700073
1140.514404
262.959930
1133.771973
336.815277
282.805115
633.783508
819.976074
567.894958
599.933655
802.802856
498.863190
1059.506104
1044.649902
959.325562
695.771484
607.798706
1517.735107
964.813904
591.578918
989.882507
541.755371
478.740173
906.669678
384.916626
427.849823
575.783447
1404.713867
1077.483154
796.568359
276.862244
1098.881592
670.781616
860.849792
734.642517
1497.769653
801.770569
1130.754028
532.726379
1967.552734
699.827271
550.843811
1107.693604
963.839661
950.766907
481.746155
920.678894
869.839233
529.786255
251.899567
1005.953918
488.929962
1600.624512
726.854431
412.289154
563.976501
692.782532
1047.749878
635.566040
1276.652222
1952.570679
849.689941
826.817139
856.606567
1128.704224
1251.752563
917.744324
1361.863159
511.752625
304.860413
1081.845703
895.783020
773.686707
307.824005
571.872375
857.538879
574.919373
720.748474
618.890381
1001.783020
837.703308
748.802856
695.774719
694.963135
772.750793
741.610229
910.581726
689.819885
626.868225
568.875183
755.785339
424.735565
416.817108
667.732788
548.638794
836.848877
645.739258
1181.817993
864.535645
1396.536499
726.748901
1086.658691
1902.766846
1134.927734
1212.747559
1291.820801
958.884399
873.696411
875.664185
613.683533
933.723145
752.858093
353.827698
467.959930
557.777466
1001.736938
722.632385
586.809753
1201.657227
1212.820313
869.929077
722.456848
916.776123
820.809753
687.541138
853.630066
1085.672485
1283.854004
1763.542114
581.757690
269.768280
425.909241
734.772888
317.856262
1012.865479
1577.616211
626.522705
699.750793
415.767365
1068.854370
625.694580
1530.555420
1302.723999
826.787598
812.821716
696.852112
322.888977
793.699158
929.655396
1785.743408
763.849792
461.822174
1935.523193
940.634216
988.753052
2328.558105
1071.736450
515.906494
966.737427
653.773804
516.898193
361.911560
954.854431
433.746613
382.953003
419.654022
1007.767822
793.631897
260.941040
702.848877
336.847961
730.707458
759.780701
352.809723
548.888062
1064.617188
724.820801
609.789490
258.886200
686.711609
395.800995
735.830017
1195.643921
1303.716187
2053.621338
380.917999
774.710693
653.762268
585.824036
1047.660522
1069.503418
601.433838
638.772888
544.727722
1055.572510
622.618103
751.680725
417.753082
700.756287
1432.740234
1144.826294
287.869171
688.916138
855.611633
303.796844
876.780273
1199.744751
676.867798
920.791321
749.718506
626.896790
1278.668335
1436.532349
404.561432
436.847046
1203.636963
819.789490
939.623169
1114.721802
1274.618530
1963.642944
437.945190
1194.702393
1065.789429
2153.536133
679.948853
718.783508
202.676132
1155.804199
1662.682617
1031.782593
964.828186
545.732361
293.653107
534.676575
1465.694092
972.623596
685.872375
1312.639771
1980.549927
1213.412598
1958.654907
1789.540283
1203.476196
1127.816162
529.706543
364.925842
668.869141
341.808350
1231.780762
950.840576
484.818481
690.905090
736.738770
610.764099
385.909241
535.751709
1113.836060
1093.730469
182.831390
912.774719
749.737427
1137.635620
451.711151
614.789917
438.685364
795.522705
806.797791
1337.404785
996.867798
354.754913
903.704712
688.941040
552.747070
410.857178
1958.643433
1073.669678
1276.782593
693.734192
758.760010
532.842468
2933.588135
377.815735
580.799133
684.880676
224.864090
581.799622
915.719910
681.774719
1003.559143
331.827698
936.829102
1106.580322
424.905090
763.750305
666.801880
1344.800049
462.741547
880.741577
805.631470
551.915222
871.606140
1789.343018
411.869171
1991.583130
524.703796
520.681213
1122.715698
836.804199
745.711609
316.791779
551.937805
891.827271
840.749878
617.845642
910.895874
555.768250
646.679382
1104.394165
570.508423
469.801453
1277.673340
478.851196
1292.829956
699.886658
836.784424
761.449951
440.664612
650.693176
841.743835
547.681641
647.583557
593.847534
540.828186
676.560486
1617.520874
1900.764160
285.921234
977.736938
1045.870605
1832.461426
1068.749390
740.581665
535.836487
565.726379
988.748901
782.743835
538.865967
1204.718018
895.879761
934.683533
720.587708
682.837830
1811.630981
773.847961
532.724487
322.771484
1081.681152
895.716248
1172.757690
806.712524
803.686279
925.449036
486.910614
980.922607
786.822632
1019.800049
820.970032
857.756287
1228.773804
638.760010
732.867798
679.703308
2432.609863
425.664612
1334.637451
1543.591431
2259.367920
646.830444
546.738342
650.793152
473.888977
583.569275
901.607971
759.744324
984.785339
168.758133
581.777466
472.710236
833.705139
769.791748
845.549011
597.679382
609.794067
655.812012
653.618530
1235.739258
488.803284
743.880676
927.759033
1382.703369
981.810669
809.816162
434.859039
610.699158
394.604736
794.856750
458.938721
820.341675
272.885284
500.947021
627.882996
1027.654541
477.836914
778.784424
1248.706543
653.847961
1255.698730
699.605652
746.846130
1411.254150
2742.599121
240.822174
589.821716
775.799133
1249.708374
526.620422
1055.601074
642.761841
1381.458740
975.664612
1725.746216
1311.828125
703.729553
540.686279
933.837830
568.774292
523.810669
798.750305
476.900940
244.908783
532.898193
727.783936
1094.765015
716.727722
387.772888
553.801453
465.833221
301.673828
1059.915649
634.760437
725.724976
1009.785767
634.712097
779.857666
425.975128
765.586304
936.732361
907.777039
711.841980
267.677979
435.823547
699.786682
680.775208
781.801880
385.830017
1251.625488
737.609314
895.722656
1897.498779
855.851685
685.843384
604.939636
1043.530518
780.877930
867.783020
749.827698
986.859009
1537.429199
910.793152
1347.694092
1084.590454
586.826294
360.941498
1171.565063
905.448547
486.894958
988.510742
537.870544
776.588135
499.734192
778.890381
548.902344
947.208557
321.745697
693.821716
203.813889
794.808350
692.895874
390.868713
1049.947510
820.642517
640.670166
737.688110
517.850281
785.841980
951.691772
616.740173
1408.529663
326.752625
1084.872803
486.537476
707.886658
218.829086
1094.765503
1234.662720
605.838318
449.770111
634.511230
814.880249
1468.513062
729.834167
1110.659546
823.858582
818.718079
710.809265
594.885742
927.533813
486.866394
2060.565674
282.941040
362.762299
535.708862
814.710205
737.737854
750.978333
475.611633
453.749390
852.409851
618.707947
1009.783020
411.798218
563.551758
917.730957
977.724976
580.855835
736.909241
518.801453
708.849365
547.892212
879.595947
289.806976
931.619934
583.723572
674.856262
2209.564209
803.574341
1385.425537
1995.386841
1327.605225
561.864075
596.717163
512.834167
752.625916
675.684448
935.637878
557.780701
316.821716
2024.528687
825.824951
1015.367493
263.936890
780.642517
1198.544800
829.814819
1130.667847
1177.585815
587.835510
687.812012
720.884827
673.656799
516.861816
428.832764
429.836914
576.844299
690.827271
1295.337036
511.689972
1347.838257
577.765076
784.882996
1677.655396
821.633301
972.886230
1507.591431
740.685791
1027.669189
464.744781
1444.852539
545.707031
1140.694092
473.945648
556.800964
1109.815674
738.652161
1304.591431
628.784424
1013.664612
803.662292
665.792236
845.799133
487.822174
904.800537
680.866394
320.904175
1329.684937
610.866882
791.789001
587.581665
1333.795410
377.869629
1274.572021
427.889893
796.906921
493.925385
484.874695
326.741089
959.609802
572.758606
1278.663696
270.788086
1019.887146
1372.709351
821.801880
964.881165
946.797791
518.866394
557.823120
266.813873
707.967773
747.659546
897.784851
615.798218
1295.778442
901.599670
887.871033
850.679382
853.927185
679.763672
652.840149
923.737427
641.848450
508.885742
977.779358
831.562805
954.709290
739.688110
1028.853516
658.893555
902.811096
757.853516
771.835510
387.861328
505.780243
731.879272
1009.705139
630.753967
1549.340332
1429.692261
762.755859
1016.751221
746.872375
1034.857178
440.831390
1035.561401
1022.575684
1631.614868
805.613953
805.697327
504.668762
1035.828125
1817.680786
552.901428
488.917999
774.751221
1393.683472
651.802856
390.750763
1313.614380
354.681213
801.808350
977.637451
1245.516235
1228.682129
827.788574
1162.642456
970.760925
820.690857
845.723145
969.924927
766.717590
731.736938
730.784851
849.782104
458.596436
777.924011
251.730957
645.675232
946.803284
740.642517
1818.792725
927.729126
394.585846
632.913391
739.679810
854.774719
618.639771
334.858582
705.664185
520.716675
784.858093
1248.499268
243.759064
1098.628662
542.850708
943.707947
716.811584
414.830017
269.802826
1057.487305
578.670166
433.689026
524.645264
1384.793579
555.890381
657.695007
494.664154
929.837830
627.745239
876.638367
500.854889
565.631897
1130.452759
1408.596924
1059.630981
737.831848
888.786255
977.871033
105.849358
535.815735
1556.674805
1902.495972
784.778870
702.904663
566.669678
1260.724976
1011.845215
386.793152
880.805603
383.835083
534.777954
222.894958
369.869171
1499.858154
822.651733
620.890381
766.641113
339.818024
770.794556
1113.708374
485.785767
1022.828613
945.894531
689.791321
479.811584
1555.662354
407.748932
977.774719
715.819397
505.770569
789.621338
1214.531494
667.888489
733.619446
568.806030
787.812988
1461.577148
1105.633301
153.887131
464.710236
519.837402
710.903259
476.837830
670.861328
563.564209
575.949768
889.740173
1513.717651
613.850281
907.730042
641.727295
560.675659
546.800964
1377.723999
949.603821
1130.583496
729.604736
490.835083
1384.561890
474.701477
199.800064
372.849365
743.568359
687.671082
673.750793
458.930450
819.656311
1732.870117
956.743835
1345.477173
1869.698242
249.822174
1818.542969
909.721741
450.659546
672.552673
1217.795898
606.775635
1232.520874
756.865967
859.621338
564.820313
466.984344
291.761353
997.827698
379.770569
1561.649902
952.942871
723.710205
378.728668
641.799622
477.729584
1207.580811
755.641602
342.731873
1095.902832
832.833252
927.768738
584.590454
490.610260
1447.771484
373.878387
912.481750
1479.334351
831.895447
2257.687256
1469.540283
796.893555
938.804688
1114.805542
660.919861
627.857666
576.753967
1389.621826
796.626404
853.864075
768.846619
1017.690430
511.718994
1195.609375
452.825867
612.679810
1050.672485
551.904663
354.832306
435.946564
508.809265
630.874695
716.698730
996.782532
455.778412
1180.762329
374.850281
868.620850
724.818054
665.583984
975.956726
362.923981
589.650330
467.839691
783.639282
761.838318
892.727722
352.697784
471.773346
985.534241
570.709290
601.758606
1158.636475
825.799622
876.314026
235.750305
638.535156
600.869629
1149.579346
1097.770630
889.753967
775.824463
704.864563
1120.823608
518.859009
612.859497
739.790833
857.815735
671.745239
675.859009
320.707916
456.754456
658.865967
971.624084
724.740173
399.938721
638.800537
592.732361
638.855347
802.839661
702.908325
758.893555
671.834595
586.779785
409.865479
302.841980
576.601990
628.895874
727.970520
1197.889038
537.841553
1475.536499
903.777954
700.805115
331.874695
797.745239
1082.732300
1379.465088
390.930908
1366.577148
1205.901855
684.922119
1901.724487
435.822632
876.653076
687.916626
1462.771484
410.976501
538.753052
473.824005
390.878845
380.870087
1323.628174
874.870117
744.667847
601.786682
673.522705
995.792664
499.830475
873.745728
1837.652588
459.867798
1360.824463
479.865479
110.858566
900.880249
1254.784424
477.844299
1614.691284
485.598267
1552.707031
701.750305
899.921692
786.508423
584.707458
686.812988
928.780701
297.732788
1253.687256
495.726807
875.629150
256.802826
248.844742
942.581726
459.729126
1366.601929
654.601074
446.619019
492.708832
279.882996
941.606567
438.624084
1035.790405
741.729126
747.908325
696.721741
1227.559570
610.850281
515.816650
2148.818848
556.753052
2451.416748
669.773804
908.804688
576.801880
1352.759521
699.812500
443.654938
915.717590
903.952087
776.660950
738.656799
1159.773804
459.630524
664.786255
586.900024
869.791748
325.912018
583.860413
1094.805176
829.728210
1486.572021
1209.763184
802.866394
596.560059
712.641602
533.798706
1250.643433
498.853973
378.859955
766.867798
693.839661
910.548096
565.856262
1178.707520
934.821228
599.769226
968.807922
150.908783
1293.595947
890.770569
637.810181
776.906921
1210.793213
859.828186
1339.831421
771.901428
793.478516
841.785339
1128.651733
440.814789
783.902771
894.753052
760.621338
1335.866455
840.681641
963.583984
513.943787
649.637451
1664.734619
602.787598
540.872864
922.810181
1182.664673
588.828186
759.708374
695.756775
1170.559082
553.864563
410.694550
1151.697388
429.840607
421.875610
1226.789063
648.885315
1076.508911
657.539795
1032.594116
406.847504
1465.524170
497.755829
537.600586
1340.509888
387.907410
963.472961
751.594116
990.651733
619.883911
338.880219
689.783020
744.636963
631.893127
979.443481
723.837830
418.683960
943.843811
87.862251
1038.632324
946.768738
589.708862
950.621765
377.568787
883.583984
979.687683
412.840149
580.761353
489.853516
380.902344
1333.835571
637.809753
474.631439
991.789001
1195.753052
513.888977
933.822205
1052.833740
464.880219
455.743866
518.828186
839.690430
879.733704
973.727295
916.767334
962.740173
980.862732
931.711121
397.807434
581.878357
694.650330
731.896790
806.654968
605.833679
758.861328
1079.815308
372.792236
786.618103
786.598267
741.740662
356.803284
1098.791260
2817.598389
803.641602
1152.645752
1458.427368
719.604736
439.780701
841.859924
1488.351807
953.792664
870.808350
2138.431152
616.782532
620.802856
609.719910
256.873779
1229.727783
299.767365
623.938721
1216.738281
1144.840576
750.582642
342.735107
1064.600098
1121.477539
307.852570
969.770142
924.744324
1000.811096
845.566956
2564.622803
607.820313
837.758118
1024.412598
1267.730469
556.660034
1199.804688
981.738770
763.840576
529.722656
1125.414063
918.605652
780.804199
547.713013
783.780701
1267.678955
611.787598
1092.817627
515.691772
669.847046
1239.721313
1824.838257
1014.651245
1183.755371
718.551758
1362.213623
1109.876099
629.589050
287.868256
1084.875122
1268.689087
2161.445313
953.859497
1011.729553
369.917999
564.831360
499.857178
593.719910
464.903259
496.885742
1137.685303
2575.207520
472.851654
576.695007
341.792236
833.761841
718.923096
1162.606079
546.765991
781.765503
1500.864624
1161.813843
266.851196
805.514465
1039.889404
886.867310
851.587219
929.877441
938.655396
537.724487
833.611206
633.644836
851.731873
652.643433
981.491394
1159.579346
1369.628662
714.815735
1038.747559
665.726379
814.730042
2020.862671
1087.530518
1587.728149
491.559570
895.769226
938.834167
730.571106
406.809723
756.636536
1709.240845
571.684875
743.707947
667.776550
238.755829
727.771057
753.624084
1134.815674
1221.671021
561.731873
1322.575684
784.865479
758.877014
546.881165
1074.662354
346.844757
351.896820
483.945648
934.727722
786.859009
225.801910
701.723145
822.699646
480.742950
335.880676
485.801910
633.673401
875.626831
583.726807
503.921234
857.901855
992.726379
770.774292
932.837830
855.666443
722.777039
1356.664185
991.521362
693.795471
1060.655884
1032.498291
809.860413
1080.745239
812.565552
1215.680786
526.813904
970.833679
569.822632
1479.793213
2488.553223
721.779785
784.724976
992.874207
679.891724
891.692749
663.631470
591.950256
164.703781
896.832764
826.652649
586.912903
772.629578
1102.413574
722.731445
576.736938
935.629150
390.618561
763.793152
1098.831421
951.650330
462.968201
550.882996
490.733276
1102.805542
988.707458
946.626831
825.658630
919.806519
566.769226
796.783936
1315.664673
1187.854858
767.846130
636.792664
432.835083
2076.592285
1933.540283
995.840149
721.736511
1335.298828
673.815247
512.777954
1203.491455
454.688110
822.804199
3324.239502
566.693665
707.695496
550.617188
441.794067
472.819885
362.832306
587.748901
1298.602417
715.823120
754.742920
883.231567
628.759033
781.569702
699.795471
805.759033
765.862732
1180.629150
683.700562
847.632813
875.499695
487.829559
582.867798
719.797302
992.747559
558.789001
644.762268
634.796814
549.753052
1231.375732
1055.880249
1224.723999
623.715759
1001.893555
437.708374
1351.720825
898.784851
782.725403
593.948853
605.752136
675.553589
652.824951
750.824951
652.597839
587.650330
679.816650
727.759521
741.630554
981.825867
1314.976074
460.674286
808.656799
823.907410
982.708862
141.553131
400.867798
698.689941
529.739258
579.683044
670.753967
914.764160
1070.798218
1154.642090
749.813416
733.743408
1006.691345
953.821228
518.774292
859.757690
962.793640
847.804688
566.753052
403.660461
907.774292
819.789490
372.952545
470.787628
718.853943
700.599670
907.601990
946.617615
411.801910
1098.927734
672.871033
977.612122
731.670593
698.888977
795.813416
1126.836914
958.732788
1076.881104
546.806946
814.754944
340.876984
516.738770
733.869141
1224.687256
776.745728
726.906921
1197.848877
893.812012
585.783936
417.970062
990.526855
1048.703735
1030.533325
415.705170
519.816650
928.545288
818.639282
614.582153
1603.827271
635.785339
636.663696
1098.844727
691.688599
1428.566528
514.677979
380.798676
524.338013
597.552673
773.874695
779.791321
2265.744873
2027.673828
605.718506
648.811096
902.840576
954.861328
495.802826
917.853027
467.835999
522.838745
899.728638
1793.646240
1229.692749
791.833679
579.616272
727.689026
493.710236
623.802856
835.850281
864.642944
1245.841064
439.787170
581.827271
2136.684082
600.765991
1412.302979
1565.524170
273.858582
835.783020
1500.803711
779.632813
810.830444
505.732788
596.780273
706.805603
1789.611694
511.810669
1606.591797
727.849792
365.778870
907.647095
610.718994
1724.721313
788.764587
691.838318
1441.644775
1012.828613
1652.531982
1128.540649
739.846619
918.812988
503.834625
426.740173
1149.778931
751.796387
261.772430
308.849365
522.853943
972.795898
781.828186
654.929504
1409.672974
927.785767
563.870544
515.907410
663.752625
447.488159
792.687683
486.788086
404.753998
174.816177
901.756775
527.624084
562.873291
1211.829590
760.711121
1128.697388
799.750793
274.735565
735.760925
1254.621826
701.827698
353.934570
762.764099
1013.856750
432.934113
999.649902
171.740173
423.678436
422.784851
1241.520874
926.747559
466.793610
1199.811523
994.599182
1106.673828
970.864563
1320.270752
845.619446
399.867798
244.892197
2013.817139
665.768250
401.859039
657.635620
692.543457
978.524109
978.867310
525.871033
770.824036
529.894958
683.793152
639.905090
626.695923
1021.877014
1695.660034
378.802826
378.970062
977.611206
693.882507
530.781616
1018.873779
1448.859009
180.736938
1343.719849
414.812500
823.741577
487.841064
998.843811
980.609314
1043.693604
617.718079
1955.471191
579.756775
1050.755859
1415.818970
202.829544
838.760010
678.753540
923.559143
1060.449463
747.775635
518.659119
805.661377
1290.706055
854.734192
1041.736450
975.924438
678.953491
831.773315
696.756287
1777.453613
1164.792725
593.865479
618.825378
660.592773
490.907867
437.763672
1248.903320
846.869629
809.929993
540.810669
529.714844
1354.494141
1087.880249
1084.633789
363.634216
582.742493
1195.744751
890.881165
1071.626831
1041.890869
1577.517212
1262.766479
926.623596
1121.724976
387.796387
759.632385
898.812988
1773.458252
332.894043
333.463745
1021.746155
320.738342
587.587708
756.671509
629.792664
1507.574341
964.835510
559.749817
2283.651611
692.741577
686.740173
742.688599
627.879272
1060.675659
1025.831909
1126.712036
779.520874
1059.936401
642.701965
548.707947
961.813416
278.777954
1158.759033
412.739258
1088.645752
671.689514
481.743408
871.901855
1681.812988
785.621765
937.655884
451.852570
322.742950
281.738800
621.763184
524.765076
916.792664
820.847961
790.821716
458.548981
371.849823
668.745239
841.810181
859.799133
363.802826
786.675659
536.915710
898.895874
607.695496
936.758118
513.727722
868.805603
749.781189
363.797302
775.344910
1041.761841
1487.601563
755.925354
205.911087
849.788574
850.813904
2356.662842
494.881134
1139.743896
1076.841064
508.853516
1532.580811
537.733276
1141.389160
330.668304
727.671082
567.783447
751.913879
1051.691772
1025.695068
1572.605225
530.683044
687.489563
1406.335205
1031.454590
711.684448
492.506134
861.741577
1198.675171
441.875610
551.864075
394.873779
742.651733
605.950256
1399.648926
447.723602
1003.656799
630.742920
764.680725
342.813416
661.691345
1062.724487
460.621765
440.847046
1427.742432
579.809753
619.612122
908.766907
282.827240
539.640686
634.665527
164.699631
482.926758
760.845642
2531.396484
386.973755
829.772888
630.917542
456.737396
2333.741211
1278.713013
480.796387
506.788086
405.855347
2191.543457
448.905548
572.725403
856.808350
1030.698730
574.777466
1025.533325
701.685364
744.777954
893.707947
657.811584
917.837830
958.828613
769.797302
750.537476
1163.624512
810.824951
325.922150
414.718994
593.859924
771.812988
920.737427
400.863647
1775.530518
851.542053
665.833252
513.701965
650.777466
727.617615
883.613464
922.827698
967.618530
1316.923950
1006.805603
875.812012
446.815277
605.697815
550.618103
674.921692
428.916168
838.716248
957.707031
1369.824951
550.751709
1605.612061
834.684448
1079.533325
473.924896
596.788574
1338.393311
408.796844
368.795929
393.934570
788.681641
744.780701
718.872864
737.839661
553.663696
1244.798218
326.730499
925.792236
914.706055
1706.695435
1198.820801
568.754456
893.524597
575.629578
529.912903
358.764130
1011.761841
263.826324
787.826294
803.857178
425.804199
815.795471
658.639771
541.764587
791.712097
764.876526
754.680725
1244.736450
811.874695
464.792236
826.807434
892.344910
1078.876587
678.729126
522.922119
930.633301
851.823120
1059.578003
517.842896
549.454529
838.353210
1016.445313
882.964050
675.719421
1041.800537
725.757690
596.994019
551.789917
972.689026
628.870544
568.679382
693.691345
358.742950
432.876984
609.329712
443.788086
490.658630
1197.836426
369.625458
684.629578
450.812042
1060.640625
730.758606
1037.754517
401.721741
739.693176
878.593201
247.769653
687.691772
532.799133
2667.283203
1021.745728
651.830444
1350.599243
1594.412109
888.781616
1052.842041
660.900024
1196.675659
897.843811
1483.656738
572.805603
636.892212
546.957642
1132.922607
340.745697
107.810654
1143.870972
644.437988
331.838745
565.775635
273.637909
623.749390
356.871002
1915.745728
988.781189
820.816650
1532.619507
680.583069
1086.762329
825.741577
565.677063
850.809265
1066.763672
992.687683
1287.760498
764.775635
1446.332520
1377.770142
602.813416
518.815247
419.813873
472.755371
1396.486328
521.761353
601.831360
932.846130
542.706055
599.663696
1432.786743
255.851654
260.882538
998.788086
748.832764
761.625488
1326.692749
251.885742
315.824463
819.863647
939.744324
1041.829956
703.758606
1300.476685
724.789917
1310.746582
932.753967
1315.503418
1000.821228
679.662781
989.748474
1912.617188
939.747559
1634.813843
823.675659
304.859955
739.702881
740.676575
523.831360
1003.625488
1606.760498
600.845642
879.553162
784.771484
1892.729614
719.673401
869.740173
846.809753
916.522278
688.791748
1879.736938
683.719421
857.738342
351.946564
733.920288
988.715759
1109.677490
1000.954834
702.777466
892.683533
1512.725952
1882.506104
647.806519
571.901428
2022.774292
454.700562
1804.624512
473.970978
383.903259
1149.854004
550.804688
616.758606
790.690430
562.856750
404.682587
980.795471
550.813416
716.894958
426.873779
896.829529
1375.727295
242.844742
602.866394
783.874695
567.823120
445.749390
532.787598
1211.639771
1086.678955
761.871460
534.810181
1540.339844
321.779785
994.632385
545.831360
1851.299805
240.695938
703.750793
340.928131
1174.809692
723.780273
824.763184
740.683960
1653.701904
689.791748
615.520874
374.840149
732.742920
564.690857
579.899597
558.627747
1071.741089
588.884399
562.804199
344.765045
762.553162
442.628693
1631.736450
284.830475
858.698242
961.647095
605.718994
856.714355
364.669678
1072.869629
761.690857
1198.712524
1218.801025
1535.664185
933.768738
549.876526
964.761841
449.840149
764.983887
755.630981
563.672424
1200.617676
594.834167
452.727722
750.849792
750.772400
675.749390
529.869629
927.688110
1207.821777
328.786255
626.784424
362.827240
408.755371
751.765991
558.740173
763.657227
1113.633301
672.819397
1046.734131
799.828613
1224.771973
481.829071
1809.508423
482.712067
1796.781128
2004.650757
937.748474
1348.748047
1264.520386
1097.423706
547.741089
885.806030
1367.611694
1391.357788
477.851654
904.832764
795.628662
1117.817139
761.801880
882.589050
550.864075
597.874695
361.815735
1451.852173
740.735107
362.824005
735.492310
1187.717651
998.660950
542.627319
255.789001
743.589050
756.790405
441.750763
936.830444
718.708374
393.811127
691.766907
686.781616
1102.786743
431.780701
622.871948
1071.804199
579.680298
752.613464
481.862701
598.852112
900.633301
1868.494629
1297.600586
966.453186
808.637451
831.523193
553.653564
895.880676
1951.660034
238.687195
276.886658
430.635590
710.785339
676.968201
913.674316
470.851196
486.623169
796.776550
561.696838
741.781616
862.694580
682.783936
1653.482666
1192.618042
945.629150
821.777466
739.629578
712.636963
719.528259
415.835083
347.729584
851.718506
419.688110
393.840149
830.575256
1288.448120
766.765991
892.625488
541.846619
467.890350
1027.789917
776.973267
468.748932
1850.784424
683.768250
741.783020
398.879303
320.661407
1060.691772
955.787170
404.839233
1029.752197
493.782562
1123.622681
1066.648438
316.962677
1056.655396
1027.713867
1245.562866
772.817566
816.818970
762.816162
1141.831421
918.787598
632.847534
668.800964
1253.835083
430.708374
945.853516
427.871918
711.818481
928.727295
772.879761
640.747986
1212.801025
756.765991
916.806030
865.847534
762.583069
862.777954
1111.698730
1134.833252
1047.732300
441.787628
940.683533
385.873322
255.913849
530.842468
1163.583130
1502.572021
536.561401
300.818024
1103.503784
627.659546
1139.744263
691.666443
917.803772
2266.744873
614.751221
736.831360
1271.555420
957.851685
580.830017
444.845673
1532.883423
795.683533
657.806030
1050.658691
681.788086
859.777954
717.713440
446.812958
939.692261
696.691345
512.846619
737.694092
782.673828
663.650818
937.597351
862.368408
876.569275
791.580322
604.756775
476.737854
702.777039
830.824463
1144.698242
1484.621826
1473.649414
593.633301
636.779358
934.521362
529.655396
568.863647
572.733704
483.739716
286.751221
759.867310
1085.646240
224.730042
479.654938
628.813416
522.740662
571.853516
271.819397
1211.679321
620.672913
462.771027
663.858582
644.525940
1347.488647
1161.690918
871.739258
924.804688
432.455933
906.793152
1539.290039
617.847534
917.736938
780.882080
1427.718018
773.786682
565.751709
623.794067
415.861328
818.826782
241.851196
194.760437
541.635132
600.798706
1051.818481
981.750305
489.898193
756.682129
1359.488647
710.838745
923.772400
964.900513
492.759064
1225.664673
1032.627808
1064.737427
294.886200
361.907867
759.850769
1176.730469
721.667358
426.924896
388.800995
599.583069
1840.596924
1149.765991
919.719421
1647.717163
945.663269
723.886230
989.825378
429.759979
765.760437
805.641602
1037.833252
1053.876953
1126.553589
2087.437012
619.699158
676.655396
924.518555
1071.970093
688.675659
865.726807
897.638794
1169.707886
1399.371582
1095.678955
375.854431
919.836487
1781.831909
791.737427
136.780716
399.887604
526.760010
645.797302
737.926758
895.778381
888.608398
595.747986
547.771484
736.782104
742.790833
800.785767
711.672424
919.610718
229.852585
577.692749
455.789917
600.480347
2143.311768
735.828186
235.971436
1623.631958
735.529663
333.705627
1275.595459
594.765503
391.730042
622.737854
702.800964
1178.856689
526.712524
1762.649414
753.880249
870.536072
487.829071
1844.375732
215.861328
952.713440
1256.391479
850.672913
731.688599
961.910156
486.853516
1206.413086
469.985260
803.465149
1833.446289
846.899597
1238.909302
328.818024
503.889893
475.644806
387.923981
885.701965
440.807892
541.889465
580.961304
758.834167
588.810181
636.730469
833.604248
625.653564
735.795471
839.720825
493.896820
864.733276
482.566040
1112.634644
580.847534
849.824463
1230.869629
1112.484009
931.782104
436.872375
947.932312
306.540222
536.733276
857.768738
1218.718018
610.809265
981.771973
784.882996
1015.747559
198.832306
1135.508423
853.678894
1253.558228
894.837402
1062.797241
682.727722
454.715759
298.948395
1030.905518
830.601990
458.772430
782.811584
945.793640
425.866394
745.893555
902.831848
356.872375
967.850281
462.912018
636.780273
615.695496
2276.501953
2143.399658
1060.654053
524.986206
758.607971
620.872375
446.859955
719.679810
920.699646
498.829559
426.804657
926.705139
563.819397
1767.495972
565.837830
460.793610
628.839233
945.824463
807.799622
1061.739746
589.766418
1506.714844
1921.758179
698.839233
586.822205
1496.563232
758.597351
671.776123
490.706543
294.746155
1170.787109
578.818481
907.873779
834.849365
1472.707520
715.717590
777.756775
1005.800049
610.732361
713.714355
449.748016
2019.679321
1446.569702
1097.739258
1232.873291
897.438416
1943.776611
360.916168
285.753082
1247.575195
1120.812500
908.816650
375.744324
1245.517700
791.698242
517.663696
524.780701
452.806976
1400.880737
874.857178
760.866882
618.748474
1086.841553
418.917542
382.855347
1123.754517
531.808350
781.769226
883.699646
978.759521
876.768738
866.786255
895.870544
864.832336
1401.489502
1094.793213
836.861328
779.676575
2099.660889
345.697327
429.929504
443.682129
306.822632
413.635590
2315.440186
720.709290
1371.708862
711.650818
704.628235
862.656311
392.774261
328.841064
709.874207
1295.253174
753.630554
534.877441
1012.825867
871.869141
865.847046
819.864563
1027.749390
620.843384
2702.629150
1270.469238
335.750763
949.878845
603.814819
946.000000
520.694092
605.867310
640.895874
1086.926270
1084.991211
977.866394
517.818481
726.920288
1538.835571
1390.671021
1499.530518
908.612122
649.759521
467.592743
487.807892
617.709290
538.732788
378.798218
694.754944
924.865967
1234.726807
955.595032
814.847961
845.882080
627.909729
424.790375
692.773315
726.716675
1103.803345
1076.806030
559.875610
1193.895874
577.884827
1288.710205
403.829071
258.820801
1131.651733
873.879761
958.741089
1118.747559
568.764099
1716.821289
1099.774780
287.856720
1244.660034
1196.684937
883.790833
1054.465088
645.833679
1473.585327
784.575256
576.847046
1031.619995
1033.814331
312.812500
1515.641602
545.764587
547.852112
626.819885
429.840607
1172.816162
903.741089
514.865967
669.605164
626.642517
604.732361
726.799622
854.829529
501.802826
656.663208
716.814819
928.800049
898.718506
828.894043
743.826294
970.604736
1175.772461
585.719910
624.598755
204.828629
626.000000
790.932739
932.701477
398.699158
684.500610
975.696899
998.657715
303.906006
734.707947
335.907867
760.788086
1455.469238
770.893555
1349.812500
967.782104
858.606567
1253.659058
1026.808838
996.867798
697.646179
1524.721802
1030.500610
738.778870
959.835510
600.766418
885.770142
1014.729126
340.918915
687.756775
626.793640
186.881149
288.784851
741.484924
521.755371
344.907410
776.893555
592.698242
701.706543
937.869629
831.865479
905.840149
717.756287
1255.782593
734.649414
615.881165
829.941467
142.869629
914.675659
804.896790
558.804199
1479.578979
311.915680
1311.319092
537.795898
1019.754456
1057.677002
971.607483
703.570190
789.679382
1011.261047
254.960388
1045.651733
1052.619507
746.732788
1144.609375
1187.756348
892.786255
1225.681641
754.753967
829.724976
2222.261963
664.808838
657.727722
897.641602
646.672424
526.804199
722.827698
349.926758
637.711121
526.821716
511.892212
428.783020
695.666443
624.657715
740.863159
772.601990
1268.404297
430.753540
837.765991
642.777466
561.865967
419.869629
855.931824
469.767365
877.898682
1043.807495
621.724060
804.775635
786.746155
571.912903
479.765961
1356.499756
732.786255
850.696411
466.780243
492.847046
120.896805
629.544373
833.759033
919.827698
692.734619
1028.789429
568.812500
965.630554
794.800964
953.507996
226.907410
1077.792725
881.799622
957.779785
564.824951
718.747986
1747.673828
906.773315
294.725891
1054.707031
1324.841064
985.889893
685.709290
1009.758606
550.877441
1062.842407
961.683960
987.662781
1238.625488
488.881592
370.832764
649.832764
1066.679810
882.786255
647.829102
1008.628235
969.770142
531.829102
387.743408
571.803772
1003.696411
1178.534302
1258.730957
801.592773
499.971436
461.819397
1936.544800
624.752625
716.768738
3017.211426
537.878845
660.835999
847.783020
509.823090
980.686707
842.767334
1021.724487
1294.772827
1421.845703
993.647095
1575.395142
1821.741577
422.908325
1194.704224
616.712524
1342.787109
1190.392334
655.665100
504.608429
425.783478
1826.776123
531.933228
1457.529175
789.764099
944.900024
998.673401
402.834167
234.685806
784.986633
504.800537
519.802368
1090.653564
681.736938
573.881165
702.760010
342.812958
913.938293
1306.767334
630.760010
734.784424
1078.485840
997.740173
736.900513
956.623169
543.805603
1127.648926
928.837402
488.892212
1081.390991
630.730042
348.669678
622.809265
435.647583
1357.718506
1133.684448
510.869629
1035.806030
618.607483
590.695007
747.691345
1056.672974
320.931824
878.623596
458.798676
965.575684
645.813904
1435.821777
965.859924
347.815735
609.768250
1184.638794
467.848450
912.648499
1300.743408
577.800049
1145.831909
468.888062
1185.786743
1133.738770
1285.823120
951.699646
467.782562
1200.816162
1042.685303
581.874207
442.769196
608.785767
901.900513
727.791321
1018.659546
473.817566
940.672424
1415.551270
333.888519
1030.567871
388.912018
457.931366
639.906494
586.730469
630.721741
541.800537
439.905090
959.783020
397.836914
451.806061
1038.771484
520.687683
736.818481
828.736511
260.899567
1095.639282
837.902344
677.895447
1531.374878
673.885742
1005.817566
1542.462402
533.724060
1515.643921
177.929062
936.710693
764.778381
346.847504
500.568787
709.808838
995.687683
1094.441162
381.837830
553.772888
621.635132
462.811127
699.685791
233.922150
824.771057
282.788086
224.741089
618.859497
1144.647095
709.830017
1195.651733
677.876099
674.509827
996.670166
1324.700562
1123.342651
1526.689087
449.946564
758.903259
681.804199
695.727295
433.875153
286.745697
588.506165
936.778381
822.893127
472.602417
183.792694
965.624084
957.605652
1107.659058
774.722656
733.697327
373.761353
499.792236
437.660461
1000.615784
583.831360
923.793640
666.582153
851.882996
474.779785
745.883911
1546.896362
617.000000
1267.731445
910.765076
996.583984
1133.767334
447.870544
778.738342
499.771973
1161.829102
1562.521362
870.732361
824.867310
1172.880737
960.885315
774.736511
1419.595093
659.857666
1220.619507
633.919861
818.726379
776.929993
955.704712
661.778870
814.783508
971.760925
1185.762695
823.894531
832.572937
455.848450
1277.632813
1289.750732
591.801880
360.736938
511.719452
688.818970
1145.573853
1051.805176
971.681641
1044.836060
692.841064
766.861328
921.746155
372.876068
786.742920
319.727264
1215.527832
846.822632
1120.754517
1006.813904
582.847046
131.799133
788.777039
228.619003
614.833252
847.718506
916.492798
886.848877
808.658630
502.805603
369.834625
461.688110
656.877441
814.889893
873.855835
1987.722168
806.808838
921.655884
1309.767822
343.831848
1514.470703
754.760925
745.893127
403.859497
1237.646606
1238.756714
867.717590
1935.495605
426.934570
468.674744
1249.777466
1168.736938
826.828186
1278.702393
854.732361
955.770569
200.669220
1793.465576
1114.659546
1121.690430
835.871948
801.642944
399.790375
994.808838
549.840149
777.600586
740.661865
255.826782
1039.796875
517.767822
1353.602905
1371.583984
555.760925
830.802856
308.775177
1499.619507
1114.713013
2149.722656
703.762756
940.755859
497.772430
1020.737854
1932.504272
572.804199
1098.642944
906.777954
550.917053
919.558655
1033.838257
732.839233
994.828186
872.761353
629.811584
531.796814
564.905579
561.754944
1698.504761
1349.682129
308.863190
565.901855
620.446716
911.624512
1214.673340
178.988022
404.845215
714.771484
285.844757
1043.681152
1061.494629
1061.911133
389.737854
720.310791
576.628235
798.846130
518.614380
231.897720
801.683960
896.779785
769.720337
988.741577
1055.709351
670.595520
879.533325
824.802856
780.748901
529.793640
1146.707886
1340.670166
286.909241
825.707031
753.742004
606.597839
630.714355
1046.696899
597.771973
1082.774292
933.527344
681.854431
701.924011
1379.743408
914.809265
1500.383545
1244.630127
759.853027
656.761353
232.914307
865.649414
679.687683
767.866882
1278.716675
796.827271
739.749878
1077.738770
1197.754028
521.775208
476.851654
687.603333
369.640198
553.855835
1085.675659
1022.629150
390.870087
551.743835
1404.288208
346.973267
685.848450
680.562805
753.944275
1633.602417
554.744751
588.957642
738.730042
1512.297485
594.666931
781.766907
1002.915222
314.743408
1110.705200
449.901886
1840.310791
680.675232
515.838745
1339.847046
790.697815
1010.761841
895.596436
1185.731934
747.781616
1854.607056
582.840576
1606.496460
732.808838
1396.799561
715.843384
749.901855
752.662781
322.671539
2243.709229
976.898193
408.810669
295.753082
1114.521362
669.818970
624.805603
955.804199
899.743408
480.829071
1028.748413
1326.430176
331.656799
304.708374
542.885315
567.911987
1048.595947
502.775635
577.540710
1164.552734
822.793640
737.798706
475.929962
1299.751709
718.810181
1170.572510
940.639282
482.898651
445.853027
2195.399170
519.749390
375.702393
298.890350
305.909241
179.701477
823.838318
983.913391
1522.904663
717.847046
1608.729126
522.859924
1627.582153
528.845215
547.860413
808.802368
529.682129
279.869171
499.695496
699.902344
596.606140
426.894958
721.949768
580.848877
628.870544
886.875183
574.845642
1340.848022
1029.664185
668.785767
395.730042
819.799622
864.751221
1019.724487
1592.437988
497.993561
795.812988
773.596924
445.852112
1454.697388
1029.725952
801.633728
618.893555
525.629150
1051.642456
601.773315
1335.490479
781.777466
710.828613
447.753082
718.620422
665.642029
1829.658203
1731.370728
293.935974
1623.671509
378.846130
715.748901
571.756775
727.796387
530.793152
366.899109
669.701477
807.666016
1342.443970
757.710693
775.865967
229.813889
792.822205
558.961304
454.633759
1040.734619
1024.600098
864.791748
406.842438
693.842896
779.715271
1423.519531
1402.620361
1096.742920
605.859497
327.734192
219.748917
438.941040
767.768250
526.868713
973.635132
738.849365
1003.651733
731.696411
977.507996
579.567871
1196.530151
864.751221
251.855804
439.401550
175.776566
433.650787
792.902344
470.683502
885.838318
415.771027
1145.614380
745.691772
644.775635
795.965454
866.769226
970.783936
581.874207
703.739258
461.687653
854.725891
311.787170
716.697327
814.715271
753.617615
1026.645752
954.854431
2546.374023
664.751709
998.890381
918.700562
615.699158
470.835083
1972.668823
1650.630127
448.627777
603.000000
905.866882
290.800537
1998.736938
453.873322
712.868225
321.660461
202.682587
749.774292
726.683044
688.787170
861.636047
339.765961
1002.792664
1572.413086
974.705139
737.830017
970.637878
371.735565
337.856720
1139.717163
424.708374
778.773804
985.657715
631.690857
805.898193
411.836456
808.700989
1359.583984
747.781189
533.747070
704.643433
596.700073
658.748901
583.580750
330.835541
660.749878
461.818024
898.824951
444.853027
779.797302
525.557739
762.871948
482.661865
672.752625
1469.508423
389.667389
577.650330
1053.553589
153.789932
619.785767
1303.671997
1406.847534
661.919373
1140.766846
509.885742
546.908813
605.746643
245.752609
946.715271
391.792236
367.917084
650.597351
861.702393
627.800537
596.536560
596.793152
1014.833679
1626.742432
2080.660400
662.629150
1357.723145
417.684875
1543.815308
871.790833
444.815277
850.785767
1067.871460
2035.519531
879.603333
1025.945190
553.660034
648.785767
994.757202
1606.735107
342.759064
628.868225
846.606140
680.793640
819.703308
997.603333
631.787170
924.437012
351.759521
915.757690
390.868713
514.659119
638.854431
1237.732788
845.888062
226.792694
1094.894531
880.734619
871.492310
304.603333
1466.555908
1223.596924
869.561890
560.746155
736.724060
627.661865
763.853516
795.659546
599.752625
987.513489
454.744324
391.739716
686.831848
144.927673
360.695038
1374.793213
664.612122
497.872864
1500.677002
1837.535645
564.597839
909.770569
1004.775635
856.660034
932.600586
241.733719
742.798218
498.837372
350.854889
582.679382
1236.671021
889.860901
590.982971
791.805115
685.862732
367.604736
789.723145
452.846588
1100.710693
1015.896790
810.783020
818.795471
668.601501
907.955322
724.824463
733.815247
607.914307
819.561890
870.719910
720.761353
546.629150
340.841522
1099.850708
570.875183
848.604736
453.902344
1044.596924
447.717590
549.949341
1162.711670
420.719910
799.783508
532.848877
1266.719482
483.302521
309.792236
1454.686768
1755.661865
1102.746582
899.756775
643.812500
504.672913
1382.507568
190.814804
1274.747070
179.815720
648.755371
357.750305
593.850769
119.943336
2191.616211
628.826782
755.656799
1263.407104
769.919861
712.536560
788.750793
780.668335
1110.737427
1385.615356
410.943787
1155.735107
736.632813
2123.344482
751.414490
581.657715
674.811096
518.315430
680.800049
849.836914
1329.708374
1227.715698
645.733704
850.797791
542.912903
1298.785278
807.768738
848.853027
849.738342
1434.582153
1688.533325
493.750763
611.856262
487.813873
688.920288
812.896790
1069.636108
782.754456
446.806519
502.865936
476.822174
485.727722
797.664612
1827.567871
1053.809326
841.379456
378.860413
762.704712
1248.504761
553.804688
586.728638
1090.764648
867.468811
1443.729126
637.906494
964.666016
741.909241
755.837402
1092.699585
786.831421
680.713013
955.909729
553.694092
779.721313
1129.619019
944.800049
463.840149
1525.757202
2064.240723
1147.763184
640.669250
370.847961
463.884369
412.756744
1026.795898
822.832336
208.934128
611.818054
1517.754028
283.802826
195.796829
374.869629
514.624084
200.882065
602.822632
242.871475
665.743835
737.575256
463.683044
608.823120
794.899109
435.842438
2757.227783
1001.884827
455.801453
545.713013
880.837830
642.833252
1680.513550
510.697327
481.812042
287.782562
844.826294
818.777954
440.885742
870.800537
1296.567871
764.637878
1050.892212
728.743408
998.740173
1603.639282
254.867325
925.836487
722.723572
489.729126
740.888977
1300.873779
882.561890
1699.665039
714.806519
355.692719
440.741089
1797.676147
397.882538
559.850281
655.837402
292.642029
534.596924
588.838318
1032.764160
930.650330
1229.465576
910.726807
2368.685303
151.693176
431.830017
930.813904
227.883911
607.882080
961.519043
1233.735596
606.857178
427.737854
944.782532
480.589050
1517.541626
793.695496
709.732788
420.593658
1444.338867
869.811584
905.571533
504.819885
603.684875
774.715759
2298.519043
684.541138
587.753052
627.805115
1006.608887
737.736511
747.793640
490.826782
1272.688599
691.812988
2630.403076
349.878845
545.715759
375.868256
1004.753967
1028.773804
1161.513550
608.669250
681.686279
522.998596
1097.736450
712.815247
223.723129
436.934113
1706.224609
1230.660522
462.824005
487.722656
830.731445
795.714355
746.764099
512.893555
469.794525
591.912476
319.859039
389.707001
1217.311768
847.781189
685.845215
543.845642
501.798218
792.837402
1872.652588
830.943359
297.553131
266.742004
518.648010
367.644348
795.785767
654.880676
774.859497
608.882080
251.800980
440.846588
305.807892
764.753052
836.873291
630.773804
452.876068
1249.471191
788.692749
946.806030
384.765045
544.806519
1169.653076
970.770142
1014.828186
1183.536987
685.828186
758.677063
846.772888
289.848907
803.616272
770.739685
688.940552
1971.542969
1060.603760
863.797302
633.728210
1118.498779
721.542053
779.554993
1270.715332
1115.549927
419.757690
2155.553223
772.730469
986.845215
446.701477
662.682556
942.718994
660.849365
914.822632
1429.650391
959.885742
1568.735596
410.881134
1056.842041
1779.635132
810.488159
595.780701
372.826324
741.853943
568.847534
529.900513
480.668304
993.700073
804.861328
796.848450
843.795471
1128.799561
698.732361
2237.586426
290.800049
1970.675659
225.785782
416.776093
2471.303955
1040.794067
713.783508
386.694092
827.642944
1270.771484
733.636536
453.806976
597.824951
1173.451782
823.728638
872.579407
380.547607
1255.627808
1165.885742
510.739716
848.765076
698.431946
1641.790894
465.776581
1039.638794
1699.512573
1155.296021
538.809753
631.778381
1253.711670
295.890350
639.734619
998.733276
978.808838
1213.756348
568.753540
1090.649902
870.716248
1587.551270
814.476196
948.964966
796.941956
834.500610
860.707458
594.795471
230.871933
1685.425049
1107.741089
786.705139
833.913391
595.777954
1083.785767
1261.910645
431.868256
440.804199
1871.524536
1025.783447
831.690430
926.618103
1778.729614
944.763184
752.918457
1575.205811
886.718079
801.791748
1284.796387
646.818481
1013.766907
527.849792
378.901886
903.437988
393.897736
360.943329
964.773804
1416.830933
553.840149
1078.757202
1131.833252
1153.684937
313.752136
324.846588
1219.751221
361.651245
423.780701
756.489563
546.866882
817.678894
561.873779
624.870117
653.677490
896.675232
504.862244
627.659119
858.837402
578.662781
1014.681213
1030.602905
1464.537964
1172.780762
928.845642
1387.536499
540.691345
444.696411
735.709290
865.628662
834.717590
667.821716
2295.540283
1001.698242
1091.688599
1767.665527
810.818054
315.869629
1059.693237
535.760925
466.801910
870.733704
1197.391846
1255.587646
503.844299
546.893555
984.867798
277.761353
473.856720
450.644806
352.810211
926.758118
1101.888062
1190.648926
1625.716675
661.753052
801.818970
912.871460
548.704224
1217.610229
659.925354
334.888519
668.844727
731.788086
511.728180
737.753540
611.668762
547.922607
893.742004
1135.713867
418.812958
954.865967
1252.596436
484.881134
869.809265
1005.765076
1830.527832
624.551758
756.885742
546.717163
1143.828125
638.786682
1106.660522
759.726807
980.811096
939.808838
1311.467041
621.751709
791.762268
755.832764
215.626373
1444.626343
1547.640259
1286.781616
723.737427
1006.695007
873.000000
866.504761
1145.648926
757.469727
699.931335
1026.460571
840.556824
669.847534
948.536072
1242.487671
456.586304
847.699646
2523.190674
955.581238
983.813416
300.856262
948.573853
576.657227
581.351379
420.620392
669.816162
864.922607
272.816650
133.789001
458.759064
836.663696
572.783447
1558.666504
1045.837402
891.668335
238.927673
470.838287
1538.543945
320.859039
453.639282
871.648499
2250.559082
859.743835
876.817566
432.462372
956.547119
951.654480
619.793152
666.741089
619.881165
1211.921631
845.665100
500.818939
336.898193
910.951660
675.694580
890.751221
595.626404
712.792664
961.587708
508.693176
263.831848
1139.681152
830.794067
1374.792725
334.827240
604.000000
327.649414
1154.787598
695.819885
753.661865
1957.607544
279.861786
728.548523
1131.513916
672.838318
1310.774292
384.763214
819.469299
591.822632
378.703308
760.779358
352.917084
2015.434326
552.910645
564.761353
1283.611206
684.814331
1445.211792
886.497864
1389.734619
3448.602051
1181.499634
835.781189
1047.788574
1049.708862
921.916138
2191.383057
574.835999
1057.721802
628.717590
1721.816650
594.798218
1142.849365
906.630981
581.793152
840.718994
670.699646
561.683533
907.716675
422.935516
527.880249
705.873779
610.895447
679.788086
530.602417
929.777954
494.853027
864.900513
647.693176
1165.791260
810.867310
632.684875
718.742920
577.777039
355.688110
435.822174
1096.834595
856.853516
538.749817
370.836456
363.724060
826.751221
634.617615
166.928131
611.755371
1016.490479
1165.768311
1302.791748
1201.823608
394.819397
1235.510742
826.928589
673.652649
631.806946
654.700073
530.812012
535.728210
1484.502930
774.651733
717.865479
1017.850769
1560.532837
946.636047
573.828186
1270.783447
967.857178
1419.293823
643.771484
861.872375
993.647095
766.634705
404.926758
1459.662354
578.872864
174.820786
895.773315
546.713440
541.675659
727.911987
866.665100
654.889893
573.831848
975.843811
929.647095
867.667358
946.868713
1857.690430
541.707031
326.844299
406.601501
286.927673
700.668762
892.834595
1874.671509
487.865936
1206.606567
523.883423
796.809265
463.728180
1271.615356
1689.806519
620.783936
892.843384
1404.606079
1938.442139
683.706055
625.768738
590.804199
1159.641602
777.604248
716.784424
641.853943
231.624069
920.788574
634.893555
1460.657715
774.749390
848.707031
768.767334
859.842468
517.777466
451.838745
801.534729
679.774719
712.797729
508.764587
611.632385
367.892670
897.711609
1564.714844
248.725433
571.877930
359.845673
456.638824
804.849792
463.589996
996.522278
694.677063
717.798706
608.763184
898.750305
969.638794
487.586761
740.656311
903.488159
817.794067
1218.593262
615.804688
597.767822
735.790833
598.889893
853.527771
1172.651245
1931.672974
806.802368
707.828613
1233.491821
520.857666
635.780273
848.674316
684.724976
375.780701
731.711121
608.703796
560.740173
767.865967
702.749878
984.829529
769.840576
1482.345825
1164.781128
649.684448
1243.760864
747.642944
518.788086
693.761353
823.845215
1081.608887
731.778870
339.693634
730.833679
694.710205
699.685364
833.792236
1331.498291
915.724487
681.813904
387.751221
996.767334
1786.822144
634.794983
1627.589966
862.847534
2696.163330
1494.721802
727.595520
456.769653
781.669678
1015.644348
240.849823
259.782104
1386.970093
1596.544800
1199.745728
426.781647
606.813416
529.910645
821.786255
1100.607056
1098.766846
488.818939
944.713440
485.750763
454.829559
767.886230
761.723572
471.762756
700.881165
890.735596
897.800964
499.740173
551.827271
1553.738770
399.892670
935.473450
481.768738
810.614868
697.753052
937.840576
603.733704
1258.608398
2435.649414
849.461426
716.806519
777.724976
949.817566
1559.472046
321.815735
971.587708
1549.539795
922.633728
1007.731873
710.594116
796.662292
496.724518
511.792236
959.851685
965.580750
377.864105
1362.604248
1323.538818
1435.616211
1608.632813
531.753967
442.909698
1254.723999
1437.770996
518.690430
1088.699585
798.730042
902.618530
1157.647095
1178.577148
726.636536
993.827698
1051.786743
1054.424194
959.543945
381.884827
430.724060
693.713440
639.687195
958.629639
717.847961
822.715759
469.814331
617.852600
705.948425
569.789490
379.989868
1041.628174
905.772888
701.499207
642.808350
999.822205
643.753052
921.626831
408.702393
873.665100
524.884338
497.943329
421.754913
445.716217
852.919373
1083.588623
1148.630127
1395.729980
640.783020
1128.579346
340.698242
1015.268433
588.710205
853.635620
702.443054
415.865479
1710.712036
352.794983
1279.730957
625.760010
252.000000
1013.817139
963.653564
346.768738
412.727722
852.526855
1113.391479
1692.523682
576.851685
735.842468
990.806519
1300.554565
980.759033
167.875153
659.850281
1384.329224
692.807434
1013.866394
631.558228
476.510284
1625.467896
855.738342
1502.625977
546.730042
638.864990
541.755859
1177.811523
723.730042
448.859039
594.613464
1509.658691
879.861816
552.608398
527.763672
1074.809692
606.662292
354.824005
658.662292
716.864075
467.814819
952.748901
621.791321
1033.770630
1191.638794
598.960815
670.838318
999.924011
590.864075
1427.797363
716.869141
857.810669
629.441650
477.756287
631.863647
266.836456
1138.789429
1326.568359
1289.515381
1180.763184
837.902771
446.848907
2805.268799
1182.443481
871.786255
371.778870
566.791321
545.536560
533.409424
766.633301
835.842896
396.915710
1839.470215
1315.678467
1498.656372
815.822205
439.798218
1118.764648
850.526855
610.783020
1094.917114
934.689026
656.702393
603.832764
1353.789917
1017.816162
1088.726318
408.872864
1038.775635
566.757202
1768.708374
380.677521
892.840576
957.842468
583.839661
826.652161
1062.676147
603.825867
689.795471
603.601074
684.792236
917.550842
1412.536133
697.740173
2139.269287
461.898651
706.884399
1066.806030
361.913849
269.896820
652.718506
747.810181
499.798676
1148.830444
747.757690
926.680725
325.735107
410.883911
654.764099
634.787170
252.899567
621.894531
496.842896
400.683502
911.816162
791.790405
1021.773804
1219.576172
1043.748413
737.845642
532.760010
282.914764
229.848434
557.571533
873.614380
839.420471
789.907410
265.872375
737.493225
639.845642
1265.809692
900.830933
1038.431030
831.746643
564.693665
607.788574
490.613953
1412.863647
1230.900513
788.882996
327.643890
724.661377
412.969604
376.898193
602.862244
509.985718
533.865967
1220.483521
1223.716187
633.856262
1169.714355
793.762268
1089.702393
323.716675
333.791321
509.634674
546.846130
388.855804
401.839233
2007.413086
401.932281
1097.563232
907.855347
1390.670654
1054.711182
759.753540
643.717590
802.792664
2367.431152
839.595032
365.875610
1231.496948
884.747070
534.893127
1301.805176
2571.174561
913.703796
454.923523
606.676575
848.704224
1008.625000
1075.810669
778.718079
1056.500122
638.584900
1314.744751
1663.748901
804.775208
987.847534
718.769653
479.856720
912.874207
879.626831
553.797729
771.707458
2203.399658
2133.740234
717.795471
881.799622
1212.548096
2080.558594
102.781174
791.894531
659.730042
482.877930
615.702881
540.805115
1055.606567
654.847961
760.541138
555.681213
870.459595
993.735107
839.705627
374.700104
896.728210
522.644836
839.857666
791.771973
1531.706055
514.689941
544.821716
718.720337
915.778870
740.918030
440.891266
1026.749390
1143.943848
642.710693
953.762268
952.840576
896.700562
616.936401
615.859009
1083.732300
971.888489
475.690430
713.784424
959.556335
976.849792
1156.446289
1637.404785
704.854858
445.732330
721.663208
714.762268
775.903259
421.894501
635.669678
586.654968
301.801453
1209.754028
877.590881
726.803772
756.746643
922.918945
1137.619995
931.659119
539.734192
707.735107
1050.671021
1108.553101
689.778870
410.722198
807.666931
710.787598
560.643433
1231.468872
1144.540649
1134.712524
756.778381
188.749390
750.823120
479.533325
371.751678
1582.589478
749.881592
720.750793
281.916626
858.776123
658.900024
555.748901
601.699646
606.794556
810.831421
291.856720
1240.704712
893.676575
1053.710693
605.928589
415.585846
1177.834106
775.773804
677.742920
561.773804
1949.444458
625.635620
685.644836
371.748474
609.734619
685.779358
510.591827
1263.279053
484.588593
979.708862
1075.576660
874.786682
538.836914
702.751221
694.833252
1921.700073
705.935486
641.711121
575.809753
1996.615845
1089.471191
503.700104
1136.800537
768.756287
613.927185
653.760010
612.792236
653.841980
355.596893
853.502014
1011.609314
644.947510
696.748474
478.766418
1693.599243
1176.805542
638.764099
563.788574
2003.677124
589.903748
643.928162
1005.807922
924.792236
758.905579
1035.320923
569.945618
972.885742
479.853027
797.708862
667.794067
1492.767822
1253.703735
706.859924
823.613464
1054.678467
740.794067
1720.377563
928.851196
558.727722
565.479858
446.933197
830.785767
1476.697388
967.975098
583.609802
2309.422363
733.718994
1149.699585
849.683533
734.747559
1567.666870
551.808838
863.814819
585.955750
991.707947
649.764099
641.744751
840.738770
176.942871
931.502441
850.781189
1232.530518
868.676575
372.774719
509.953461
394.722656
438.695953
741.564209
784.756775
837.852600
629.800049
771.711609
975.199341
727.764099
749.688110
1326.806519
1166.565063
589.604736
891.702393
617.701965
566.746155
560.638794
771.886230
939.792236
384.764587
851.783020
901.624084
606.759521
2337.472412
619.827271
599.772888
518.738770
1043.705200
921.781189
645.765076
612.770142
873.501526
847.730530
701.812012
3278.413086
917.744324
1143.738770
872.885315
689.777466
126.727272
965.731873
578.831848
1122.687622
924.815247
1154.734619
1048.841064
919.807922
783.731445
556.945618
552.802856
1274.721313
744.801453
1125.849854
927.552673
1167.851685
729.674316
465.820801
541.741577
1185.770142
653.779358
705.661865
1856.736450
830.910156
888.886230
445.602417
945.794983
497.865021
542.887573
713.912903
1014.719421
634.942444
484.837830
929.717590
345.917999
416.906494
959.724060
626.760010
687.719421
991.847961
699.887573
948.830444
1947.739258
898.713440
501.802368
1400.636475
376.795441
437.753998
1126.391846
251.935043
735.933228
246.874237
644.736511
1713.346802
810.658142
632.512146
1632.791748
701.677490
1118.781128
473.878845
715.814331
1296.551758
974.777039
1183.663696
1744.802856
374.569244
2160.611572
393.666473
864.785339
289.727264
402.898193
766.865967
639.736511
1172.624023
1020.687683
613.908325
450.714844
825.652649
578.628235
391.965454
533.667358
1244.677490
576.898193
713.701965
1102.495972
952.818054
1057.694092
1028.742432
680.800964
2676.555420
733.754456
713.635620
965.712524
324.825867
817.770142
858.772400
798.713440
1998.695435
639.976990
645.697815
969.825378
480.774719
861.576172
525.746155
515.835510
435.934113
398.632843
784.733276
555.850708
957.760925
386.880676
462.865021
734.854431
273.874237
692.725891
1568.526855
785.718079
369.849823
1138.619019
843.617615
1239.733765
784.770569
1074.618530
2222.168457
798.794556
1287.488647
875.643433
666.705139
450.865936
886.783020
466.854431
756.771057
868.859924
718.922607
751.497375
894.750793
497.756287
1066.793213
1008.786682
1252.482178
1042.848877
599.867798
1135.729980
697.782532
692.480347
1129.792236
1223.707520
673.692261
785.461426
983.506165
281.677979
291.788544
770.824951
1160.654541
892.828186
406.701935
547.765991
954.662781
1794.673828
741.555908
255.816193
748.837830
332.945190
681.799133
407.844299
629.797302
682.622681
1693.517212
1320.834106
437.848450
901.627747
1121.657227
532.549927
414.848419
664.811584
849.814331
414.607483
556.859924
847.653564
501.893127
738.771973
2176.370605
678.748474
830.715759
441.686737
1195.877930
1025.843384
747.676147
1275.724976
764.877441
717.760010
173.774261
1581.757690
649.704224
468.739258
260.862244
1053.836060
971.671082
405.721283
426.317719
1192.570679
501.664612
1069.765503
930.571533
560.779358
378.795929
732.814331
1017.604736
482.702850
867.369751
1640.807007
1152.906006
400.816193
170.875610
933.786255
832.731445
518.881165
889.765503
1081.785278
694.851685
946.624084
514.775208
947.859009
777.700562
553.772400
461.862244
790.655396
903.622253
858.751221
343.816650
642.845215
874.956726
775.564209
682.780701
933.853943
551.829102
303.683960
530.730042
941.492798
1222.557739
1216.835083
350.830017
483.666931
1515.761353
1124.737427
1164.703735
955.727295
1396.641602
735.794983
540.869141
972.792664
781.843811
1177.634644
1421.671509
1507.693604
331.873779
1016.750305
748.607056
814.471619
760.729126
791.840576
1078.635132
820.715759
887.817566
625.708374
398.666016
420.748474
595.752625
1753.387329
574.639771
1018.850769
410.579865
880.704712
623.770569
1039.707886
252.777954
791.575684
1075.697388
1011.792664
1132.608398
1408.413574
511.840149
701.672913
1022.685364
590.810181
749.792236
432.733276
783.845642
1550.732300
540.687683
1169.513550
642.685791
541.600098
857.715759
1041.798706
1330.918457
509.918915
821.597839
548.725403
695.820801
513.916626
1006.776550
951.841980
235.630066
722.838318
375.868256
1101.774292
259.788544
549.806946
1121.639282
1843.374390
350.859955
807.895874
719.723572
1332.772827
1105.534668
872.761841
1330.699219
818.727295
647.807922
342.859955
718.746643
264.622223
449.805603
803.847046
277.780243
435.716217
788.857178
757.701965
1045.721313
988.784851
1040.854004
1327.801025
629.758118
504.807892
230.827240
766.755371
980.669678
1074.671509
392.699646
1195.781128
910.761353
903.583069
1059.752563
606.792664
1098.804199
971.651245
695.792236
890.766907
1713.668335
1083.854858
1517.850708
497.907410
1102.785767
684.766418
894.857666
1284.329224
1597.527344
405.826324
725.672424
601.679810
419.000000
124.855347
338.773346
1010.859497
866.880676
457.784851
761.730957
869.667847
891.931335
1015.705139
426.826324
804.807922
1578.744751
1258.878784
1562.466064
841.709778
1028.602905
564.752625
1193.901001
1046.660889
961.977905
454.912933
431.720825
645.862244
1166.738770
533.713928
2403.285889
915.840576
896.781189
588.838745
1006.759521
1458.749390
202.863174
1103.823608
435.769653
804.840149
959.855347
645.594116
834.583557
845.560059
654.833679
564.900024
954.660461
704.797302
789.777954
922.510315
405.861786
1622.709351
541.935059
725.938721
1850.600098
1142.613037
963.485413
1745.437500
1004.701965
967.811584
1190.741577
332.599670
972.947510
988.815735
779.592773
428.473419
1017.863159
1180.849854
539.786255
348.544830
825.796814
577.599670
452.750305
259.809723
751.617188
552.671509
1337.528687
638.727722
1493.577515
994.775208
751.812500
524.860901
839.719910
497.841522
945.700562
1137.697388
1068.937866
1138.720337
801.837830
674.674744
397.800049
627.870544
724.879761
1441.676147
644.809265
627.868225
750.763672
744.669250
352.768738
1570.734131
1487.721313
446.806976
852.808838
361.875610
844.679382
698.756287
662.799622
252.916611
1017.617188
608.893127
689.880676
1450.645264
289.776581
280.830017
718.859924
879.697327
604.726379
609.631470
608.915710
643.800049
606.812988
655.848450
293.800537
910.900024
359.818481
506.841980
507.860413
519.782532
1361.410278
753.742920
521.859497
777.830444
862.707031
518.749390
292.832764
449.662781
506.940582
803.546692
763.806519
1209.600586
803.753967
821.767822
1148.898193
756.677979
1044.554077
650.767822
525.727295
243.724045
1061.632324
952.912476
961.565125
1202.685303
1732.420898
901.714844
846.694092
374.877472
700.545288
168.717590
402.697327
1278.679810
380.707916
759.769653
639.789001
300.812958
979.850769
549.790405
651.695496
1291.424194
689.656799
1103.739746
854.840149
699.884399
213.965912
1111.592285
521.733704
506.683502
1132.733276
494.825867
1492.638306
662.971436
447.771484
434.914307
355.761353
674.943359
1385.462402
642.850769
835.820801
525.735107
385.876984
1416.460938
1120.348145
830.865051
375.742462
962.889893
434.869171
1150.715698
761.677979
816.847046
800.849365
592.844727
411.589539
319.877472
937.736511
634.873291
554.773315
424.800537
952.434753
659.767822
1819.709717
353.878845
567.866882
391.726349
1407.755371
842.529663
1913.268921
796.772400
2275.441162
705.716675
1274.913818
319.929047
185.776566
978.778870
986.707031
418.726807
786.868713
673.611633
690.918457
925.712524
1517.701538
788.660461
573.638367
682.754456
241.886673
420.771484
515.561401
1600.656738
532.886658
558.955322
462.753082
674.891724
1187.744263
871.933655
389.651245
616.857666
430.683044
583.788574
1067.889893
913.561401
422.941040
486.816650
392.727264
1495.861328
1458.677002
550.822632
441.791779
417.833221
703.348145
920.334290
573.848450
1110.859497
859.912476
976.417664
799.780701
805.581238
784.651245
2152.703369
436.844757
147.918457
934.783020
598.907410
475.676605
493.866394
911.781616
424.757690
1155.671997
473.792694
744.653076
995.436584
549.781189
625.625916
639.896790
450.829559
1406.835083
1852.397461
1037.789429
2114.572510
867.718994
405.759979
1450.509399
620.688599
664.722656
759.777954
666.682556
394.666016
786.843384
550.916626
628.679382
513.915222
1162.814819
495.811584
585.888977
1402.554077
319.866394
790.799622
646.821228
1026.723633
388.767365
1330.520386
532.920288
615.856750
794.853943
641.538391
1264.815674
625.802856
1167.859985
567.885742
719.631470
1702.820313
767.688599
743.842468
454.523651
631.764099
390.883911
640.760010
1610.450439
845.677063
520.450378
1017.736023
258.918915
656.620422
503.960846
506.794067
780.926758
508.847046
790.780701
301.831390
1194.448608
449.853027
860.762268
960.859009
878.537903
803.844299
1159.549438
887.807922
1203.795044
1299.511719
509.900482
570.872375
385.682587
528.906921
751.662292
654.603333
1089.710205
455.698242
481.835541
1116.719849
462.788086
527.607483
914.573425
2045.630493
536.704712
273.938263
576.792236
331.795929
1672.636963
1164.804688
659.711121
573.904175
531.892212
1102.708862
2647.264404
2174.493652
569.654968
1094.781128
1033.466064
676.567444
982.741577
382.892670
1370.668823
654.669678
458.857635
372.786255
521.691772
696.795471
770.774292
472.543457
1050.894043
525.837830
420.682129
1682.479858
873.836487
1485.668335
971.603333
1082.794556
1079.802856
1220.575684
757.861328
677.847046
473.698700
789.472534
2759.690918
723.847046
1106.876587
1073.932739
1335.717651
2076.361572
309.851654
312.766418
1105.875122
463.846588
580.621765
660.759521
544.775208
1202.813843
895.831421
1173.767334
544.915710
991.766418
735.678894
1060.684448
1126.687622
315.998627
638.803772
518.826294
753.742004
496.781189
1256.576660
888.464233
1153.887573
741.656799
916.553589
640.784851
748.720825
479.991241
541.916626
800.509827
539.828613
756.503845
362.841980
1058.648071
726.885315
1317.764648
622.722229
740.883423
740.841980
307.829559
845.630554
481.600128
828.750305
559.827698
660.817566
780.793152
880.875183
120.896347
652.695496
609.900940
479.855347
1200.663208
541.739685
626.747559
1382.764648
272.997711
1224.427856
1125.881104
409.800537
616.785339
425.830933
1240.655396
127.848892
1354.763672
650.789490
1202.662354
585.536560
614.719421
1302.610718
607.478943
1010.852600
895.694092
516.818970
714.859497
894.706055
1141.763672
896.840576
317.745697
852.760925
1116.577148
578.746643
1114.755859
1150.750366
710.871460
995.878845
606.505676
884.677490
809.725403
435.679352
712.585388
865.651245
462.749390
1920.536499
570.818054
749.742493
479.812500
330.667389
1203.829590
980.748901
834.767822
849.770569
1400.804199
595.616699
846.771484
386.777954
560.756775
673.788574
789.796814
864.689026
1720.520020
817.826782
368.677521
927.762268
1258.618530
1324.583496
731.718079
1340.693237
816.794983
1138.703369
773.918945
415.839691
251.841522
1910.618530
787.799133
269.828156
341.603333
755.709778
490.562347
420.616699
999.786682
698.829102
1197.891724
554.803284
919.731445
535.736511
647.803772
576.773315
1033.724487
372.591827
416.794525
1321.690430
244.914780
1401.661377
966.771484
1272.666870
906.518555
846.548096
1041.452271
755.750305
1269.839722
457.621765
1519.786255
1421.689087
980.796814
818.750305
378.830475
1120.748901
528.888062
1190.808350
808.732788
386.906006
1222.675659
1243.711670
674.719910
524.598267
959.788086
1282.755371
469.809265
1694.600586
1212.708374
831.950256
964.635620
1893.250977
1057.514893
603.536987
1380.617188
505.867798
886.824463
466.863190
680.806030
551.661377
198.806976
681.875610
493.796844
1001.730530
1173.649414
698.810181
907.695007
838.595947
687.638794
522.759033
1228.722168
1074.789429
220.748917
1803.626831
709.859009
638.832336
490.769653
842.794556
1336.793579
280.851654
802.659119
971.407532
445.885742
282.718048
701.898621
1474.526855
551.752136
1228.849854
859.896362
673.760925
1526.343506
867.822205
789.825867
1316.419067
470.811584
823.825867
669.767822
412.771973
1275.629150
529.787598
729.703308
558.839661
555.821716
557.787170
1219.675171
640.415405
351.695953
494.864563
563.784424
509.889893
1064.765015
708.622253
753.287781
957.545288
976.662292
855.882080
396.649414
965.789490
217.842438
294.995850
350.829559
1032.696899
1223.578979
530.740662
975.884827
733.776123
1204.709717
449.672913
1098.795410
631.814819
912.784424
751.803284
1083.773804
1096.823975
646.657715
592.662781
504.745239
584.606140
375.991241
1021.886230
529.809265
822.809265
1226.759033
792.811096
1363.605225
249.718063
558.380859
704.806946
1030.536133
402.813873
208.619003
622.751709
953.747986
1077.566040
831.775635
2263.525146
1713.665039
785.771973
801.794067
817.824036
282.808807
348.607483
390.793610
1055.814331
743.674316
1009.669250
299.708374
920.583069
701.720337
400.835999
1224.728149
277.780701
616.908325
434.784851
358.719910
363.765961
1793.713501
1362.808838
430.818481
916.860901
564.820801
793.774719
747.829102
1377.830444
1469.437012
883.686279
686.858582
982.778442
682.603333
1397.821777
884.794556
806.740173
787.786682
542.655396
1656.503418
706.797302
315.810669
1012.557251
1384.602417
610.676575
813.899109
799.657715
758.774292
767.730042
909.873779
689.823120
514.810669
271.758606
2573.435303
569.510742
269.614868
652.695496
500.749847
747.732788
835.685791
306.752136
937.909729
521.624512
468.683044
737.668335
912.628662
1396.581665
733.821228
982.778442
1010.748901
1809.236206
641.872375
389.580780
1081.898682
2203.539795
648.863159
318.834625
785.719421
1123.701050
295.729126
559.518555
831.795898
770.660461
1229.584961
317.850281
1905.261475
1002.620422
973.179504
450.804199
681.960815
413.838745
704.843384
687.626404
872.554504
772.783020
695.812988
1492.497437
2146.631348
1498.568848
581.687195
532.855347
904.699158
734.733276
1180.678955
1063.825806
558.593689
449.738800
1255.648071
1176.789063
1027.741577
562.706543
1213.798218
1351.559570
745.648499
762.892212
581.611206
1031.754517
878.660461
411.843353
645.703796
724.651733
921.808838
1026.635132
1042.680786
882.669250
871.910156
431.694092
808.901428
885.933655
378.843842
500.852112
263.779785
941.534729
422.770569
470.649414
923.711121
320.763214
546.738770
1182.807007
655.604736
808.491882
683.879272
736.796814
356.952545
607.925354
506.780243
1407.466064
651.797729
754.803284
1075.715698
1067.892212
1125.635620
979.803772
804.848877
402.768280
552.681213
420.661865
660.843384
434.528717
644.859924
589.789490
793.775635
637.722656
682.807434
1290.720825
403.834167
1394.794556
702.859009
1517.706543
982.874207
481.901428
859.847534
1058.616699
379.904633
552.793152
1002.873291
1238.725464
575.846130
1864.416260
346.630981
1624.541626
465.887146
491.585846
639.536072
567.994934
470.685364
705.640198
934.677063
853.804688
1246.407104
601.763184
903.753540
341.829071
440.671539
548.782532
1123.774780
549.607971
1039.534668
495.513977
1040.800049
1115.259644
492.733276
407.830933
1292.767822
559.835510
237.819412
713.791321
503.864563
883.585388
1073.752563
410.832764
1112.864990
792.891724
467.875153
750.732361
659.702393
670.684875
479.787170
1099.825439
732.803772
1403.768311
697.865479
1223.608398
860.859497
1382.762695
1426.632813
2292.451416
547.945190
909.880676
881.566467
682.714844
1037.545288
1445.507080
880.734619
1089.548096
315.842438
834.740173
1057.782104
992.643433
1018.836914
294.850739
1076.802368
451.906006
794.671997
1595.542114
583.523193
1466.734619
1151.683472
340.624084
986.523193
494.748016
1071.935547
643.767822
752.699158
716.924438
1207.504761
1197.430542
388.746613
1216.743896
739.755859
388.701019
339.733734
883.671082
970.719910
1630.487305
946.778870
409.592285
753.767822
808.744324
781.661865
366.932739
556.835510
780.842468
604.889893
1482.585815
579.813416
742.665527
726.594116
1099.586304
910.642517
965.707031
796.641113
877.801453
620.901428
389.639740
773.784424
1440.509888
911.341675
1232.650757
360.830475
1400.353638
1262.654053
669.910645
1128.673340
612.771484
583.869141
1054.885742
487.846588
1472.811523
543.830017
839.690857
567.855835
1304.805176
1237.460083
2176.459229
2453.196533
682.671082
145.912476
812.722656
1232.549927
287.800995
1044.630493
545.736511
1237.444458
1075.683105
934.684875
716.772400
781.731873
969.800049
820.869141
648.979736
577.540222
507.883911
934.836487
930.694580
1985.744385
1462.358276
933.839233
263.898651
369.922150
789.953003
731.881592
928.715759
1818.636108
953.606140
937.571106
405.931366
1050.775146
554.790405
464.889435
1550.789063
1254.671509
674.846619
1588.753540
994.618530
1409.828125
1358.492310
672.740173
445.692719
565.816162
536.785339
608.705139
1974.747559
930.562805
831.725891
973.835510
777.861816
856.786682
902.810181
1048.723145
1131.738281
1134.678955
936.877441
284.803741
873.830017
453.755829
329.613007
436.692261
729.600098
625.921204
744.732788
661.697327
453.746613
629.834167
530.808350
1540.423706
1032.779297
403.753998
427.848450
546.870117
350.906494
427.935516
1051.844727
354.740631
1066.742432
883.800537
343.904633
896.709778
533.882996
337.732788
786.837830
679.503357
861.891724
1362.754517
1130.875610
860.861816
901.708862
1106.643433
828.754944
307.916168
408.736023
583.727722
1040.720337
729.670593
874.694580
1273.845703
223.838760
1819.500122
492.692261
1226.374878
337.818481
993.710693
790.836914
765.900024
1081.826782
348.772888
660.798218
774.875610
843.824951
646.524597
556.829102
706.761841
1098.828125
1082.790894
724.640198
542.737854
1319.723145
2516.578369
750.716675
1201.595459
453.774719
1081.812988
3242.446289
605.853943
795.911560
1017.647095
138.782089
285.935516
1068.649414
1171.770996
596.725891
531.687683
633.663696
454.835541
507.912476
677.689941
619.614380
890.741089
562.741089
661.848877
933.596436
392.884369
641.770569
1035.834106
817.879761
693.506165
701.807922
1128.831421
449.960846
1033.668335
480.381744
1120.724487
883.671509
1446.716187
1320.478027
866.497375
361.839233
443.710236
587.667358
875.894531
577.814819
972.617188
1603.761353
681.770142
502.665070
1410.639771
762.705627
373.838287
430.867798
405.808807
245.583542
1038.676636
791.795898
211.905563
950.766418
1009.798706
893.768738
654.911560
413.858124
354.774261
291.000000
762.750793
602.879272
1066.923950
249.923981
582.626404
792.695923
865.853943
783.677490
751.789917
1079.851685
1254.820313
928.799622
526.804199
507.874695
983.696899
1493.552246
860.625916
733.602417
819.731873
500.807892
740.822205
436.698242
350.895416
708.800964
1218.690430
526.797302
529.819885
393.756287
675.906006
1085.718018
588.724060
1323.560547
955.755371
503.910156
1113.421875
920.691772
747.733704
980.777039
780.710205
482.704712
613.825378
1130.873291
916.731445
993.486816
1048.769653
1654.470703
769.779358
815.850769
579.852600
875.891724
972.628235
590.843811
851.897278
571.921204
853.755371
636.871460
1367.314453
509.772430
930.747559
859.736511
697.537903
213.695023
3394.163330
928.816162
566.861328
348.705627
570.863159
583.778870
975.858093
653.788574
597.908325
588.686279
886.471619
829.452271
873.745239
476.754456
426.709320
870.685364
899.613037
739.826782
515.714355
982.730530
870.759033
414.853027
1169.699219
1193.633789
321.552216
587.898621
855.815247
805.671509
575.865967
1076.547607
1099.686768
1066.729980
732.890381
450.749847
1323.672485
425.676605
391.810211
890.748901
683.837402
782.749878
385.894043
338.801910
417.771027
649.887146
965.276245
538.905090
1203.614868
725.852600
843.769226
1240.732788
993.719910
766.661377
457.855804
479.900024
889.766418
1543.624512
1140.551758
683.765991
399.806061
989.720825
758.918457
290.859497
408.719452
1155.810181
640.593201
612.527771
1046.779297
767.713013
639.759521
1734.667358
680.720825
1249.661377
820.677490
258.772430
742.570618
429.837372
1501.594116
680.799622
1014.958557
1033.684448
1723.812988
518.783447
689.875610
763.722229
324.720825
806.467468
333.853973
1173.702881
747.806519
852.830444
586.753540
548.905579
2435.692627
460.835083
1422.801392
437.677063
903.795898
515.831360
872.638367
1209.639771
590.836487
676.762268
737.553162
717.749878
660.903259
817.911987
379.900940
1087.451294
646.718506
139.849350
399.862701
1138.473022
589.794556
1214.630493
403.447174
939.515381
982.695007
851.876526
906.757690
780.872864
906.726379
573.825867
351.889893
832.703308
712.919373
478.800537
1013.684448
1326.696411
574.859497
963.614868
1490.726318
1224.625000
1555.788574
499.914307
551.830017
927.802368
179.856720
615.657715
1547.797729
903.702393
1090.799561
496.942413
1759.602905
792.777466
790.778870
777.835999
1107.780762
547.677979
258.880219
751.643860
1121.810669
619.794556
780.806519
1048.791748
600.862732
815.782532
664.738770
937.702881
210.761368
930.688599
1237.639282
1017.905090
615.719910
751.844727
931.613953
1012.807922
1006.525940
1114.938721
234.797760
577.949341
51.891739
1886.500610
743.814819
804.643433
713.677979
1741.667358
1014.917053
751.811584
187.802826
611.793640
1033.823608
516.928162
958.673828
1026.680298
521.826782
842.680725
840.789490
831.940125
214.756302
1145.589111
455.874237
616.799133
439.794067
592.751709
738.760925
874.838318
740.816162
856.921204
629.855347
840.731445
987.846130
1008.724976
1294.767334
1320.632813
404.734192
889.751221
573.536072
863.979736
696.947021
1764.545288
803.752136
731.744751
676.812012
712.653564
545.916626
867.648987
1173.508911
233.831848
377.931366
1057.782959
844.768738
891.827698
2352.256104
526.879272
522.742004
712.754944
533.930908
539.894043
357.695496
974.741089
940.713013
710.744324
688.888977
397.636963
658.939636
541.714355
1117.798706
739.812012
1101.634155
1717.702393
882.773804
666.679810
748.879272
622.801453
1102.472534
569.866882
1837.491455
689.761841
498.577087
424.000000
812.771484
997.818970
882.736938
1556.776611
769.710205
478.781189
1197.763184
817.704224
679.812012
849.879272
1444.450439
648.799133
1547.807861
819.787170
475.743866
425.617615
1444.644409
870.691772
415.813873
155.774261
832.830444
788.656799
505.762756
628.605164
1206.676636
562.868225
1053.734131
1544.589111
891.922607
901.700562
838.785767
750.565552
514.819885
980.745239
673.723145
1224.813843
519.883911
828.719421
574.614868
503.571564
649.841980
841.734619
1303.503418
489.774261
338.657257
1314.641602
750.692261
351.940582
640.870117
849.719910
305.815277
637.652649
1363.578491
800.545288
1043.642090
428.621765
922.806519
1065.665039
602.726379
572.842468
634.515381
537.835510
730.756775
432.760895
1770.759521
1270.780273
1690.746582
774.902771
1048.714844
756.768250
503.904175
567.768738
495.819397
399.866852
973.443054
1097.817993
176.859024
1013.830933
1217.610718
525.586304
834.596436
863.814819
364.859497
361.576172
1004.507507
854.822205
580.775208
1646.784424
478.882996
1205.654541
1721.682129
637.490479
709.754456
1392.721313
2463.344971
631.806519
859.000000
463.775177
1142.465088
803.538879
1001.583557
660.735107
1081.797241
572.791748
539.958984
599.590881
561.865967
670.827698
634.756287
1197.666016
882.797791
2651.521729
656.814819
1210.795044
962.777954
811.764160
358.811127
557.891724
790.844727
515.862244
209.753525
401.768738
336.579376
1169.642456
590.627747
734.681641
1063.792236
515.676575
638.902771
480.722656
1163.855835
309.786255
427.683502
847.750305
641.799622
631.528687
460.848907
1094.611206
801.792236
996.688110
995.653564
861.581238
1103.619507
1115.738281
637.705139
453.906952
1246.780273
1130.618530
3222.216309
821.483582
716.803772
1224.567383
826.802368
406.674286
801.910645
814.770142
1051.492798
719.758118
1936.502930
626.632813
494.736023
887.780273
1092.702881
495.830933
202.916611
680.714355
1104.864990
1182.590942
1057.726318
699.774719
1136.509399
466.943329
1386.681641
570.595520
803.571533
984.623596
990.891724
735.630554
1268.738281
445.802368
370.771973
1116.739746
1205.728638
1261.765503
421.768280
1412.375366
822.822632
737.902771
548.635620
1046.772461
375.734650
1342.639282
1173.723145
249.803741
560.730957
971.580750
691.894958
501.550354
521.817078
1383.770996
220.776108
584.627319
669.819397
627.749817
1453.611694
435.683502
1069.667847
673.753967
260.717133
342.736023
677.761841
992.645264
607.931335
543.746643
593.741089
1038.619995
1098.689087
736.752136
739.718994
904.717590
562.890381
760.823120
1077.500610
1207.484497
636.854858
1078.409424
317.889893
1141.756714
607.792236
787.756775
729.799622
837.867798
425.906494
468.788544
910.683960
525.631897
865.636963
287.863647
1054.566895
1205.385010
1111.579834
642.790405
821.701477
1027.744263
274.592743
930.816650
804.764099
897.687683
840.837830
1187.640625
1262.839722
1605.715332
1000.657715
565.833679
1718.661377
1061.799561
691.869629
690.815247
557.977417
275.445801
1353.525024
265.968689
498.914764
1760.452271
1997.399780
256.900024
760.733276
661.459167
659.848877
663.847961
420.841522
678.657227
373.794983
786.765503
694.770142
775.621338
657.851196
841.754944
411.276703
875.700989
564.779358
1156.825439
655.838318
1772.592285
1344.409424
1099.668335
569.537903
411.868713
1034.375732
1628.683105
458.817108
1237.626831
805.704712
653.543457
3251.432373
1181.807007
905.918457
304.837830
588.832336
474.736023
951.671997
579.941467
620.643860
1197.716187
636.615784
745.706055
816.651733
429.902802
1029.868652
839.794067
619.902771
848.826294
411.631897
962.640686
744.490967
1065.737427
2023.483521
190.854889
503.713440
875.770142
343.889435
1072.599243
592.918945
674.530090
492.947479
795.707947
500.700562
555.774719
438.863647
605.753540
702.988953
436.839233
635.901855
808.854431
538.783020
571.899597
970.660034
437.519958
604.834167
827.687195
743.549011
391.820343
886.873291
816.851685
1670.768311
1250.674316
656.838318
727.854431
871.678467
381.907867
758.628662
716.767334
584.715759
1261.450806
430.909698
233.763199
1183.665039
635.851685
1064.303467
864.885742
574.614380
271.745697
1199.763672
1376.909302
1470.824463
1041.845703
741.720337
616.882507
1353.631470
834.754944
679.750305
422.789001
1365.630981
262.878387
793.776123
349.879761
1171.670166
664.834167
646.438416
805.788574
972.636536
642.788574
497.654480
490.699646
485.845673
867.582153
1327.326416
987.821228
293.429199
634.753052
289.812042
757.668762
803.713928
651.812012
872.685364
679.527771
1030.499634
1334.581177
797.819885
495.774261
763.865479
453.728668
894.695007
487.777496
331.730499
1485.794556
876.678467
824.611206
787.683044
1094.675171
726.635132
874.740662
446.626831
385.793610
638.804199
637.877014
385.733734
1083.606079
350.757202
441.851654
611.866394
683.806030
414.694550
925.843811
851.911987
929.735596
1672.801392
829.777039
972.639282
738.790405
973.792236
786.768250
1243.803345
740.779358
1366.501099
637.536987
588.748901
1320.393311
1125.857178
1238.800049
1402.660034
572.799622
314.812500
696.795898
1293.519043
678.418640
1231.691772
1014.862732
508.791779
403.721283
722.880676
454.587677
835.585388
755.533325
350.859039
436.633759
528.872375
803.529175
297.841980
1241.742065
961.876099
631.768738
804.933228
969.654480
574.651245
977.645752
798.815247
1082.754028
804.883911
1123.737427
609.694092
824.656311
782.763672
480.702850
733.641602
936.830933
1042.848877
904.936401
618.834595
1321.331543
367.807434
1170.676636
662.799133
497.904633
689.763672
348.527344
1295.630127
685.703796
507.780243
577.854858
510.854431
1372.807007
1163.845215
1004.765503
448.677979
379.909698
703.700562
1264.420410
1359.782104
487.813873
989.729126
847.357788
403.902344
560.864563
739.742493
784.689514
923.892212
515.742004
816.746155
1242.760498
705.779358
470.794525
1031.634644
584.772400
426.844299
507.841980
707.725403
161.759979
816.869629
1177.734131
1602.665527
406.808807
1368.817993
739.774292
797.427368
766.627747
833.726379
528.683960
1871.418213
379.800049
607.873291
932.698730
487.866394
933.824036
711.593689
814.343506
494.621765
562.806030
1275.682617
559.762756
381.704224
368.679352
821.871948
498.708374
546.728210
837.777466
565.627319
831.701965
617.865967
1162.577148
722.683960
207.794525
391.869629
1789.413086
945.855835
465.836456
685.934143
1046.850708
938.615356
898.803772
906.796814
558.812012
1088.662720
1087.760010
783.791748
795.707947
748.710205
1421.813477
1103.559082
572.789001
411.935516
319.667389
1093.823608
858.765991
305.895874
987.707458
710.725403
757.539307
494.767365
493.567871
815.632385
1092.790894
823.693176
419.724976
519.851196
1395.693237
1103.724487
512.887573
733.742004
581.687683
941.855347
809.776550
1096.668823
746.642029
957.799622
186.640656
299.896820
346.748932
195.742477
1293.792725
763.872864
605.746643
1253.710693
481.755371
974.377136
606.573853
560.628235
789.547119
616.736511
1231.353638
402.838287
416.800537
901.633301
566.804688
358.635132
1346.537476
592.843384
453.686737
358.836456
295.000000
1104.875122
486.807434
740.740662
908.625488
725.722656
760.875183
578.788574
911.783020
1281.703735
1161.667358
559.798218
785.807434
990.756287
1870.454590
535.853943
964.718079
339.701477
1206.592285
717.811096
1134.759521
899.552185
905.902771
1765.647095
957.655396
595.812500
199.817566
766.532837
1017.837402
715.677063
418.822632
822.806030
526.779358
721.512573
1982.748413
954.697327
1240.649414
731.760437
1429.732300
605.861328
1063.717651
365.920288
1002.942871
1008.596924
1240.758545
1275.744751
1074.314087
1001.901855
1348.560059
617.810669
574.632813
628.808838
1421.837402
455.664612
949.808350
389.860870
464.814819
1014.613037
1403.223267
624.867798
1026.776611
543.769226
351.868256
1057.973755
520.864075
559.657227
927.810669
1273.774292
639.776123
677.828613
533.776123
1076.822144
880.775208
1083.695923
636.864990
475.783478
1980.609375
207.752151
938.731445
652.611633
461.856262
1619.475708
984.767334
1457.736084
1005.464661
466.930908
1728.413086
531.988037
909.627319
276.747070
1109.293823
181.822632
632.797729
1250.754517
625.615784
409.898193
1163.821777
960.948853
1175.721802
840.730530
1236.699219
954.622253
1545.731445
322.824005
1020.640198
1074.817139
817.823547
868.847046
447.846130
475.765503
659.790833
420.716675
1109.845703
417.839233
416.590912
570.878357
774.753052
796.709778
503.694092
1047.597778
416.642975
778.772888
514.777954
246.820328
941.757690
719.624512
1074.684448
1645.669189
354.798676
635.819397
795.632385
270.830933
470.758606
884.640686
421.590912
310.796844
504.822174
582.679382
1210.691284
605.682129
1305.915283
1581.642456
789.725891
743.812988
708.761353
1062.818970
274.840607
382.670593
615.611206
910.861328
770.854431
1066.778442
1080.743408
763.755371
803.890381
736.648499
1574.785767
477.722198
405.859955
1145.789063
1811.440308
1001.683533
386.898193
373.798676
623.945618
771.906006
772.712524
1127.699585
1188.795410
424.843842
525.824036
842.717590
159.567871
339.713898
1339.763672
774.653076
1107.646606
315.355957
382.750763
553.869629
748.595947
437.808350
637.636963
940.442078
746.653564
462.757233
725.552673
786.839661
1231.669189
807.951172
1024.610718
686.856750
1086.850220
690.762756
607.493225
1741.449951
1428.648071
1114.673340
538.688599
897.866882
493.859039
718.979248
740.675232
629.772888
565.855347
652.920776
894.577576
2625.410400
826.716248
814.552185
577.635132
710.402039
723.517639
485.752136
1794.691772
933.928589
595.824036
511.877930
855.775208
699.671509
806.784424
1083.672974
802.789001
803.642029
533.838745
564.519958
578.729553
1122.613037
757.911072
1547.519531
248.867325
1284.423218
904.725891
187.748001
1076.648438
733.676575
595.579407
409.692261
1008.851196
1157.695435
996.293762
706.738342
506.814819
683.590454
712.814819
1300.561401
1150.627319
603.418640
343.759521
1366.524170
592.859009
560.681213
2436.521240
1179.563232
392.666473
690.894043
435.790863
1525.665527
931.735107
1049.836060
1159.750366
1604.655396
840.801453
552.790833
686.697815
1386.807007
526.761841
767.811584
1282.852539
1118.637451
572.789001
1163.684448
582.752136
1334.704224
1030.882935
997.744751
861.818054
897.532837
826.617188
460.768280
357.783478
1030.879761
1638.516724
1311.758179
745.794556
483.950714
1091.455444
792.935974
673.609802
496.760895
800.900940
1085.680298
605.669678
504.654480
1808.401611
1211.761841
644.712524
398.807892
612.658142
550.785767
473.575256
472.649872
658.745728
910.613464
1267.623169
318.648956
210.613022
615.790405
1000.716675
277.807892
733.865479
424.556366
1977.589966
420.723114
1864.218628
1375.677490
1724.458740
801.698242
662.915710
674.549011
892.777466
403.729126
197.880219
703.714355
1967.434326
1737.470215
525.828186
1045.820801
433.599213
550.677063
672.736511
750.639771
887.708862
366.932739
747.513062
740.899109
899.612122
459.776093
1185.776611
758.609314
662.905090
1125.599243
1207.423218
1167.291504
551.795471
706.662781
675.796387
833.700989
529.763672
1102.823608
467.839691
867.817139
542.812500
541.819397
956.617188
752.757202
426.779327
601.929993
580.768738
1351.779297
457.753998
1457.785278
449.866394
678.650818
1624.553101
769.785767
825.620422
561.806946
1409.787598
584.637878
462.617615
588.715271
905.584900
512.765503
1086.737427
688.716248
1192.765503
1346.716187
545.760437
1138.479858
909.615356
536.463745
478.823090
898.821228
988.925354
883.500183
1125.836914
665.773804
722.678467
400.777496
632.754944
1093.768311
898.674316
740.631470
325.852570
362.862244
632.660034
372.769196
1308.477173
617.590454
903.825378
507.770111
551.820801
533.976501
832.711609
809.702393
520.643860
949.659546
1175.615845
855.543945
818.839233
1057.794556
969.794556
1183.630981
984.731445
540.813416
1528.706055
919.790405
225.680283
194.511200
937.763672
1019.452698
836.677063
532.742920
433.844299
482.849823
703.645264
1059.476196
1327.735107
403.839233
536.925354
426.939636
346.806061
746.810669
735.550842
1704.725464
422.756287
345.826782
799.851196
907.795471
776.958069
722.789917
547.877930
683.710205
437.919373
630.848877
526.843384
1909.358276
945.891724
372.755829
548.696411
893.716675
341.850739
809.913879
741.857178
941.841980
767.688599
226.695023
539.875183
1087.630493
465.806061
1596.527344
406.680756
1239.901367
1000.617188
605.817139
484.888519
615.734192
900.515381
426.973755
759.843384
642.616699
1623.667847
1033.861328
362.725433
631.736023
657.735596
1101.748047
735.668762
683.816650
1051.627808
752.869141
734.760010
1400.657715
1441.617676
1610.437988
828.789917
903.756287
556.821716
1353.832764
780.814819
843.638794
296.689941
876.883911
645.866394
506.859497
834.779785
782.582642
835.980164
175.832764
675.771057
925.758606
676.756775
563.913879
1093.760864
1430.642456
750.876099
872.663208
479.907410
351.873322
716.895447
711.867798
839.756287
733.772888
438.806061
1105.848389
838.794983
691.664612
408.693634
783.563721
857.691345
421.887146
716.883911
1423.316284
171.846588
1495.783081
633.787598
1956.589966
479.821716
1509.747070
651.554077
1294.695068
797.730957
848.791748
1590.542969
861.883423
1291.610229
940.597351
1398.404297
972.810669
868.619019
863.775635
642.793640
448.715302
697.810181
570.676575
605.857666
1040.655884
945.710205
319.861786
600.851685
680.772888
847.669250
939.660034
659.567871
131.726807
419.500610
678.767334
525.821228
419.829559
460.793610
575.744324
1608.598755
1097.685303
1512.742920
1638.466553
632.822632
1021.842896
855.791748
899.793152
428.824005
801.671997
1196.860474
389.874695
426.832306
1104.622681
479.771027
306.912476
703.807434
321.792694
359.851654
1079.830444
627.802368
553.911560
1073.730469
801.674316
839.674744
1163.454590
944.879761
2267.686279
718.776550
869.774719
683.772400
1120.822632
1136.892700
579.826294
645.947937
1130.792236
629.818481
442.855347
645.783020
469.724518
621.547607
900.707031
920.502930
773.818481
2008.630127
1497.746582
1486.378052
303.733246
587.583984
1560.651245
868.458679
773.766907
309.802368
783.768250
703.918457
596.841064
628.758118
423.794983
839.663696
338.473419
1002.409424
498.750763
925.591370
779.643860
927.695496
1266.720337
438.714844
1490.728149
393.709320
268.712982
1409.731445
448.911102
406.907867
287.833679
753.871460
691.708862
769.865479
456.842438
866.660461
392.714386
668.674316
1064.731934
654.420471
349.837372
1113.847046
1120.696899
866.688110
488.880676
1264.789429
580.807922
1702.758179
718.743835
1149.633789
426.769653
1324.721802
554.834167
771.767334
380.799133
1012.750305
360.805115
642.821716
1066.719482
758.659119
1188.764160
521.813416
355.788086
557.689026
451.784393
596.704224
1318.590454
738.617188
829.700989
1700.352295
706.816162
655.750793
576.870544
297.826324
774.735107
489.855347
1339.683960
710.783936
1044.640259
1571.741577
649.767334
1201.809326
1009.775208
1296.664185
1643.768311
1349.773804
653.688110
500.747070
855.645264
815.820801
912.850769
678.939636
769.937805
646.812500
888.859497
972.806030
785.851196
768.856750
1116.887085
339.832306
966.819885
1072.758545
413.850281
769.761841
1408.521851
558.924011
666.813416
850.760925
1369.596436
851.774292
778.536560
774.574341
719.835999
1270.809326
1306.660034
535.838745
1459.774292
1056.788574
575.692261
927.687683
1052.812988
679.701477
350.829071
669.866882
759.870544
1329.831421
908.843384
420.774261
1386.634277
1064.442139
2027.815308
1191.734619
361.885284
486.609344
1518.651733
403.650787
669.833252
445.743866
598.663208
981.764587
1074.829956
1163.740601
363.874695
401.817108
947.700562
1124.758545
1122.781128
474.758606
1170.752563
1251.864990
392.543457
610.782104
661.845642
882.756775
794.779785
704.916138
1363.461914
232.804672
1184.746582
624.813904
524.699158
802.689514
1042.600098
1127.748901
1237.606079
1430.531982
1505.548584
1308.688110
1290.828613
436.725433
999.558228
727.696838
827.811584
398.683502
553.924011
604.716675
784.604736
1125.566895
421.665527
671.685791
1649.680298
474.676605
679.800537
819.654968
2169.741943
727.726379
1014.830933
1123.802856
445.760437
513.890808
525.623596
697.780701
574.876099
655.758606
2389.226074
1097.751221
828.778381
1106.769653
544.759521
1363.407104
564.428772
848.764160
605.557251
727.502014
1060.666016
325.927216
774.688599
714.304382
943.404785
727.684448
558.722656
938.775208
1161.570679
730.383118
626.859009
482.814819
942.906006
322.826782
846.763672
445.813416
852.687683
767.702393
721.624512
950.768738
553.813416
1317.571045
636.752625
601.810181
1167.707886
937.571533
1507.664185
470.503387
1225.679810
419.470215
769.473450
677.825378
613.797302
341.614410
579.721741
802.818054
1762.643433
1328.523193
1021.659546
698.581238
638.835510
624.841980
611.739685
1213.611206
683.727295
749.629150
621.673828
694.466553
869.713013
748.331543
342.857635
349.814331
1032.800049
656.752136
1423.531494
924.700073
347.715302
724.846130
290.777954
1120.732788
493.500153
412.742462
589.855347
602.862732
995.622681
498.942871
1161.677002
804.770569
1346.467896
557.682129
1060.386841
1235.758545
527.780273
668.000000
317.000000
354.778870
747.612122
647.831848
417.872375
622.000000
897.765991
473.612091
533.761841
246.887589
265.921692
1013.866394
759.796387
466.749847
656.687195
554.641602
1117.715698
1214.701050
1033.671021
1302.625977
926.781189
1605.618042
928.513062
727.816650
916.833252
1137.657227
1251.793579
707.692749
665.509338
572.902771
907.853516
1270.604736
657.860901
980.619019
628.818054
1327.672485
575.802856
1159.754517
405.792236
491.769653
981.709290
217.858109
360.934113
811.839661
930.864563
1018.619934
632.801453
722.884827
1453.874756
2186.439453
444.765961
893.402954
372.525482
1171.923950
955.613037
656.743408
760.620422
1528.540649
605.691345
726.270752
509.878387
230.912933
1027.533813
596.861328
857.788086
691.649902
710.749390
959.371155
1044.501099
197.812958
1089.757690
695.597351
657.787598
424.935516
1201.637451
1574.698242
661.840576
1070.722168
1075.725952
1007.798706
1478.753052
532.686279
567.839233
519.881592
1087.603394
220.649872
1386.870117
413.656311
1547.684937
782.640198
1325.256470
758.783936
1056.575684
1486.593262
865.644348
813.764587
891.898682
735.769226
1396.697754
754.841064
1093.874756
458.781647
1455.292358
423.710693
1080.658203
284.742462
852.734619
682.615784
777.563293
669.000000
905.842896
986.879761
838.596436
1381.727295
552.858093
739.756775
726.642029
820.757202
536.585388
344.749847
1018.746643
549.627319
765.773804
637.000000
538.945190
213.843369
769.560059
589.621765
1338.852173
1033.659058
2142.790771
549.000000
627.798218
462.804199
1050.764160
869.772400
410.901886
788.985718
454.748932
420.789001
985.783508
702.698242
803.970520
205.712067
455.899109
916.648499
1420.875122
1193.719849
832.709778
689.694580
387.601501
905.787170
669.656311
1054.742432
1137.808350
469.636963
705.784424
661.745728
1458.567383
527.599182
532.892212
847.677490
829.658142
896.738770
580.601074
826.913879
545.647095
526.785339
829.689941
624.700562
586.649414
1500.366577
720.800049
651.730957
818.812012
1035.802368
682.728210
558.817566
580.767822
1621.404297
438.644806
990.520447
1417.503784
618.925354
749.929504
1798.244507
599.839233
809.622253
702.672913
171.846588
1035.765503
576.710205
2134.590820
991.881165
820.848450
686.634705
1852.447144
564.854858
779.780273
538.854858
348.712524
633.824463
389.915710
1199.615356
764.760925
1122.836914
1194.728149
703.736023
498.860413
1608.777954
920.705139
817.637451
998.777954
1410.532349
1137.783447
423.560028
844.615356
618.735596
651.613953
560.661377
498.709778
682.620422
347.729584
727.774292
1333.468872
555.613037
874.841064
545.668335
439.752625
375.800049
709.889893
805.892639
1752.633789
711.674744
2105.642578
1457.656738
976.897278
386.838287
572.740173
823.689514
748.461426
1004.468384
583.894958
1947.566040
830.812012
961.751709
1328.509399
898.808838
539.760010
992.670166
295.751221
939.769653
283.824951
801.629150
474.730499
489.711151
307.891754
516.733276
580.831848
820.548096
680.799133
1029.655884
822.645752
1006.888489
647.690430
442.701935
463.871002
608.875610
610.765991
951.661865
973.847534
747.653564
952.389099
767.782104
786.731873
1278.858521
811.630066
586.983887
682.710205
1671.724976
354.785309
405.937347
1274.714355
412.808350
1027.741577
317.759979
755.846130
826.592773
517.749390
799.816650
900.832764
545.755371
683.581665
1158.862305
540.900024
1270.491455
356.711609
162.711151
489.745239
330.890808
999.572510
501.686737
450.623627
1272.782104
1181.613525
808.529175
427.771484
584.883911
845.755371
277.806976
896.620850
1054.599243
1327.743896
810.831848
409.876526
738.572021
781.589539
589.697327
729.768250
717.787598
775.924438
942.851685
1653.809692
341.848419
2379.374023
931.861816
1354.643921
845.915222
1008.446716
677.806519
1211.705200
383.914307
785.923096
635.629150
1505.709351
1125.792725
688.757690
606.788574
877.807922
567.753540
415.962677
414.847961
347.824951
434.787628
558.796387
850.796387
571.756775
754.671082
1460.600586
1155.713867
883.581238
650.754456
1081.830933
440.703766
541.795898
1366.817993
881.767334
897.773804
858.631470
1043.539307
904.776550
1172.836060
713.738342
1213.561401
1187.732300
626.823120
950.901855
773.804199
637.702393
637.732788
325.651245
693.763672
834.710205
776.770142
1162.750366
1308.701050
679.642029
1627.855347
1230.904663
391.803741
1529.647095
1056.628174
1622.680298
795.751221
1180.797729
732.683960
1193.550781
864.687683
934.807922
1236.784912
413.824951
696.935059
383.790375
536.758118
799.859497
989.804199
1225.823975
879.762756
478.630066
740.708374
509.542999
797.745239
1420.864136
1718.586304
580.813904
742.720825
532.870117
666.788086
1704.565552
601.883423
1104.742065
1045.624512
538.744324
959.913391
606.908813
199.849823
3515.413086
876.565125
910.680725
580.846130
845.353638
976.818970
728.787598
981.583069
517.827698
570.497864
1090.884399
597.816162
671.801880
502.906952
967.757202
854.869629
454.937805
947.810181
1287.405273
862.724976
1110.609741
803.727722
450.808807
1025.452759
1077.871948
1001.718506
880.566467
445.879761
881.642029
518.863647
919.914307
648.791321
733.861328
531.725403
1096.878418
714.821228
524.835083
805.727295
1208.595947
1128.659546
1586.446289
1137.335693
1752.758179
802.706543
838.783936
375.693176
914.768738
490.782104
762.639282
1400.547607
1542.831909
701.832764
666.937378
1022.563721
651.785767
821.782532
447.862701
1470.409424
716.824463
629.797729
516.794556
933.834595
233.771042
394.820343
1289.847046
830.672913
744.799622
416.729126
657.801453
515.578003
707.773315
653.660034
1261.693237
508.696869
728.730957
783.852112
250.905563
555.654053
535.643433
1103.695923
910.480347
703.901428
721.929993
1592.760864
1090.893555
635.863647
779.863647
637.874207
632.846619
667.748474
958.601074
763.667847
902.851196
780.749878
456.765503
2007.372559
879.760925
843.761841
1101.843384
949.656799
850.906006
1858.303467
499.776581
594.601990
242.910172
755.536072
1352.493286
1003.824951
894.866882
694.791748
816.922119
695.675232
882.761841
2142.581299
1125.698242
496.815735
689.789917
705.728638
1123.802368
448.828156
735.807922
2284.422363
785.634705
1049.736938
412.824493
549.730957
749.756287
1973.630981
505.683502
969.568359
898.632813
610.454102
478.794983
838.770569
739.821228
1188.745239
476.698700
983.757690
1370.609741
397.758148
1565.489136
534.803772
503.866394
502.712982
1055.583984
2466.624023
725.829529
693.563293
907.715271
601.641602
2396.220459
1007.705139
658.574768
407.719910
815.688599
486.755371
777.732361
539.842896
974.706055
492.821716
666.673401
750.530579
836.868225
816.506165
741.777466
920.697327
1084.800049
631.777954
820.589050
519.448120
613.890808
845.841980
840.756287
933.915222
1305.663696
1197.630493
448.742004
1235.370728
461.804657
898.654480
528.756287
421.904633
1502.614380
752.758606
579.880249
1203.536987
582.512573
738.816162
1738.607910
439.882080
1236.560059
811.306213
454.283173
712.740173
2215.460938
542.689026
2301.700928
399.711609
389.722198
510.768738
399.784851
596.778381
126.900032
1344.541626
523.255554
923.795471
124.891281
721.817139
628.974182
1076.635620
816.636047
466.806061
1181.507568
642.756287
354.955322
715.575256
182.722672
179.889435
1123.709717
1637.564209
567.761353
766.716675
395.897278
558.539307
823.819885
1161.913452
1610.807495
903.867310
740.732788
1010.819397
435.591827
1735.361450
987.847534
1701.690918
818.641602
1836.660034
617.899109
1069.719482
1250.553101
700.680725
599.890808
645.824036
858.941956
562.796814
1663.584961
813.770142
475.789001
804.835999
1694.692261
946.724487
898.558655
821.873291
647.896362
1499.742920
617.900024
1251.720825
598.578918
862.911560
951.800964
711.696411
1161.618530
427.787628
336.845673
846.817566
1140.687622
837.683960
684.882996
607.882080
1025.829102
1467.309448
1322.640259
859.770569
762.724976
526.847961
619.610229
759.735596
826.629150
998.698242
1144.604736
1101.682617
719.788086
1214.578003
1362.765015
552.844299
1513.213135
2358.465576
363.502441
718.801880
316.897736
345.806519
962.718994
422.900024
1416.803711
619.921204
884.726379
537.889465
1159.693237
652.718994
1584.632813
586.870544
507.821259
2106.719482
1240.783447
1089.635132
883.760010
707.822205
541.707031
451.870087
1684.623169
941.684448
724.668335
829.742920
239.883911
1229.843384
623.697327
760.528687
597.770569
479.650787
1066.796875
687.721313
327.764130
532.893127
877.726379
190.607956
984.844299
317.811584
927.713928
1063.848389
361.882538
759.730957
907.671082
820.736938
409.824005
1732.482178
890.700562
613.628662
1292.836060
752.657227
236.851654
633.782104
544.862732
393.659546
1130.560547
788.609802
786.911987
608.825378
1090.712524
804.882996
611.481262
872.872864
381.753082
666.842468
537.717163
779.718506
1872.367920
579.949768
797.928589
1811.603394
1313.528198
648.854431
776.841553
1477.628174
1043.572998
335.813416
856.747559
729.667358
903.700562
950.876099
1095.748047
812.836487
1303.695923
323.724060
702.867310
394.790375
879.701965
1970.477539
618.842896
697.622681
412.802368
1104.778931
431.673370
279.908783
1914.404785
715.453613
626.890381
1084.820801
1388.695068
521.829102
801.824951
501.788086
1206.807495
998.472046
711.783508
1041.666016
937.687683
1042.764160
1330.873291
1009.310791
781.780273
538.824463
908.724060
1593.644409
1077.662720
933.821716
1057.863647
335.840149
732.700073
1017.506165
317.834625
787.789490
729.820313
552.756775
816.541138
444.750763
504.852570
546.757202
1288.589478
927.709778
752.827698
684.717163
709.764587
907.690857
687.769653
2139.735107
2431.267578
433.816650
313.731873
1067.810181
719.673828
1062.485352
655.806519
724.606140
627.888062
1368.794067
512.790833
1100.703369
736.856262
1278.753052
1814.730957
748.940552
594.709778
574.787598
609.601990
1258.572510
1060.848389
504.957611
1418.682129
941.693176
1201.401123
790.853027
524.900024
990.854858
1682.453613
530.698242
800.714355
288.852112
515.782104
482.652649
1033.469727
719.773804
1217.729980
839.777039
1668.742065
2188.609375
536.572510
721.929504
1986.545776
2858.651611
495.637909
708.803284
531.683533
450.662781
1497.568359
273.706085
843.910156
421.783020
717.429199
1074.939209
1140.471191
590.842468
652.723145
431.685822
644.848877
324.890350
776.651245
646.732361
1489.642456
602.662781
1445.484985
326.927216
1205.691284
755.905090
549.827698
1291.637451
351.783020
1810.653076
996.368835
965.814331
1505.716675
737.818054
746.748474
443.784393
539.828613
1133.814331
1431.415405
486.927216
880.843811
383.834625
811.725403
429.833221
829.752625
595.706543
1388.602417
988.516724
271.853516
1001.727722
1107.911987
293.828613
1307.484985
1077.708862
681.671997
545.856750
907.715759
263.789001
775.724976
271.730957
688.628662
799.444397
407.906494
402.839691
506.812958
646.944275
636.425964
977.623596
772.858582
1088.740601
1125.769165
1087.545776
486.841064
496.868713
534.765991
1250.724487
399.539764
615.761841
956.714355
704.921692
1372.595947
360.969147
561.819885
460.598755
593.636536
988.489075
663.568359
1190.492310
728.678894
422.839233
937.660950
698.818481
897.705139
619.735107
667.850281
1055.660889
1074.565063
884.652649
440.729584
937.739258
1902.456909
401.848907
1731.540283
802.916138
618.826294
839.756287
1383.754517
1744.689453
1267.367065
1011.705627
494.750305
1050.683960
830.904663
573.678467
840.708862
761.864075
835.850769
611.792664
565.691345
880.590881
584.771484
484.922607
642.678894
791.909241
664.956726
525.758118
805.651245
744.678894
590.816650
1003.650818
1158.793579
1794.231079
1506.751709
394.891266
1524.622192
781.815247
481.829559
1432.618530
216.797302
1062.811157
1984.581665
1535.629150
845.658142
1254.873779
1120.704224
939.560059
871.877441
617.631470
1445.714355
1316.746216
719.856750
192.724976
1505.756348
1591.841553
1469.618042
1155.455444
610.650330
1375.719849
828.768738
484.515808
399.928589
702.733704
475.757233
678.795898
869.735596
860.935974
886.858093
565.633301
519.795898
733.683960
806.678467
832.701965
707.975098
459.712982
336.676605
1206.732300
1823.834595
237.885284
538.632385
325.888977
1387.803345
738.714355
366.846130
769.825378
1008.871948
847.694092
1841.630981
555.872375
451.691345
685.649902
1310.636963
1083.648071
589.732361
683.824951
1587.599609
701.435181
847.691772
500.807434
1402.607056
663.794067
1179.498291
238.671524
641.613953
440.695038
608.828186
967.675232
360.641113
1458.835571
624.628235
1300.653564
556.807434
1090.647583
1025.698730
655.876099
889.834167
536.656311
946.710205
486.802826
339.775177
1544.539307
622.751709
868.766907
1130.770142
585.784851
565.636963
1002.626831
688.644348
887.753052
567.922607
653.814819
979.653564
945.726807
1074.675171
702.861328
999.872864
901.811096
510.923981
579.843384
281.760895
848.747986
1834.347656
600.800964
1227.891235
1089.539307
455.764587
967.818970
1271.712524
1322.592773
769.665100
251.789459
1175.607910
457.787628
1573.297485
743.815247
574.806030
997.678894
2225.724121
400.816650
720.596924
560.791321
1177.545776
373.871002
2490.522217
687.654480
1017.628662
138.835999
685.780273
1124.577148
543.793152
566.773804
692.767822
610.866882
537.706055
663.709290
1801.754517
666.792236
1196.797729
758.793152
2178.652588
1676.644409
1068.613892
1867.653564
1440.570679
657.614868
474.721283
1410.839722
828.803284
445.738342
653.813904
487.514893
1040.757690
1365.706543
509.818024
1293.430176
723.761353
1145.626343
1414.607056
810.583069
697.934143
1509.766479
477.618561
1257.778931
586.765076
444.784393
393.811584
730.439331
789.767822
775.634705
653.567871
187.834610
321.866394
871.949768
776.757690
784.853943
1772.511230
859.630554
403.894958
1156.596924
673.772400
516.714844
966.696899
385.958069
312.662781
931.639282
1005.826782
530.599670
877.569275
563.823120
351.811584
1712.497803
861.707031
1164.737915
967.762268
589.962708
1186.800049
429.770569
670.900024
305.705170
1035.881592
384.789917
943.450378
1874.448120
800.742493
852.632385
686.929993
1228.664185
970.682617
631.767822
734.820313
1331.656738
1186.765503
683.808838
628.615295
465.882538
651.876099
1069.755371
497.623169
648.737854
675.739258
1021.699646
839.788574
1112.724976
740.790405
736.820313
581.753052
240.858109
671.563293
606.837830
1442.721313
708.711609
741.835083
484.936890
440.839691
529.718994
837.775635
479.675201
1231.460083
1323.401611
729.841064
851.656799
1268.607544
813.000000
579.000000
1650.856689
407.869171
946.967773
419.662323
618.945618
576.909241
1419.604248
520.927673
351.850739
1123.794556
1116.643921
2453.289063
1138.813477
1365.446289
1478.838745
391.917084
664.739685
586.632813
1369.648926
696.841064
536.953918
1169.797241
1248.585327
561.879272
555.653564
487.720825
1255.782593
1586.667358
1221.501587
753.830933
1291.554077
988.560974
552.813904
503.612091
1222.785278
1494.691772
474.852570
575.848450
642.597351
1441.422241
632.754456
328.766418
1114.665527
1146.781616
323.667847
358.729126
734.802368
955.543457
724.789917
798.854431
785.850769
198.986176
818.354553
1036.846558
773.783936
1250.889038
1243.452759
921.829529
557.674316
791.732361
1155.702393
330.736023
927.882080
1700.554077
736.737854
597.502930
628.705627
984.840576
519.801453
438.729584
460.753540
1201.594604
1217.331543
306.657715
1183.395630
746.695007
242.865479
923.619446
295.831390
854.784851
807.724060
1100.635620
753.853943
540.792664
1073.718994
1047.479004
426.693176
501.890808
586.625916
472.779327
1394.699585
704.465576
732.913391
846.815247
760.859924
314.818939
975.766907
1519.654053
337.821259
478.798218
649.920776
737.733704
845.446228
1152.550415
305.782104
662.927673
1549.507568
423.889435
567.898193
637.765503
1586.724976
741.594604
555.823547
651.810181
1104.911499
628.746643
749.675232
990.735596
1373.629639
518.870544
2272.415039
629.713013
1207.831421
711.683533
750.631897
546.928589
829.730957
1015.861328
910.632385
1027.692749
1610.500122
929.564209
1237.502441
1071.634644
798.592285
303.696869
1948.494629
480.848450
594.777466
943.543457
453.703766
1487.744263
740.902771
593.743835
275.815277
1180.549927
411.839233
1031.651245
409.830017
1017.736023
540.859924
334.865479
654.621338
1060.716675
1793.662354
171.796371
848.692749
1018.826294
1055.676636
497.845673
882.825378
1274.427856
925.480835
971.613953
1129.737915
454.840607
1177.666016
1224.671509
1349.761353
578.740173
824.779785
1669.322388
714.763184
747.597839
574.908813
847.484009
673.929993
860.649414
1014.956238
1024.811523
722.806519
676.794067
964.845215
1097.803711
1035.486328
467.927673
607.711121
1326.624512
2147.486328
1712.665039
1292.785767
740.737854
701.727722
1122.605225
1173.845215
679.862244
496.859955
503.753998
699.839233
504.739258
434.783020
1053.526001
827.739685
1229.759521
329.871002
926.789001
1193.684937
611.882507
1908.277222
369.777496
932.749390
1063.677979
908.753540
1090.537964
528.794556
804.553589
1147.827271
420.494629
543.805115
625.766418
885.689026
599.723572
1022.614868
652.904175
186.983414
409.814331
1273.655884
1158.858154
1061.628174
462.772888
1080.857178
979.780273
843.375793
527.787170
987.686707
1116.766846
1276.766846
853.689941
883.844727
651.687683
528.836914
429.891266
1903.411255
544.853943
431.613495
904.774719
749.792236
857.755371
872.807434
441.900940
663.649902
701.764587
388.860870
288.716675
558.518555
475.760437
834.762268
628.700989
884.735596
870.709778
586.517212
684.794983
656.806519
830.944702
1467.723999
328.618561
473.690887
370.768280
582.845642
1054.801025
925.356873
430.604279
1794.479370
735.704224
829.702881
793.704712
787.805603
1201.835083
636.742004
835.861328
463.828613
490.852112
1064.801392
683.908325
1064.840576
1402.833252
1259.630127
187.786240
708.899597
786.784851
383.461914
747.669250
485.883453
1418.629150
1522.697388
739.855347
539.744324
1088.726807
485.554962
1405.329712
580.957642
503.602875
510.709320
1031.763672
748.690857
606.683960
803.816650
814.793640
1028.701904
755.788574
329.710693
1824.649414
708.609802
927.840576
844.757690
570.910645
992.580750
1050.888062
456.796844
691.665527
575.831848
1586.324219
845.792664
1059.502441
568.904663
757.727295
721.713013
1359.465088
1056.557251
618.763672
412.503387
512.713928
1300.638306
273.932739
909.734619
1132.851196
465.649414
781.598755
535.984314
332.738342
1183.828613
507.817108
489.764130
140.892197
684.790405
656.801880
779.667358
623.616272
364.566956
924.844299
556.795471
1068.635132
604.604736
934.844727
1055.826294
850.680298
132.775650
718.731873
744.747559
1022.842896
658.689026
1882.671997
665.865479
730.676147
1067.868286
428.807434
446.896332
608.919373
555.914795
1329.724976
876.786255
433.738800
719.667358
932.641602
1079.712524
642.728210
781.677490
485.227875
999.751709
625.631470
978.731873
1971.530151
708.668762
698.691345
593.917053
791.636047
381.830475
252.000000
417.867310
706.775635
788.755371
197.832764
738.842896
649.671509
1402.756348
672.887146
664.831360
613.735107
265.778412
798.830444
1266.603760
1555.747070
795.842468
1446.628662
782.877014
627.781189
506.885742
618.846619
521.664612
656.738342
1067.844238
1072.669678
311.812042
1360.646606
531.606140
366.870544
458.797760
371.912476
1704.512573
516.816162
372.809723
364.618561
615.906494
397.717133
552.793152
867.891296
1026.736450
314.748474
1173.295166
1799.740234
425.823547
652.587219
920.743408
667.603821
813.799133
727.906921
1097.698730
780.501526
366.826782
869.612549
540.901428
676.875610
2678.541504
408.759064
1622.749878
271.851654
477.888519
754.826294
554.589050
676.762756
387.672913
349.853973
653.794067
496.855347
908.727722
2573.406982
575.740662
2824.746094
485.780701
1763.331055
544.694092
781.684448
1443.590454
1398.645264
1584.679810
1224.827271
451.711609
372.900940
1125.782104
394.834625
359.808350
1282.489136
971.647583
1989.522705
816.697327
544.839661
913.814819
606.746155
795.819885
1000.516724
425.557281
457.820343
1144.689453
940.824951
1691.446777
1031.427856
796.828613
390.874695
438.810211
460.582153
1033.433838
1010.917542
1163.838745
948.623596
603.900940
466.841522
779.867798
265.868713
455.599213
2335.631104
920.718994
963.853943
1046.830933
958.573853
824.815247
574.948425
1004.743408
1117.472046
1269.725464
828.871460
1029.736084
1079.688110
1477.583130
2012.678467
557.830444
641.830017
735.655884
525.545288
498.922150
564.832336
1057.790894
453.740631
1046.723999
601.915710
2015.366089
891.709778
757.715271
903.609314
667.633728
961.790833
852.786682
174.747543
740.768250
354.736023
1242.273071
414.747070
1010.605164
589.870117
576.651733
482.777954
397.777496
884.779358
884.811096
1075.400635
1391.654907
1246.514893
1111.656738
783.749878
570.572937
620.673828
759.865479
663.838745
1869.445313
464.906494
2338.364258
432.775177
1391.812012
629.838745
555.894043
525.864075
150.748917
514.898193
990.595032
653.646179
504.841980
2534.340820
1211.840088
567.794556
1121.572998
1577.517700
815.896790
639.543945
840.689514
227.843826
1003.638367
592.749390
689.899109
560.772888
580.855347
931.536560
758.763184
430.778870
493.773804
860.526855
977.729126
398.743408
449.754456
543.905579
435.774261
810.793640
1187.788574
827.777954
1259.676636
966.818481
393.860870
1078.763184
1381.750732
581.654968
1182.766479
1190.859985
824.766418
827.817566
959.689941
482.697327
1675.602417
688.865479
449.952087
809.838318
798.780701
850.824463
1084.788086
456.782562
1044.648438
778.644836
799.642944
893.855347
982.696411
663.844299
947.651245
409.658173
1549.665527
1189.815308
702.746155
2981.560059
527.746643
1016.724487
1148.387695
568.682129
1145.725952
291.748016
854.737854
857.523621
1203.666016
880.631470
210.663239
1108.903320
377.736481
694.945618
514.744324
353.877930
609.813416
308.875610
1410.818970
433.701019
912.573425
451.904633
1024.645264
473.827240
1149.798706
819.626404
841.717590
1408.634644
750.916626
442.828156
508.789459
490.672913
883.735596
288.787170
184.803284
952.506592
645.869141
883.722656
801.671082
390.730499
272.614868
828.729553
844.859924
1019.950256
783.355469
799.679810
1096.260620
394.852112
1776.713013
1003.851196
973.768738
964.630554
1642.834106
498.895874
287.742950
763.816650
382.932281
847.769653
572.479431
916.789917
576.642029
585.810181
739.621765
931.706055
797.636963
1699.171265
796.655884
683.859924
380.771973
856.798218
482.789459
358.163391
477.909241
515.728210
836.764587
1137.693237
437.717133
413.898193
1489.741577
1380.725952
692.794556
956.852112
977.827271
1466.667358
542.957153
760.672424
1241.361450
431.539307
1328.896851
597.731873
497.526886
690.705627
1189.791748
421.814331
1116.381714
632.884399
287.594604
408.822632
579.742493
951.757690
206.662308
635.792236
1687.642944
270.946564
1025.787109
755.797302
880.721741
1246.594116
1093.772827
992.768738
561.771973
1865.612061
1152.928589
1120.512573
756.623169
931.904663
2076.530029
588.875610
422.696869
734.850281
1012.799133
1118.709351
913.801453
911.888062
344.852112
787.648499
264.769653
696.755371
873.876099
883.786255
540.916138
1089.787109
704.715759
590.894531
442.787628
1386.714844
1444.285889
1803.464233
583.850769
421.919830
1367.781128
1043.474854
1161.673340
3245.388672
535.773804
1174.760010
1033.699219
982.832764
887.835083
909.514465
729.800537
1800.483154
547.583557
905.653564
1166.766479
600.831360
1195.611206
874.779358
1037.872437
1050.620361
986.756775
554.762268
800.569702
602.745239
806.698730
520.861816
504.812500
508.961761
831.797791
1331.818481
582.831360
310.806976
524.695923
824.791321
289.548523
1356.632324
2260.214111
660.694092
1538.675659
983.731873
1066.630127
648.846130
1197.813477
1597.567017
1140.220459
654.770142
314.643433
418.965454
511.749390
785.561890
454.778412
578.684448
1055.819458
1422.742432
253.838760
2214.607422
395.749390
747.713440
638.689026
930.801453
322.844299
856.789917
699.890808
507.894501
1363.801025
1967.708862
843.896790
279.908783
649.748474
184.883911
1727.706543
852.752136
651.864075
843.819397
1084.779785
536.725403
1171.529175
443.847961
509.677979
1573.501099
569.840149
355.798218
706.848877
220.921219
674.839233
612.665100
808.747070
648.737854
530.679382
987.761841
724.756287
927.844299
318.849365
879.796387
1221.592773
2393.290527
499.741089
660.783020
1703.630493
1447.452271
863.795898
852.889893
482.816650
916.856750
492.662323
629.739685
964.665100
735.677063
281.702393
624.711121
401.682129
703.816162
352.791321
547.858093
883.789490
873.940552
1090.675171
508.855804
655.835510
689.805603
646.779358
1596.571533
485.691345
470.879761
1286.592285
753.866394
1285.401978
406.828613
1993.332886
615.724487
451.740631
965.915222
515.904663
829.669250
418.780243
880.857666
1669.323242
474.883453
1135.636108
381.878845
417.645264
267.968689
588.877441
548.692261
527.759033
1377.625000
649.825378
1034.528687
793.829529
417.858124
797.380859
848.761841
641.900024
1137.669678
768.878845
186.730957
1530.696899
938.564636
420.863647
788.711609
332.832306
476.970978
686.894531
837.829529
500.882538
2648.345459
696.645752
749.972351
303.000000
1606.512573
603.739258
570.807434
909.754944
1012.640198
925.642029
695.889893
470.623169
1365.591431
671.779358
281.719910
327.611633
285.853516
592.840576
259.963593
1380.642090
344.862244
297.856720
540.697815
540.918030
625.724060
478.759979
1299.901367
1875.330200
404.646637
1151.779785
639.673828
692.837402
188.712524
1071.709351
341.814789
645.852112
944.813904
860.617188
1147.579346
1201.428711
625.770142
918.772888
618.738342
1155.798218
402.895416
951.808350
717.678467
672.784424
218.789932
997.786255
1144.825806
568.625000
1423.656738
548.761353
436.780243
572.769653
1076.749390
525.689026
744.814819
557.847534
975.625000
470.843353
920.498779
1356.829590
535.809265
966.781189
216.797760
1039.770996
625.880676
408.797302
477.836456
2145.622803
1225.598267
448.819885
396.839691
1061.910645
833.730530
925.850769
707.825378
361.784393
750.813904
1656.666016
795.835083
1210.802856
477.951172
708.777466
1281.717163
1701.396973
430.748016
1248.659058
488.844299
626.860901
638.804199
543.726379
330.805115
1230.750366
713.670166
530.572510
593.441162
804.598755
498.781189
571.582153
791.892639
304.835541
757.803284
732.650818
442.823547
1297.544434
908.634705
928.779785
1154.743408
610.931824
606.837830
568.681641
1089.633301
809.747986
625.810669
381.735107
1032.713501
448.696411
327.868713
1576.646240
564.891724
667.884827
1014.734619
843.688110
575.536560
132.834610
1001.821228
1378.641113
558.776123
1000.514465
979.789917
1249.830444
568.735107
1011.722656
700.698242
550.798706
354.769653
590.846130
430.840149
974.690430
860.820313
900.565552
1581.700562
501.717133
713.729126
361.841522
361.809723
673.731873
519.884827
629.665527
645.677490
1134.810181
1020.545776
796.835083
1017.635132
636.777039
218.888046
774.841980
1631.478027
634.459167
963.690857
874.678467
609.571106
1426.564209
419.756744
1138.683472
675.737427
591.794067
849.853027
441.704224
1276.772461
767.844299
1457.170288
756.810181
1107.690918
691.425049
881.740173
1108.603394
1200.382202
300.931824
704.961304
349.825409
898.526428
677.852600
308.703766
315.728180
747.686279
865.800537
555.873779
646.577087
1335.742432
1042.693237
642.794983
679.632385
1579.594116
322.655396
1575.794556
950.590881
894.622253
1123.497803
596.832336
826.726807
254.882980
1068.726318
869.702881
1589.438843
481.906494
1375.578979
432.896820
632.717163
696.656799
695.794983
687.684448
920.301575
1013.696411
1087.820313
1215.691284
597.883423
408.537476
1180.675171
713.583984
844.707031
705.785339
580.869141
701.401123
835.700989
631.756287
356.757690
1119.688110
974.590454
759.873779
1177.447632
832.758118
758.830444
482.764130
719.744324
1024.839722
1345.727295
1017.721313
1265.674805
794.779358
698.958069
1000.722229
1272.701050
697.807434
1375.891724
1066.694580
620.920776
459.747528
675.660034
630.864563
712.798706
602.775208
1024.623169
636.742493
536.817078
409.853973
945.870544
1366.681641
733.842896
543.873291
651.671997
1089.600586
243.842438
1102.553589
565.792664
857.803772
1366.745728
381.809265
721.736511
366.694092
1366.634644
696.734619
635.853027
820.581238
256.687195
511.920776
530.801880
764.579834
575.638367
665.796814
448.894501
615.828613
581.680725
1391.699585
686.631897
1161.725464
2368.349121
356.788086
432.839691
480.718994
593.894958
638.744324
876.811096
284.824463
1130.680298
1177.657715
1074.640625
866.921204
391.793152
726.694092
214.895432
319.694092
1463.768799
374.846588
296.753082
979.834595
431.726349
434.767365
735.906921
445.738342
770.712524
93.988022
633.773804
659.907410
508.787170
566.752136
803.763184
659.835083
862.762756
749.555420
792.793152
676.917542
546.781189
954.596008
661.779785
166.698715
860.611633
992.722229
785.604736
487.833221
356.753082
1221.932251
777.632385
1770.533325
763.789917
663.839661
544.620850
428.854889
710.779358
564.856750
504.895416
958.837830
1133.679321
1150.816650
1120.782593
1898.371216
597.791748
148.653107
260.806061
1157.674316
894.842468
741.772400
300.807892
634.644836
363.831390
646.875183
474.843842
727.902344
889.712097
433.795441
1731.704712
1276.595093
2327.391846
717.866882
386.877930
782.671509
715.783020
715.612549
381.847046
1441.721313
978.735596
383.561432
1440.733276
791.661865
328.759064
892.774292
938.774719
599.836487
847.852600
504.753082
1153.876099
744.673828
841.725403
760.684448
656.704712
1736.425537
778.757690
159.703781
1250.425537
999.819397
899.593689
466.623169
764.591370
266.632355
1095.816162
814.913879
590.681213
502.856262
477.881134
448.819885
1025.938232
1194.927246
793.753540
881.627319
1281.634644
976.472046
591.834595
651.863159
967.393250
705.705627
806.592773
1608.747070
595.846619
717.734619
506.844299
591.708374
636.701477
453.820801
961.758606
1085.788086
1145.972412
1812.609863
1502.271606
937.642944
535.881165
778.823120
1221.713501
350.827698
785.882080
1642.632813
1390.906006
607.817139
397.841064
553.710205
1170.672485
392.788544
1265.750366
1012.000000
562.000000
1017.765503
1096.657715
665.664612
426.722656
977.605164
891.730042
320.841064
681.763184
419.707458
1888.636475
732.580322
2091.243896
883.594116
766.818970
790.788086
753.640686
1296.464722
1606.348145
417.736481
1447.514404
710.724060
823.638367
783.641602
687.612122
581.842896
568.885742
730.785339
1195.244019
898.765503
675.476685
423.431976
714.800049
537.527771
365.829071
469.873779
1029.564697
622.661377
250.830933
694.695496
1256.780762
973.831848
930.665100
510.742462
377.900024
1020.710693
646.607056
512.968201
265.925842
289.753540
506.801910
684.817139
330.640656
1152.696899
642.694092
721.799133
1302.743896
355.808350
975.871033
823.583069
1164.677002
454.884369
692.757690
1267.754883
433.770111
1142.607910
1403.533813
557.664185
1172.764648
1403.513550
1143.758545
1752.766479
585.794983
1161.854004
2153.662354
520.888062
1021.848877
698.759033
247.897720
399.756744
974.768250
727.589050
1081.634155
613.857666
745.877930
1016.769226
1118.844238
837.809753
848.788574
510.507996
875.774719
2211.531982
846.380371
1071.713501
859.828613
1152.786255
1240.646606
556.781616
1679.620850
784.796387
1421.437012
1215.790405
928.784424
547.764587
1029.695435
1068.753052
1025.866821
948.793640
1025.663208
500.941956
659.920288
1195.710693
917.673828
514.853027
740.711609
480.938263
1333.683960
748.883911
521.593689
721.897705
811.854858
314.810669
701.804688
485.702393
583.874207
361.909241
1329.802856
1022.678894
955.671997
155.768738
1202.855835
236.664154
818.609314
914.835510
749.708374
417.836914
838.618103
544.557739
975.835999
678.578003
1210.731445
748.467468
323.908783
907.729553
564.668335
242.838303
945.788086
1081.598267
1348.623169
2485.159180
519.773804
1109.851196
1366.843872
1252.719482
851.672424
772.682617
504.716217
835.784424
1089.528687
696.758118
1323.849854
508.834625
1108.615845
1268.555908
479.819397
1409.751221
1647.303467
690.515381
1122.770996
985.673828
1071.692261
919.526428
671.834167
1203.593262
709.778870
275.606567
320.602875
359.772888
1192.754028
961.715759
878.470215
714.835510
475.842438
836.704224
1342.625000
1565.927246
579.595520
1442.772461
988.789490
1496.745728
368.667847
368.757690
729.771057
419.663239
708.515381
662.698730
1072.586304
981.697815
2076.412598
817.737427
1528.779785
955.755859
376.724518
1034.558716
261.787170
379.777496
903.722229
602.778870
766.857178
1161.802368
1220.719849
2651.535156
522.757690
872.721313
448.906494
1026.658203
308.746613
334.783478
1212.864136
958.639282
259.829559
625.885742
338.773346
785.517639
626.738342
1422.810181
1015.536072
496.713898
1084.630127
679.825867
1111.397461
1544.526855
1093.840088
810.748474
915.808838
819.664185
1410.495117
1001.845215
683.830444
1119.513062
1208.762695
889.624084
680.591370
806.795471
874.731445
525.779358
987.824463
829.782532
985.777466
1111.887085
846.708862
935.747070
879.841980
741.940125
828.633728
1256.678955
484.599213
577.811096
620.527771
546.767822
724.886230
394.958527
660.860901
355.809265
495.866394
1039.760498
2011.586792
857.697815
864.677063
1297.595459
225.764130
1402.830444
909.804199
825.669678
773.797302
952.684875
911.642517
1055.626343
431.667389
488.791779
572.907410
844.803284
493.567413
670.906921
249.907867
1047.543457
635.839233
720.895447
795.607056
2384.538818
1448.700562
733.946533
520.744751
2001.709351
414.629608
864.797791
873.728210
631.912476
797.853516
974.567871
708.742493
1199.738281
835.787170
643.617615
904.594604
616.679382
614.807434
1305.447144
1262.682129
2533.760986
965.624512
241.831390
1249.523193
894.658630
1056.859985
953.776550
911.802856
563.729126
548.695496
334.908325
1246.740601
834.816162
537.877014
248.623154
809.853943
724.797302
829.694092
403.594604
620.696411
520.688110
1260.619019
252.900497
595.832336
712.763672
1711.685303
724.805115
498.891754
711.801453
495.601959
586.891296
565.588135
905.717163
510.648499
826.813416
922.418640
440.707916
736.693665
818.736938
521.890381
554.697327
1144.707886
478.798676
1011.755859
720.739258
578.826294
827.676147
962.754944
971.780701
1038.754028
926.750793
1007.593201
603.862732
974.812073
1210.455933
551.846619
882.664612
1473.895874
917.544861
309.649872
499.888977
335.816193
803.899109
1909.538818
807.588623
423.643890
965.538879
1558.578491
875.584473
1284.713013
670.698730
391.756287
2023.666504
744.795471
1053.568848
1024.665039
922.869141
374.765045
902.707947
464.761353
1092.810181
1113.613892
430.829559
430.487701
784.818970
527.857178
436.537476
1097.768799
909.491882
392.544830
665.851196
603.733276
760.834595
695.668335
967.703796
775.722656
938.755859
559.889893
1776.174927
834.787170
766.000000
488.896332
645.779785
290.793610
189.660477
623.743835
532.820801
668.764099
1428.728149
410.746613
511.689972
402.734192
950.747986
419.923065
495.632385
778.733704
906.647583
665.835999
422.816650
1903.567871
716.653076
729.802368
757.731873
459.807434
777.380859
820.793152
560.767334
916.733276
931.727295
581.797729
495.778870
613.654053
897.834595
626.732361
446.672913
884.739258
185.647568
1375.659058
696.725891
357.945648
1490.667847
223.872391
1762.544800
599.680725
730.649414
658.772400
707.679810
1103.704712
1747.655396
1076.802368
1185.669678
1154.548950
1355.504272
713.902771
679.661377
808.680298
481.688110
718.600586
505.581696
1165.702393
985.790833
480.821259
909.867310
2549.455566
924.821716
548.747986
205.837372
581.664185
1000.720825
473.844757
438.893585
1773.762695
607.716675
745.307556
1386.724487
356.871460
477.701935
879.886658
482.656342
477.845215
703.730469
1149.768799
1329.345337
1540.463257
1054.721313
303.896820
808.924011
946.799622
552.736023
198.828629
1106.742065
785.822632
926.789001
342.870544
253.748932
1488.576172
813.568787
309.892670
749.836914
1062.747559
578.744324
790.621338
1040.630493
868.425049
973.792664
573.783936
537.834167
1176.820801
514.730469
595.862244
1464.693604
661.671082
516.730469
1413.439331
968.667358
843.662781
721.793152
931.898193
483.794525
1054.870972
1405.583130
573.926270
1097.534302
1006.769653
685.494629
266.824005
661.650818
1277.542969
737.818054
505.805115
638.717590
474.630066
573.617615
357.724976
405.715759
411.688110
529.632385
811.781616
657.728210
1967.596436
981.696411
493.601501
588.689941
299.865021
591.747986
549.750305
702.862244
721.763184
975.785339
675.902344
915.669250
903.764587
830.699158
538.660461
1035.805176
625.854431
531.893127
1115.782104
810.730957
486.706085
1945.459106
778.719910
487.901886
855.715759
627.858582
363.719452
941.773804
909.612549
1551.831909
770.763184
628.669678
337.732330
809.829529
580.761353
1012.663696
806.861328
996.718506
555.826294
464.690430
1313.749878
568.538391
780.663696
498.886200
2470.318115
587.786255
606.750305
525.673401
986.978821
308.928131
1074.638306
1122.658691
827.554504
1135.561401
699.926270
716.713928
314.826324
1169.802368
859.955322
1152.817627
1313.715820
383.806976
511.868256
604.613037
912.479858
406.897278
574.737854
401.869171
453.600586
828.855835
518.769653
308.621765
771.724976
445.885284
1330.765991
675.813904
265.834625
1303.809692
688.847961
1047.805176
505.839691
1508.580811
985.787170
768.576599
1075.683960
338.813873
891.682617
833.800049
498.582611
728.512146
494.618561
1437.614868
575.800049
584.707947
1263.336670
705.904663
956.776123
588.642029
640.800537
1059.656372
461.898651
668.840576
1599.616699
593.718079
1224.503784
1216.577515
358.699646
1037.693237
501.649414
504.824005
1569.753052
577.823547
755.745239
791.662781
763.706055
705.622253
680.791748
754.829529
1219.442139
340.905090
344.845215
358.882050
1570.599609
1735.649414
956.577576
946.366577
725.743835
469.963135
1658.492310
1007.730530
620.532410
444.866852
1139.813843
581.339844
976.783508
620.782104
735.628662
767.716248
994.841980
781.771057
242.790390
226.779327
611.692261
520.644348
794.824463
460.908783
590.923096
409.752625
996.814819
1306.738281
410.902802
1106.812012
1955.524170
508.700104
805.770569
1063.819458
283.964081
1052.674805
1095.735107
900.849365
573.701965
341.802826
410.940125
732.777466
495.765045
1144.736084
864.694092
395.805603
799.679810
167.741547
2287.566406
310.657715
524.814331
604.795898
1411.650757
754.845215
233.783936
1301.697388
917.567871
240.863632
1184.582642
629.841980
556.869141
774.799133
1314.801392
814.357788
1012.647095
421.696411
205.874695
472.650330
1910.549927
1575.675659
520.806030
409.920776
909.553162
1092.803711
1059.654541
408.396027
478.660461
369.796387
827.658142
816.977905
459.884827
541.711121
435.897736
503.828156
911.976074
1274.403442
623.549011
686.602417
407.904633
1373.553101
266.850739
3333.575195
696.839233
688.757690
818.643860
622.794067
481.725433
712.828613
331.725891
1541.548950
1229.601074
620.781189
842.851685
568.000000
802.766418
475.837372
488.861786
381.815735
121.707924
1519.432495
906.475281
845.648987
857.858093
516.910645
87.707924
511.753998
571.615784
745.756775
1267.653076
1227.581665
383.660919
1182.800049
914.579407
1077.702881
1370.723633
1254.671021
624.757202
890.885742
309.815735
1071.831909
292.745697
772.877441
569.708862
896.779785
394.746613
310.772430
1148.460938
666.595032
732.611206
756.736511
541.863159
432.833221
361.605194
545.821716
585.557251
515.648499
1051.876587
593.558655
540.881165
697.864990
1316.691284
488.660919
436.734192
816.536072
657.718994
2006.529663
616.813416
736.705627
748.878357
854.799133
2075.366943
657.644348
916.809753
937.559570
981.678467
281.873779
407.851654
1084.694092
965.594116
1132.817993
586.937378
528.707947
797.625916
321.722198
1580.413086
503.804657
1384.611206
911.744324
1577.292847
452.683044
1237.745728
563.919373
768.843811
927.703308
483.807434
640.803772
813.700562
651.662781
1559.545288
778.844727
1028.598755
492.494629
1167.641602
668.756775
1149.755371
648.798218
831.944702
363.833221
769.866394
1131.733276
517.832764
802.845215
570.578491
890.885742
930.682129
679.667358
881.843811
1254.651245
1029.648926
291.742004
1341.480835
1096.437012
886.815247
1375.448975
984.819397
356.883453
778.789490
66.705154
574.883911
824.965454
354.852570
389.742950
507.839691
980.713928
764.811096
1325.768799
937.801453
834.523193
481.608429
409.771484
512.655884
352.795441
491.687195
390.758606
538.693176
620.591370
772.814819
733.575684
864.635132
693.751221
1146.910645
1003.770142
823.605652
580.777466
449.805115
1439.526855
528.750793
548.937805
872.469727
427.627777
872.872375
862.965942
347.743866
614.777954
1437.569702
1142.782959
123.880684
1221.687256
1176.698730
571.900940
1049.680786
734.534729
886.817139
772.849365
290.772430
653.666016
649.552185
425.743408
1875.656738
504.618561
339.988037
755.876526
902.840576
900.558228
1046.818970
646.721741
461.744324
465.865479
568.729126
1156.686768
841.536560
473.676605
601.731873
868.929993
1594.331055
506.705627
2250.422363
989.634216
678.751709
729.695923
449.720367
1731.707520
1369.638306
422.821259
621.871948
943.773804
1478.639771
789.444885
543.748901
969.773315
1150.796387
959.705627
600.558228
220.906479
865.793640
779.641602
1118.842407
1622.555908
1117.770996
910.875610
369.805603
507.976501
788.914307
370.896332
705.801880
643.824951
726.733704
47.818027
844.833679
1032.695068
1460.607056
490.857178
930.666443
778.446716
445.865479
732.787598
1241.427368
864.437988
966.546692
899.774719
273.881592
670.767334
1176.802856
959.895447
595.628235
1293.694580
672.865479
655.710205
688.837830
1010.738770
772.723145
753.849792
761.754456
593.519043
1470.815308
632.666443
578.798218
1117.620850
649.748474
784.672913
451.678894
651.620422
561.909729
787.846130
477.788544
570.639771
775.679810
1790.730469
1074.515869
1129.856689
665.634216
992.830444
925.908325
906.622253
509.841522
451.614868
1374.750366
503.741547
966.789490
456.813416
1121.782104
481.802368
916.794983
693.786682
444.792694
786.765076
1827.427856
772.726807
545.721313
465.824493
474.712067
874.890808
527.859924
948.757690
915.517212
1104.785767
1614.694092
801.652649
410.886658
1202.880249
1104.904663
1304.732788
402.611176
516.797302
895.713013
353.879761
1532.811523
1494.661377
228.866394
434.856720
352.803741
1333.571045
801.645752
691.753967
521.742920
603.742004
984.968689
856.988953
611.500610
1040.675171
651.741089
930.838745
481.751678
680.757690
481.664612
135.822174
511.611633
1477.580322
218.920303
1405.665527
450.714386
955.784851
691.519958
594.820801
692.754456
1459.506104
1621.550781
637.917053
625.741577
1085.586304
751.777466
651.558655
697.650818
722.841064
768.643860
1204.737915
1059.680786
1134.622192
1195.562866
854.788574
1107.740234
1143.817139
603.649902
928.766907
252.808807
704.712524
1599.748047
1030.698242
335.899109
1270.640259
379.755371
782.689026
789.710205
629.925354
953.750793
2995.215576
1075.766846
596.855835
611.638367
1097.619019
335.762299
862.918030
305.772430
1264.738770
525.878845
735.809753
886.844727
1400.828613
661.669250
1705.495117
990.681213
1995.461060
858.724976
931.679382
1195.809692
1127.643433
1312.686768
396.745697
1012.860413
38.876076
892.928589
559.800049
517.807922
345.694550
984.841064
526.827698
1001.787598
851.805603
553.837402
923.655884
2322.638428
1290.694092
582.766907
1160.663696
909.484009
296.795441
435.853516
870.742004
836.730530
606.939636
1444.683960
1065.914795
900.652649
1316.314941
707.865479
465.736023
1236.782104
477.763214
522.869141
2240.427734
612.827698
758.745239
1219.458740
839.683960
1314.837402
563.897278
689.834167
660.755859
745.801453
813.702881
585.833679
700.908325
982.918030
2259.655518
781.847534
930.574768
729.724487
429.630981
1274.720337
458.794983
1150.638306
552.721313
784.813904
379.660461
604.947021
732.918030
473.592743
632.635132
437.747528
1257.515381
520.849792
750.677063
791.710693
723.636536
808.879272
1690.590454
446.572479
1252.613892
1097.739746
881.792236
1211.685791
444.742950
737.646179
765.880249
435.775635
896.668762
944.649414
866.812988
456.876526
1341.490479
941.813904
804.880249
1602.647095
875.678894
720.815735
810.991699
781.850769
308.900024
1044.633301
941.654968
1025.620361
690.938721
863.741577
1683.366089
214.906479
400.760437
905.765991
909.795898
670.696838
333.802826
467.852570
1994.527344
1191.495972
157.806503
415.858124
1697.684937
1002.844727
1263.743896
1117.708374
145.802368
575.679382
623.706543
757.842468
698.585815
1067.693604
622.762756
655.598267
597.678894
541.931335
781.456848
1173.705566
411.845215
1146.505249
452.624084
1444.418579
947.657715
1399.699585
759.639282
633.868225
963.770569
577.727295
825.898193
717.614868
603.775208
756.901428
445.853973
556.613037
1244.468872
1951.303467
877.518555
1097.889038
697.672913
173.937347
1027.636963
765.761353
699.847961
774.619934
559.647095
402.890808
559.694580
1657.706055
458.645264
973.797302
1418.836060
1809.408447
1712.776978
748.775208
464.839233
736.814331
1419.707886
535.929077
387.721741
258.849365
808.562805
1326.347656
1475.742432
460.706543
796.763672
545.701477
654.822632
890.792236
758.780701
567.736023
725.795898
553.684448
245.903717
322.736023
796.615356
406.778870
339.606567
1146.732300
494.777954
1179.794556
1225.417236
673.759033
931.747559
773.687195
470.840607
811.654968
690.771484
967.775635
1088.436157
672.783936
1145.682617
824.684875
707.810181
1222.726807
630.796814
643.895447
692.824036
624.667358
437.822174
1482.648071
1724.621338
808.901428
892.831421
604.818970
826.739258
1550.578003
1661.658203
711.887573
2123.470215
1136.412109
1160.823975
234.912003
907.824951
1102.742432
1033.501099
854.791321
126.823097
561.616272
686.794983
928.669678
1899.689941
828.622253
622.755371
664.875610
1001.839661
656.757690
1433.632813
1110.770142
396.815735
695.881592
900.758606
504.816650
846.635620
1572.566528
690.685364
1383.526001
1104.624512
1213.666016
694.704224
667.677490
1457.719849
1214.813843
704.767822
892.669250
344.670593
1018.625000
754.879761
1349.625977
499.757233
617.723145
1089.556396
787.713928
1266.535156
210.789001
726.750793
1230.625000
949.842468
728.714844
565.731445
1051.555420
441.854431
1891.560547
793.747559
1174.764160
617.882507
288.721283
1148.765991
189.883911
1071.497437
564.823120
1178.783936
692.722656
1181.818970
604.886658
562.918457
559.814331
673.894958
1017.554993
710.704224
419.758606
814.834595
734.908813
899.862732
738.853027
885.747559
658.844299
973.456360
988.797302
414.796844
949.742004
809.776550
458.946106
723.804688
624.769226
673.760010
473.705627
1205.760498
1066.775635
444.529175
514.770569
278.937805
1715.601929
671.753967
1116.814819
1701.755371
2738.290039
909.632385
694.838318
802.826294
315.616699
1494.641113
368.688110
1197.688599
355.723572
627.603821
177.654938
455.888519
992.757202
442.885742
540.768250
1596.595093
417.783478
423.793610
469.897278
451.486786
427.809723
904.898193
509.964996
837.806946
820.852112
1268.591431
1000.549927
445.867310
719.873291
1199.878784
305.755829
1654.686279
824.670593
1273.758179
953.844299
518.861816
618.884827
579.857178
707.785767
1009.700562
597.636047
472.764130
477.989868
256.496002
3050.620850
344.813873
654.679382
945.767822
796.864563
726.702393
542.559570
1144.643433
618.681641
938.806519
637.853943
374.945648
947.663269
1136.687256
756.805115
497.816193
1012.713440
1177.677002
1205.709351
2112.463379
386.739716
697.812988
709.769226
422.839233
1036.700073
823.908813
1089.763672
439.840149
364.718048
870.864563
371.702850
593.829102
998.797302
487.706085
654.811584
933.843384
568.835999
805.627319
1391.607910
978.510315
1570.699219
370.876526
437.890808
1227.829102
1008.431946
564.839233
1163.510254
964.772888
1392.253662
940.677979
724.567444
764.731873
525.716187
1801.692749
971.776550
608.835083
992.632813
381.891754
1778.528687
364.813416
1523.709351
739.505676
367.509827
1047.686279
1559.786255
1051.575684
615.759033
646.669250
1462.702393
963.683044
714.835510
1799.377197
501.707458
889.777954
766.780701
1055.845215
1868.578003
1138.760010
1327.802368
521.604248
489.627777
484.871918
548.756287
707.628235
1147.934082
543.765076
628.804199
512.776550
888.668762
1067.735107
553.605164
513.635132
1060.804199
855.872864
2058.476318
720.671997
373.609344
1227.730469
522.885315
533.730957
590.563293
733.595032
1764.468384
773.795898
821.840576
892.843384
1041.928101
192.785782
721.667847
1715.449463
683.633301
783.819885
683.917542
1470.605713
492.660004
656.738770
665.648010
630.908813
516.750305
359.974670
1860.730469
339.761810
418.856262
637.706055
899.743835
1257.735107
598.719910
848.737427
945.766907
431.731415
1434.755859
964.781616
827.876526
433.574799
399.882996
817.803772
528.865967
828.572510
731.878845
653.554993
697.647583
920.777039
1120.804688
694.773315
848.759521
275.893127
1047.856689
432.794067
278.823090
654.537903
494.900024
682.824951
491.885284
1579.281372
777.829102
1268.605225
1255.697388
884.670166
414.745239
417.774261
289.863647
868.807434
577.668762
836.716675
714.722656
455.615326
570.751221
430.898193
751.718994
612.795471
755.733276
1101.886230
607.669678
122.861794
387.593658
428.855347
1447.852173
954.536560
851.721741
1060.599609
430.794983
564.783936
629.842896
1288.808350
849.869141
759.786682
538.765503
672.940125
884.705139
736.752625
1821.778931
479.868256
846.666443
590.891724
951.693176
1029.900513
127.938271
610.847046
646.919373
1258.903320
332.840149
1186.467896
1083.877441
616.762268
114.961304
1116.577515
915.682129
492.813873
370.788544
638.749878
1104.831909
832.616699
639.876526
318.815735
257.854431
727.762268
727.543945
624.781616
625.935974
472.643433
396.958527
412.864563
1210.524170
1163.653076
872.743408
778.836914
881.634216
1051.804688
1162.497437
767.594116
616.972839
769.737427
988.687683
759.866394
874.747986
624.883911
880.828613
481.863190
996.321411
862.866394
505.801910
840.863159
854.850281
1309.576660
339.838287
813.704712
788.582642
580.807434
509.988495
1458.481689
282.683044
228.847977
447.833221
912.744751
461.864563
2506.290039
1481.679321
549.556335
1238.881104
736.491394
1124.810181
371.759979
693.766907
470.730042
1013.827698
1012.668335
1279.490479
380.653107
348.671082
985.844299
870.758118
1181.207153
1089.697754
491.691345
1011.672424
655.624084
902.743408
325.746155
1119.701416
1304.693604
566.604248
350.746613
558.914307
1238.878784
808.595032
1193.606079
357.904175
600.884399
2129.184082
620.638367
833.836487
1084.806519
1321.712036
220.987564
1879.781128
475.647583
591.797729
914.811096
686.702881
1265.867310
1024.765015
1605.454102
882.690857
346.813873
217.884369
1682.765015
504.685364
1267.862305
902.591858
820.854431
288.591827
426.866852
975.728638
677.874207
650.624512
1002.845703
575.917053
406.868713
1338.854370
647.812500
480.656342
373.670135
962.343079
496.593201
529.860901
820.729126
750.817139
461.928131
469.836914
755.867310
547.770569
894.781189
1098.720337
627.925842
657.933655
595.808838
692.942871
1203.819824
536.657227
755.660461
1183.835571
582.873291
695.823547
448.751678
775.884827
620.610718
488.720367
886.735107
582.910645
179.678894
954.711121
451.829071
799.641602
1374.474854
849.534729
518.889893
529.773804
1020.717163
927.567444
732.606140
1018.839233
779.765076
631.735596
649.834595
462.804199
661.619446
595.841980
508.742462
636.702881
453.619476
1158.680786
1119.689453
689.570618
1261.771484
668.832764
431.851196
1061.744263
1001.622681
592.729126
849.939636
1815.373901
916.632385
640.471619
1190.810669
779.662292
744.860901
1985.512573
1495.739258
329.936432
722.741577
2228.594971
601.793640
740.781616
768.882080
1516.844727
1062.558228
692.649414
477.938263
1117.849854
385.621765
986.687683
960.778381
347.767365
1153.880249
414.721283
1481.633301
590.752136
519.876099
692.677979
459.781158
499.613495
672.660461
946.702881
219.894958
1011.768250
892.407532
836.638367
959.780701
997.689514
890.553162
1044.690918
820.769226
202.885742
591.753052
1172.708862
126.715752
575.776123
1361.803711
1288.696411
1067.836426
615.761353
2004.592773
747.854858
313.794983
502.760895
981.680298
456.951630
582.859009
1402.787598
1505.663208
876.787170
503.845673
1186.775635
1230.701050
586.709290
546.736023
697.856262
807.668335
436.829071
795.739685
977.894531
2040.604736
567.606567
805.818481
281.662323
709.786255
647.569275
1995.589478
939.604248
193.978348
696.835999
653.580322
744.817566
148.745239
479.672455
618.699158
582.561890
487.751221
612.331543
500.817108
1329.681641
1446.701050
1494.709717
747.834595
912.689026
345.724060
481.559113
1118.893555
887.609802
695.963135
518.888062
1438.484985
880.777954
1269.868652
540.900940
393.707001
622.563293
588.630066
1050.238892
1499.674805
401.869171
309.891754
527.748901
1893.610718
1114.709351
745.670593
480.807434
501.765045
694.797729
986.851685
1015.847961
1072.253662
1042.732788
332.817108
651.677979
901.720337
784.777954
509.757233
784.867798
904.574341
1147.891724
949.765503
433.854889
939.814331
720.589050
1218.721802
311.673370
244.708847
1175.570190
1945.546265
1143.254639
1363.692261
886.765503
670.888489
908.640686
982.362854
812.782104
372.742004
853.464661
602.550354
462.760895
423.929047
293.866852
930.626831
1999.762329
962.702393
323.776581
1957.650757
902.945618
864.750305
1074.856323
1401.934570
812.768738
906.809265
386.757690
495.606567
1103.409424
947.871033
574.579407
223.793152
669.783020
722.800964
773.430115
1042.723633
1187.718506
1289.190063
638.553162
237.765976
441.647583
418.461456
764.625916
745.820313
261.711151
1293.712524
763.621765
538.518555
372.854889
1007.752136
535.879272
1164.724976
828.607971
560.693665
1140.638306
1062.538452
430.888519
586.730042
1006.749390
1303.821777
818.827271
993.835510
719.860413
593.784851
698.745239
1008.791748
1307.675659
763.937805
1304.736084
617.812012
1534.700073
976.874695
725.722656
663.685364
950.830444
863.669250
560.575684
918.754944
610.842468
1042.672974
413.945190
448.798218
894.644836
538.646179
738.691772
689.452698
1076.804199
1497.716675
396.851654
661.720337
609.788574
820.513489
641.764099
1828.805176
568.599182
898.883911
508.607483
642.770142
549.713013
1050.789917
503.863647
487.980652
928.861816
1278.833740
611.437988
748.901428
431.676147
841.499695
1273.829956
1048.827271
674.778870
1442.840088
367.723572
1985.382202
1089.733276
403.783020
1489.589966
890.752625
910.740173
721.852112
1269.768799
711.643860
792.743835
190.975128
814.850769
512.656311
498.819397
1366.677002
745.682617
1210.562866
905.807434
868.726379
186.490936
635.570190
862.841064
187.585846
712.649902
754.782104
1009.574341
873.844727
1483.567017
694.840576
357.892212
1151.753540
790.726807
921.799622
336.911102
310.757690
1003.742920
742.848877
268.898651
627.745728
226.909698
595.761353
1620.360107
1023.841553
736.833252
705.578918
774.747986
1844.523682
641.803284
834.827271
941.806030
962.518555
870.738342
664.826782
464.731415
842.724976
615.790405
1962.461914
915.574768
947.762268
530.614380
560.749817
505.688110
1103.471558
1040.685303
1061.924927
1000.753967
849.848450
738.893127
685.537903
913.000000
803.000000
725.782532
510.000000
698.000000
598.790405
925.783936
1143.664185
758.841553
264.783020
881.718994
1196.664673
1467.736938
250.861328
1187.483521
638.929077
206.751694
306.896332
1316.799561
1115.809692
1681.691284
223.885742
420.795441
920.696899
673.634705
455.804657
909.285461
381.902344
869.379456
1284.343994
216.747543
658.836914
839.798218
381.597351
952.786255
670.557739
2229.686279
1528.671021
561.858582
1016.849792
641.906494
669.703796
462.684875
2031.596924
298.651245
894.659119
653.647583
1164.599609
1076.497437
710.828613
1723.741577
661.683533
282.880676
495.847046
411.629608
776.523621
1942.733765
509.748016
641.788086
745.808838
1348.343994
627.721313
521.890381
955.805603
593.781189
1386.741089
678.750305
909.788086
707.841980
641.790833
951.809753
339.613007
774.755371
648.798706
835.657715
385.438873
731.895874
1213.882568
458.834167
1196.795898
431.841522
1161.728149
654.871460
1896.594116
615.821716
846.866394
408.824493
908.603821
303.838745
767.688599
970.575684
997.730530
1050.704712
1200.740601
638.820801
1030.854858
618.674316
1042.714355
696.751709
530.736511
869.707031
471.742950
1025.876953
514.895874
847.808350
827.815247
1093.636475
418.799591
780.893555
1235.413574
709.589539
1228.417725
774.774719
932.545776
726.253235
400.722198
694.692261
646.637878
1782.454590
695.891724
498.855804
760.800049
298.871460
774.705627
413.773804
828.684448
479.864563
874.633301
506.891754
776.732788
1195.867310
465.722198
2241.215332
622.762756
941.577087
752.821228
408.893585
964.655396
1204.740601
1537.455444
539.698242
880.798706
674.559143
495.677979
410.795929
1101.734131
2061.636475
622.745239
1165.910156
827.840149
351.684418
359.823547
1159.803345
1043.810669
772.871460
780.573425
726.836914
1115.799561
623.963623
616.692261
511.797760
477.753998
854.733276
458.821259
488.718506
920.725403
341.598267
865.468811
797.788574
769.704224
627.804199
1037.740601
338.836456
936.431030
591.808350
780.695496
1894.225586
532.988037
445.518585
318.863647
825.427795
1248.586792
707.821228
880.627319
518.758606
560.816650
1306.712524
629.943359
1006.625916
781.681213
790.878845
855.800964
753.657715
577.771973
1289.774292
327.671539
243.932739
943.810669
924.745728
852.674316
411.698242
960.800964
439.909698
300.793152
854.681641
1072.607056
444.913849
1044.663208
610.756775
620.742920
1023.616272
640.802368
748.739685
660.641113
438.917084
718.670166
1106.762695
813.721313
779.709778
1240.666504
694.765991
813.907837
792.741089
1291.557739
1026.801392
1396.732300
1123.674316
1115.744751
658.803284
772.706055
817.678894
972.759033
1249.369263
357.685364
558.742004
2149.347656
330.869629
653.526428
1054.796875
493.725433
1724.859009
799.902771
985.631897
387.870087
1421.542480
532.795898
1001.815735
546.629150
919.777039
969.557739
1697.690430
1681.771973
465.634674
807.808838
753.573853
451.814331
362.587677
246.932281
1000.809753
330.650787
735.747070
359.698242
1037.682129
806.912476
679.832336
1277.774780
697.486328
1295.591797
1158.756714
798.951660
1046.685791
538.718079
1068.874268
639.783936
663.886658
1068.658203
432.813416
865.890381
649.618103
210.777954
1902.650757
753.696411
738.811584
141.896347
500.869629
1187.774780
575.732361
652.809265
1252.778442
1068.713501
844.871033
846.659119
251.826782
1060.635620
972.583557
1025.848389
583.864990
438.840149
270.803741
1193.860840
1296.720825
896.783508
1012.808350
1153.501953
1033.467896
413.858582
945.731873
1007.738770
567.896790
629.863159
761.872864
1082.683472
425.847961
317.811127
971.823120
688.363770
350.657257
1181.672485
510.783936
558.881592
343.792236
1288.643921
741.739258
1502.762329
895.855835
951.853516
976.658142
979.878357
835.604248
911.793152
811.794556
659.882080
1779.637939
1435.765015
835.648010
732.743835
313.801453
1099.583984
2131.245850
994.596924
1416.498291
1002.729126
479.709778
949.805115
930.817566
432.817108
1603.714844
881.656311
1116.762695
1436.708862
634.809265
667.873779
861.688110
1544.319092
160.859955
818.829529
1222.677002
1059.764160
896.803772
595.767334
528.834167
474.837372
826.713928
986.667847
824.707031
771.882996
898.671509
1018.698730
884.713440
733.824463
1506.732788
374.788544
1121.540283
548.779785
375.846588
1243.460083
834.845215
717.803284
724.810181
679.649902
659.825867
579.719910
728.739258
612.884827
753.726807
899.727722
771.814819
864.818970
666.930420
800.679382
269.731873
2348.474854
1008.563293
943.738770
244.823090
292.733246
727.667358
841.695923
700.649902
312.892670
687.736023
711.755371
634.710693
675.635132
482.633301
986.676575
354.915680
666.814331
610.768250
622.742004
855.993530
606.751709
885.715271
523.878357
511.739716
1442.502930
967.801453
212.929977
565.731873
417.378082
1792.907837
467.689026
853.865479
896.685364
1066.805176
832.662292
763.761841
200.709763
1086.529175
579.856262
737.868225
802.548523
975.803284
380.675201
1586.568359
440.762299
807.820313
593.855835
997.756287
362.634674
1081.893555
856.593201
328.849365
495.634674
1194.332520
1049.552246
1204.598755
644.961792
239.926285
1597.675171
1245.597778
996.820801
453.656799
407.843842
633.864075
822.763184
935.710693
217.929062
516.818054
416.792694
659.752625
393.645264
696.640198
558.668762
375.523651
505.808807
1115.177246
924.654053
390.740631
495.830933
658.853027
892.705139
948.740662
1521.730469
408.771027
582.830933
1116.548584
889.744324
888.759033
704.814819
586.620422
992.480835
1215.689941
565.992188
649.803772
719.774719
160.838303
979.795471
1309.642944
470.778412
1207.470703
1228.671997
851.740173
913.610229
1099.823120
530.937378
1701.840088
1010.847534
943.775208
172.836914
633.796814
367.830475
1131.422729
376.855347
1395.426025
688.737427
434.881134
346.748932
932.496460
777.749390
704.802368
679.794067
709.657715
1004.676575
1059.631958
323.824005
1066.566528
815.795898
559.899597
1680.583130
534.790405
833.838745
557.595520
568.717590
632.684875
966.792236
494.669220
934.546692
347.791779
2422.515381
711.888489
1036.767822
1171.846558
577.685364
836.713440
292.756744
651.890808
566.841064
345.835541
487.908783
1019.813904
685.822632
759.708374
659.753967
1006.776550
1678.572021
362.815735
597.594604
985.636963
734.765991
384.929504
636.503845
624.894958
324.772430
520.744324
599.824951
828.722229
554.715759
486.471130
601.741577
1634.810181
754.731873
1138.657227
1075.394653
782.802368
2106.565186
1012.861816
704.703308
894.506165
732.765991
378.734192
1114.672485
497.754913
882.647095
560.757690
589.795898
474.846588
1125.593262
988.692261
647.778381
687.526855
363.792694
395.746155
698.882507
294.767822
634.794556
752.666016
1020.610718
478.879761
588.736511
556.852112
775.743408
565.664185
297.657715
295.566498
742.537903
969.744751
420.731873
1248.686768
791.698242
473.642059
522.685364
798.758606
1213.608398
381.781158
548.612549
1184.671997
999.303467
859.815735
1133.675659
2765.283203
1107.571533
517.815735
819.631897
1452.693604
1343.391479
348.870544
755.698730
1033.830933
568.790405
847.740173
992.767822
782.858582
657.718506
1093.659546
590.724060
605.858582
1330.552246
263.720825
764.845642
915.586792
704.601990
466.724518
314.970520
1123.589478
764.648987
941.547119
606.815247
390.894043
427.995392
681.907410
875.753967
804.654480
738.688110
765.566956
692.765076
1243.655884
795.589050
198.852585
476.653564
459.840149
997.697327
555.765076
1069.559570
359.784393
884.563293
248.831390
1172.690918
306.892212
1355.836060
683.742004
966.561401
314.755371
1020.631470
651.395569
299.795929
692.912903
1338.448975
468.726349
565.674744
802.632813
956.726807
711.622681
1080.771973
2185.344482
1215.737427
919.767822
739.794067
646.730469
1156.866455
1083.470215
489.892212
365.887146
949.868225
464.482635
288.847504
745.776123
964.771973
593.746155
412.778870
444.775177
347.765503
916.805115
1004.836914
1498.783936
833.870117
913.660950
627.619019
353.801910
988.736511
1506.721313
1139.617676
821.842896
1043.766479
723.536072
1275.801392
1051.798218
504.710693
784.751221
790.836487
424.714844
485.653564
1373.786255
921.872375
874.882507
390.861786
1550.526855
1013.747986
714.770569
1151.690430
703.719910
1183.570679
805.752136
505.735565
436.882538
1532.629150
557.856262
219.905106
884.507507
666.830017
440.912018
557.914307
513.894531
537.832764
926.648499
703.727722
1473.817627
726.803772
687.689514
913.879761
416.722198
1051.774780
891.793640
576.761841
245.639282
717.825378
3003.617188
690.805115
737.903259
480.818939
945.783936
452.625458
852.829529
1538.684937
310.547150
1546.649414
680.682617
340.841522
703.698242
612.617615
371.883911
1013.834167
251.917542
423.795929
877.730957
573.539795
1095.831909
647.863159
552.403381
606.871948
494.779785
660.638367
472.905090
945.875610
1086.751221
715.902771
908.711609
489.787170
783.779358
563.814819
690.839233
932.722229
732.816162
390.920776
435.831848
460.811127
450.796844
1657.613525
1034.796387
1302.569702
596.533752
1752.387695
1321.861816
1246.641113
594.701477
652.608398
1291.601929
777.908813
915.851685
912.799622
519.906494
1061.877441
287.704224
423.773804
842.665100
1254.516235
877.856262
447.768738
795.655396
851.755371
804.760437
991.393250
819.730469
731.822205
806.852600
620.617615
1295.611206
830.832764
1281.754028
501.907410
285.912476
660.631470
599.794067
1368.742065
901.797302
476.817566
1336.758179
581.583069
703.722656
453.887146
524.859497
471.729126
714.756287
493.822632
951.780701
649.681213
1153.923950
501.847046
664.849792
311.824005
529.813904
522.796814
443.850281
951.730042
225.768738
622.822205
935.652161
973.943787
617.752625
386.776581
457.931366
528.715759
2537.304932
1011.702393
1076.738281
819.781189
816.738342
821.823547
203.987106
555.473450
821.640198
791.965942
921.757690
826.877441
334.867310
460.657257
891.865479
1460.792725
659.842896
766.743835
793.781189
408.782104
646.944275
1063.833740
270.705627
778.728210
664.674316
2771.234375
609.882996
814.967285
875.734192
982.726379
618.695923
715.736511
1172.780273
335.798218
1147.693604
517.803772
713.839233
470.822632
439.535156
1184.656372
387.761353
1082.660522
1987.680298
923.678894
1082.821777
676.837402
1156.826782
1087.841064
698.865967
916.666931
1496.699585
553.849792
1942.373047
789.819397
323.792694
1699.812988
941.615356
844.835083
1102.707031
1126.638306
746.716675
776.700073
758.623169
909.764160
929.757690
538.749817
1218.735107
717.433350
346.621765
738.703308
555.718506
497.891266
539.912476
695.512146
803.784424
859.717590
684.916626
959.795471
604.929077
809.700562
2063.283203
541.912476
962.788086
889.797791
731.839233
1211.817993
467.879761
808.649902
2050.410889
763.751221
536.884827
529.712524
772.573425
304.865021
966.865479
814.738342
645.834595
1376.662720
977.841980
567.820313
664.848450
991.752136
480.664612
380.767365
629.688110
493.805115
1509.578979
257.940125
812.788574
1031.695923
1382.708862
2079.665527
598.868225
1419.699219
537.750793
630.774719
1049.317261
863.698730
944.482666
1024.748413
1025.589478
547.674744
953.824951
1800.507935
657.751709
411.805603
1004.782532
832.766907
1718.887085
1817.404297
297.887146
1548.697754
1208.795410
700.718506
399.854889
572.836487
457.757233
447.827240
753.815735
692.685364
900.811584
755.848450
796.750793
348.743408
746.835083
2254.508545
584.924927
522.858093
630.745728
657.648926
724.756775
933.705139
546.875610
1261.868652
802.667358
984.749390
755.659119
962.782532
925.838318
1089.865967
517.786255
827.607483
1206.788574
1563.695068
1492.586304
1069.808838
675.700989
609.711121
334.745239
997.615356
908.752625
739.712097
933.949768
1243.645264
705.903259
870.778381
248.759521
580.771484
376.903717
1056.776123
908.672424
720.811584
1965.304321
1909.510254
1187.733765
1041.686279
643.762268
572.857178
738.571106
1234.698242
777.847046
964.173523
556.659546
288.709320
1167.756714
604.722229
1175.766479
1773.650391
369.852570
697.936401
715.638367
691.877441
444.727264
458.685822
528.806519
315.736023
499.692719
623.710205
307.000000
622.720337
442.853516
910.652649
987.836487
923.545288
620.517212
629.542053
948.713928
749.617188
734.690430
1012.820801
1010.741089
742.849792
1084.816162
1010.752136
999.686279
597.834167
574.907837
748.531494
492.782104
653.918030
514.803284
281.890350
835.832336
463.907410
711.609314
1025.931763
1017.660034
1215.434692
1155.610718
474.695038
800.661377
651.820801
211.803284
757.834595
1051.976563
695.856750
415.917542
1129.592773
1053.685791
693.673401
468.854431
472.910614
1250.790405
779.659546
1105.823608
344.868713
925.589539
952.718994
793.707031
1264.687256
608.693665
769.361938
313.828156
1092.353149
387.755371
2393.665527
1038.782959
571.830444
537.736511
1013.779358
1325.791748
540.904175
1003.812073
706.664612
922.547607
1233.599609
623.823547
974.538879
646.819885
726.753540
652.851196
411.747528
785.550354
697.926758
1058.743408
491.966827
277.898651
867.893127
1635.749390
943.707031
523.377625
1447.838257
463.900024
715.821716
725.896362
686.903259
1104.934570
1228.877930
970.753052
1387.738770
1401.566040
1417.531982
678.908325
608.929077
453.824951
505.625000
309.863190
1051.625000
862.819397
892.705139
745.812012
527.697815
584.610718
705.754456
768.734619
1153.788086
633.756775
1198.765503
704.765076
900.855347
938.805603
300.748016
595.635620
651.752625
1591.644409
677.578003
1783.601074
1345.720825
1304.835083
625.672913
1152.468384
775.884827
478.690430
533.944275
440.797760
901.743408
330.757690
1017.922607
879.755859
537.694092
764.934143
1058.546631
669.762756
679.814331
497.806061
465.749390
228.768738
1543.356934
286.850281
1295.713501
1213.709717
1276.743408
1321.185547
907.766907
470.855347
1084.847534
584.734619
887.753967
1084.790405
560.644836
1265.587646
631.817139
841.843811
665.682129
502.742950
1118.773804
444.830017
958.756775
878.761841
324.784851
473.836456
970.763672
494.720825
916.669250
895.311279
810.740662
738.889893
1198.488159
902.592773
504.758606
574.918945
944.644348
481.894043
2737.238037
1945.329712
671.684875
623.880676
576.489990
722.749390
1497.589111
1335.674805
825.841553
768.783508
678.585388
877.884399
1039.355469
911.546204
494.832306
286.949799
723.800964
414.680756
371.907410
552.834167
1219.837891
641.841064
1488.842041
1383.532349
1019.468384
865.496948
568.746643
1378.887085
596.759521
403.724976
1206.596924
548.738342
727.789001
971.582642
725.628235
975.635620
910.723572
1150.827271
567.887573
1479.723999
625.721741
1791.697754
678.565125
324.737396
1065.592773
701.780273
1723.771973
971.761353
1182.742065
905.717163
318.632355
975.949341
1078.628662
919.790833
782.726379
461.570190
651.839661
1231.531006
649.704712
518.632813
675.931824
945.842896
1285.629639
580.750793
1094.701904
1210.844238
172.655411
206.858566
2342.389160
931.646179
1042.730957
554.909241
724.839233
273.814789
1533.739746
530.529663
1390.554077
1529.714355
1018.000000
952.841553
608.861816
2036.752563
869.892639
326.730042
911.625916
557.798706
1360.558228
1465.808350
1056.484009
1123.778931
780.900513
569.777039
874.646667
722.718506
895.765076
923.519958
555.696411
711.817139
1134.690430
1228.691772
1201.667847
1044.671021
718.635132
1114.454956
812.724487
674.736023
228.911545
1110.848877
1392.405762
533.790833
781.657227
622.794556
441.720825
559.815735
1362.569702
648.705139
390.796844
509.830475
1290.765015
838.799133
290.809723
491.650787
823.770569
330.765045
1653.556763
1099.449951
1218.263306
409.730042
482.738800
558.796387
342.810211
662.689026
988.785767
1421.661377
1786.748047
551.661377
391.684875
189.691330
808.468384
567.794983
719.665527
591.736511
1416.560059
1144.657227
970.948425
828.888062
1221.642944
1193.583496
1076.735107
776.763184
1384.489136
1050.689941
622.880249
803.736938
351.813873
825.654053
777.806030
663.704224
1101.892212
894.471130
599.656799
759.722229
459.750763
962.627747
664.676147
861.809265
1037.780762
1207.642456
222.927216
829.831848
863.893555
818.590881
729.840149
685.877014
1229.584473
791.361938
575.879272
676.621338
943.742493
1191.686768
498.783020
913.776123
1191.735107
2618.488525
1048.725464
802.846619
817.827698
1059.864136
1241.818481
946.895874
347.785309
959.631470
567.713928
780.955322
653.753052
785.859497
684.750305
627.715759
230.719437
968.810181
911.685791
1021.738342
729.811096
470.830475
942.776123
226.779327
834.833679
318.000000
1712.816650
363.982483
960.591858
831.759033
372.828156
562.943787
776.820801
387.822174
337.788086
663.741089
954.706055
1398.620361
876.591858
788.760010
705.612122
703.877441
1753.313110
1060.859009
2323.481201
321.668762
903.672424
881.857178
1450.435669
837.647583
930.578491
770.825867
703.843811
894.553589
874.708862
377.743408
782.669678
450.617157
624.905579
696.793640
821.726379
806.783508
618.859009
669.689026
814.825867
1197.699219
814.335693
1091.648071
1154.814331
1400.664673
1200.672974
1087.865479
531.888062
1632.681152
1075.540283
53.861332
444.767822
655.725403
405.670593
285.791321
1021.806519
305.728668
1384.712524
1553.417236
729.668335
1629.589966
1546.505249
1040.709351
371.715302
698.792236
652.660461
1025.751709
467.848450
970.861816
605.786255
318.778412
583.689514
729.736023
971.498779
495.801910
2013.261108
1291.559570
898.812500
226.869629
544.707947
291.841980
821.904175
747.829102
928.849792
676.808350
254.886215
829.778381
691.742920
669.668762
491.730957
473.878845
775.886230
1098.682129
650.889465
1936.605713
733.331055
429.791779
506.747070
812.792664
875.553589
247.935501
581.000000
253.989868
616.752136
804.882996
300.836456
735.830017
812.852112
401.496002
791.717163
710.724060
639.802856
708.732361
875.555908
1172.798706
819.781616
852.842468
705.878845
1527.686279
1320.809326
909.770569
1169.813477
356.800049
1510.375366
295.778412
1206.467896
430.747528
2124.458252
897.800964
400.666016
815.676575
1089.683472
392.805115
549.755371
1178.823120
661.672913
329.910156
1439.716187
444.858124
1157.638306
1200.710693
1056.444458
180.936890
402.823547
2043.842896
576.852600
951.806946
897.684448
357.797760
196.745697
1478.553101
1009.792664
422.900482
925.666443
1035.718018
1311.725952
843.600586
562.838745
476.883911
625.784851
809.544861
607.826782
378.897278
942.705139
753.766418
1426.670166
686.650330
807.649414
921.713440
674.860901
781.705627
920.730042
480.865021
698.849792
583.621765
869.649414
775.732361
507.000000
749.677063
605.709290
1128.778442
1079.767334
844.775208
758.913391
459.789917
632.648010
1259.615356
1014.797791
965.761353
984.890381
785.766418
258.736023
866.703796
544.911560
650.834167
1370.599609
1156.634155
1490.651245
1205.870605
488.821716
829.711609
332.759064
1150.785278
1056.565063
858.765503
837.747070
586.695007
525.718506
1746.395142
572.832336
575.585388
898.685364
990.760437
821.637878
786.802856
1011.718506
663.766907
383.917999
697.714355
903.836914
1201.651733
1512.493286
453.798218
1315.531006
1884.539795
569.864990
327.850739
810.576599
774.463745
673.819885
552.781616
818.859924
783.852600
536.773315
720.572937
1498.684448
1014.276733
696.659119
1120.502441
1191.625000
670.649902
683.556824
310.799133
494.807434
969.807922
744.739685
684.665527
1504.600098
597.829102
637.680298
1255.703369
758.759033
326.669220
995.658142
592.788086
580.796814
477.660004
905.906006
285.761810
717.780273
636.832764
806.710693
1224.830933
992.771973
779.739258
859.429199
921.874695
926.691345
590.594116
635.841980
499.539764
1052.813843
935.677063
560.757202
913.767334
763.525024
539.728638
1251.507080
224.753067
480.689484
1668.519043
1541.695068
625.745239
983.661377
613.810669
311.853027
1044.859985
359.664154
1366.794556
521.792664
424.812958
719.724060
481.772888
315.786255
720.665527
481.743408
1274.765015
553.666016
673.795471
669.842468
639.404785
794.764587
406.830475
781.582153
556.825867
910.748474
419.782104
686.670593
552.680298
1807.331543
496.601044
849.813904
1223.713867
986.607056
732.801880
428.665527
677.618530
774.538391
1103.816650
1156.776978
752.595947
1135.543945
703.509338
1394.673828
714.776550
739.814819
1626.688110
1032.776978
348.835999
215.753067
831.956726
551.783020
729.530090
710.880249
1172.742065
545.836487
471.775635
1123.806519
794.852600
973.745239
1139.796875
1111.739746
677.930908
1087.513062
511.727722
790.730469
853.611633
895.865051
248.827698
426.726349
645.871033
325.799133
1133.778931
518.924927
420.894043
1904.571045
743.726379
1000.751709
197.729111
852.655396
1455.730469
1059.752563
1221.738770
662.804688
963.839233
548.621338
956.787170
757.765503
770.816650
1060.607910
490.685822
2323.581787
770.554993
1110.683472
604.587219
1035.711182
584.763184
647.829529
829.500610
596.841980
1071.720825
1303.582642
993.546204
465.615784
546.901855
306.777496
1112.538452
896.748474
905.821228
658.916626
725.903748
459.827240
428.833679
1302.340332
456.910156
617.794067
696.780701
454.866852
777.748474
413.630524
601.415833
930.682617
858.772400
1555.416260
919.687683
874.727722
503.885284
1155.629639
1464.796875
889.584900
740.543945
1326.831421
1217.681641
1157.582642
970.789001
910.847534
708.951172
621.805115
512.895874
470.792236
1401.680298
996.890381
2606.588135
482.685364
620.838318
910.866882
2761.159180
1144.713867
670.851685
999.718994
806.771057
1290.639282
506.846588
1472.724976
884.689514
229.907410
647.857666
1018.379944
359.889435
725.609802
1200.736938
990.754944
707.603333
540.790833
429.841064
1220.626831
639.750793
1168.717651
853.885742
717.433838
676.681213
307.916168
597.800049
878.817139
447.816193
713.723145
998.740173
1122.718018
477.738800
368.763214
758.775208
835.788086
952.740662
986.669678
1049.681152
1045.568359
817.812988
722.862244
836.597351
993.641602
880.763672
454.923981
278.933655
448.789459
2700.659180
1081.591431
1171.672485
307.690887
907.568359
680.804199
974.502441
1976.370239
310.709320
806.642517
944.787598
607.670166
938.806946
851.695923
1411.604248
497.778412
1008.532410
953.827271
1442.563232
545.704712
702.729126
648.887146
563.684448
1412.536987
1870.618530
341.861786
1614.643921
1015.794556
695.695496
822.707031
654.784424
1073.435181
311.739258
597.869141
758.904175
901.892212
1044.682129
704.901855
328.835541
827.576172
334.790375
791.806946
873.792664
1050.832764
655.809753
450.850739
573.828613
1136.707031
612.705627
653.835083
426.839691
1465.542114
1079.864990
737.710693
508.735565
633.693176
874.839661
2210.436523
768.785767
1666.615845
432.893127
665.885315
712.757202
1653.448120
368.496918
891.832764
910.732788
671.892212
594.731873
193.900024
859.730957
988.674744
685.865967
1425.696411
750.777466
292.830933
813.731445
698.777466
493.823547
587.659119
661.703308
713.527771
1286.702881
518.877930
580.760437
244.926285
1128.408447
942.845703
497.748016
1878.568848
604.732361
973.833679
898.856262
1198.807861
562.768250
1217.670654
551.779358
535.548035
563.629578
503.757233
828.679810
763.752625
1136.742065
1257.743896
756.826294
1754.473022
748.864563
967.771057
593.884399
927.733276
823.766907
851.834595
769.642517
511.681671
1330.771973
1012.765076
1788.679321
870.738342
606.812988
1039.806519
1616.330566
875.755371
705.807922
953.622681
829.786682
1275.871460
334.518127
539.856262
736.896790
979.434753
583.859497
552.722229
753.911560
881.763672
236.831390
525.862732
504.801910
458.825409
286.694550
853.908813
649.701477
922.616699
468.723602
876.570190
1030.614380
1210.784424
635.906921
1761.686768
884.879761
573.903259
1023.622681
651.797302
634.751221
405.702850
889.681213
828.747559
616.691345
431.718994
242.828171
1211.786255
613.613953
1356.668335
1029.682617
874.896790
577.851685
677.771973
1870.561890
455.379456
798.766418
605.546204
334.748016
614.748901
853.450378
274.758606
696.906494
525.539307
550.572937
373.755371
1696.453613
633.513977
3617.446777
775.713440
329.797760
1271.752563
819.732788
300.771973
1332.606567
273.789917
1114.634644
754.877441
823.823120
691.847961
512.964966
1388.598267
419.941956
883.799133
587.937805
1394.542480
855.653076
1246.680298
1223.741577
970.442078
1114.817993
838.658630
1017.807434
1258.645264
622.771484
1365.592285
967.534729
628.900940
1111.645752
1012.695923
875.732788
1302.701538
1149.807495
842.722656
1020.806030
1157.605225
801.665527
1640.709717
808.783936
1264.795898
826.764160
963.795471
689.829102
1148.892212
1097.761353
1317.457275
233.828629
447.806519
1095.796387
1859.489990
721.672913
530.877014
617.806946
701.842468
956.355469
725.753540
537.671082
395.738342
931.675232
344.752136
1168.658203
577.722656
1756.487305
666.610718
454.781158
1220.771973
542.755859
963.677063
2677.620361
447.675201
1181.668823
487.806976
441.756744
751.724976
1798.489502
566.707947
171.742477
1046.782593
736.939636
802.303894
398.698242
596.911072
1095.807007
770.668762
939.499695
626.000000
1407.656372
826.635620
693.887573
981.682617
611.813904
652.871948
1646.720337
693.899597
2035.399292
714.801453
914.944702
876.243103
1212.704224
448.815277
862.715271
267.842438
363.707458
1254.813477
295.840149
787.764099
540.788086
949.792236
1600.577148
438.846588
1650.658691
1053.895874
1834.392822
343.582153
682.790405
602.853943
936.799622
398.902344
638.652649
359.742004
871.790405
539.807922
948.408936
358.817108
901.589966
1191.839722
556.763184
1207.845703
797.888977
925.687195
357.931824
1051.832275
1209.681641
934.757202
977.534729
1635.634644
1503.674316
569.810669
433.637451
1045.711670
874.848450
735.882507
1386.459106
931.692749
2315.418701
398.936890
620.842896
442.870544
996.596436
830.844727
970.715271
959.765991
1096.563232
532.751709
1047.742065
303.837830
821.938721
827.688110
715.886230
672.675659
883.699646
745.847046
295.795929
817.753967
747.625000
579.832336
966.724487
1286.514893
1100.805542
260.664612
1011.758606
711.824036
1521.607056
957.657227
577.885315
583.752136
1048.736084
1323.877930
972.683960
870.687195
584.750793
973.707458
648.704712
276.824463
209.611176
454.689026
706.803284
686.760437
422.740173
601.873291
288.977417
4211.243652
466.726349
1119.713501
296.805115
495.790375
1260.715332
513.848450
853.711609
419.698700
956.801880
1105.315430
954.923523
1310.700073
773.775208
486.742950
537.721313
1187.773315
1010.656799
767.824951
727.673828
564.732788
912.714844
995.725403
769.817139
1217.737427
405.927216
1009.580750
615.932739
805.723572
805.714355
214.725433
1134.804199
624.530579
243.946564
681.574768
545.700989
700.707031
964.749390
789.762268
1426.620361
989.329712
1625.812012
631.740662
1156.689941
745.735596
253.862717
931.831421
883.780701
1374.542480
989.855347
608.795471
559.498291
545.754944
335.900940
927.899109
762.819885
717.805603
599.770142
427.795441
897.473877
740.539307
926.616272
792.560974
389.755829
894.593201
1406.576660
1622.573853
537.713440
721.841064
382.889893
1625.772827
1142.770630
609.589539
417.742462
1140.849365
935.908813
528.869629
764.745239
1456.694580
945.679810
1143.829102
694.818054
722.657715
621.731873
1006.772400
364.839233
623.750793
919.394653
954.422729
854.847961
942.564636
1068.763672
637.777039
624.882507
1188.623169
644.738770
357.950714
1172.754517
820.320923
819.879272
522.839233
551.805115
1292.777954
876.670593
458.000000
475.867310
749.893127
496.749847
270.806976
1155.679810
1654.696411
2392.435303
1632.453125
838.729553
670.775208
911.789001
446.842438
670.647095
699.787170
1186.520020
630.834167
177.858109
686.733276
616.970032
934.708374
983.824951
1059.301147
1060.710693
627.731873
1370.518555
490.641113
838.726379
947.839233
761.902771
548.762756
1042.851196
495.912476
587.762756
702.826782
463.922150
1093.702393
324.894958
795.821228
1178.808838
592.822632
917.841064
1081.776978
1081.578003
208.811111
1008.541138
803.782532
688.708374
1312.767334
804.918030
325.917084
1311.558716
834.769653
533.741577
493.696411
832.751221
1099.579346
362.841522
396.811127
508.701477
1153.610229
590.670593
431.723114
714.745239
787.862732
1047.679810
1249.679321
732.798706
505.750305
632.787170
390.524109
682.714844
466.823090
1139.870605
1210.603760
743.746155
922.723572
859.731445
824.753967
809.789001
530.777954
914.507507
224.827698
594.677490
1182.754517
581.504272
1032.456421
1244.716187
1012.779358
168.834610
725.756287
369.796844
900.556824
509.658630
493.593658
819.417236
400.898651
545.709290
1424.771973
1945.616211
2343.450928
446.802368
1620.567017
539.709778
781.719910
306.918915
834.593689
878.758118
748.736023
724.704712
1365.806030
717.653564
403.702393
615.768250
717.847961
766.812012
776.751221
686.769653
1086.489502
539.749817
1341.632324
588.888977
1773.681152
735.432922
590.801453
989.532837
839.638367
662.756775
1261.793579
710.727295
646.758606
580.476196
638.716187
333.727264
1148.535156
704.708862
643.808838
574.706543
1218.693237
882.806030
639.702881
1199.612061
844.779358
827.414490
1934.564209
811.603821
645.921692
1024.640625
594.297424
1004.670166
261.863190
640.775635
472.871460
508.852112
1179.653076
689.882507
1091.197510
1082.829956
581.627319
656.640686
1511.525024
380.896332
588.578918
598.726807
326.801910
933.887146
476.847046
1007.509338
247.739243
441.631897
792.817139
282.616241
820.814331
895.942871
683.444397
315.809723
1091.600098
469.787170
2000.660034
1865.525024
530.767822
474.804199
451.729584
889.802368
1098.770630
582.715271
790.685364
675.681213
627.783508
617.552673
593.915222
1006.843384
597.869629
1698.742920
1154.597412
518.789490
896.805603
433.801910
695.852112
524.787170
301.875610
743.622253
925.813904
541.552673
602.954834
378.789459
523.693176
462.851654
895.440735
975.850769
1150.631470
619.650330
381.851654
455.728180
592.789490
1048.678467
739.507080
932.671082
677.501099
1562.805542
634.494629
627.838318
483.677979
750.881592
359.868713
833.736511
1066.948364
646.784851
426.789917
493.921234
1758.494141
511.850281
1719.722656
757.758606
1287.639771
1064.654907
1103.530518
547.862732
627.654480
398.622223
659.876526
930.792236
318.874695
527.813904
1299.663208
672.909241
556.642517
851.818481
702.676575
1070.714844
813.794983
768.689026
707.889465
977.846130
724.598755
2125.533447
349.776581
434.800995
844.784851
200.708389
1580.575195
1546.654541
544.856750
1411.882935
729.828186
611.856262
447.899109
816.787170
1135.796875
400.661865
960.793152
647.930908
534.600586
1681.477173
526.928162
912.850281
913.702393
864.877441
760.845215
928.847046
923.751221
504.729126
297.757690
1134.630127
546.774292
1409.560059
440.875153
663.787170
875.894958
940.674316
496.858582
782.812988
771.695923
1030.531006
354.702393
262.819397
2751.189697
696.878357
862.799133
703.595520
500.748932
538.637451
582.899597
815.863159
602.650330
640.757690
512.740662
1161.489502
428.675201
898.777466
530.761353
457.755829
2101.377686
528.770569
560.759033
1662.700073
649.802368
1393.671021
756.825867
633.679810
1335.349487
685.708862
594.890381
748.663696
900.619934
396.826324
806.835083
664.505676
948.719421
408.789917
622.785339
394.763672
466.783478
1285.411255
898.895447
643.895874
746.625488
276.797302
407.753082
940.593201
568.701965
631.626831
472.813416
286.678894
630.688110
794.677063
501.753082
271.884369
822.750305
880.912903
862.623169
821.678894
436.730042
497.558655
676.852600
578.699158
619.712097
1639.745239
1197.500122
741.648987
675.855835
382.879761
1093.875610
966.862244
1078.816650
495.652191
335.872375
1302.483154
1501.784912
496.791321
605.753052
772.770569
1182.829102
972.584473
832.704224
714.655396
815.844727
982.843384
1225.912964
620.899597
613.601074
644.922119
673.679810
806.810669
464.676147
730.579407
953.769653
782.871033
624.872375
437.760437
795.671082
1087.810181
1004.777039
1053.603760
1109.834595
681.377625
1198.702881
779.632813
1484.782593
1142.570190
1304.643921
1364.545288
441.847046
754.695923
406.746155
663.692261
1161.702393
1173.724976
700.780701
812.839661
1426.765015
1190.505737
684.821716
562.816650
1046.468872
496.840607
858.543457
968.768738
892.722229
702.791748
1080.770142
569.890808
865.806946
244.505676
2229.433838
527.845215
1541.551758
823.747070
983.578003
895.662292
1204.865967
1553.567871
774.842468
1125.774292
410.893585
898.810181
444.621765
762.764587
671.946106
553.834167
759.880249
718.868225
1125.714355
1974.508423
694.791748
521.859497
547.823120
1766.718018
636.740173
629.724487
615.892212
669.747070
782.848877
505.827698
500.731873
544.924011
404.880676
751.789001
1114.715698
767.766418
1036.572021
834.772400
719.759521
577.583557
1011.775635
783.616272
1165.800537
656.679810
2094.496094
290.897736
614.861328
994.596436
668.655884
768.519043
577.704224
924.660461
819.652649
1464.586792
958.922607
465.712067
562.700562
571.824036
849.841064
298.879761
1315.736084
159.744324
573.819885
958.560974
1286.678955
339.690430
510.866852
203.789459
666.820313
870.622681
902.842468
633.598267
898.823547
759.698730
2220.489990
605.566956
710.705139
225.858566
760.769653
955.714844
1086.790894
494.583984
752.608887
256.582611
854.959900
757.612549
533.711609
1261.613525
1726.728638
927.801453
485.793610
679.744324
712.891296
681.767334
945.706055
1184.610718
2629.598389
865.509338
865.561890
1177.543945
344.787628
654.711609
663.853027
1009.899109
473.847504
193.677521
645.796814
722.789001
1242.739746
876.818054
1079.650391
514.777039
1710.671509
1323.414063
706.782104
370.754456
500.838287
332.755371
694.855835
792.868225
687.647095
864.653076
1519.754517
378.845215
879.853943
497.729584
1567.473877
269.712067
665.768250
788.595032
560.791748
838.799622
663.765503
366.883911
1097.906982
1857.543945
651.897705
618.810181
682.811096
1210.821289
407.741089
584.755859
544.774292
770.439819
793.786682
724.751221
1023.703796
869.583069
778.873291
262.821716
750.745239
686.732788
420.977417
876.815735
454.831848
391.798676
708.715271
1029.524170
427.740173
75.816185
759.634705
625.974670
553.608887
923.608398
424.865936
862.801453
1243.613037
901.849365
577.657715
1264.436523
1385.795410
559.837830
981.514465
319.860413
679.882507
687.816162
1373.684448
437.783936
1432.822144
1534.490479
2410.386719
886.858582
1623.607056
654.846619
634.605652
704.773804
676.749390
1274.799561
912.676147
357.874695
534.720825
686.918457
439.845215
577.624512
984.580322
486.744781
1275.902344
1179.729614
752.625488
866.726379
498.760437
1189.585327
499.599213
437.902344
2051.560059
577.964539
417.683960
633.856750
1391.555908
579.812500
647.810181
612.866882
597.658142
1394.476685
384.948395
790.651733
1413.646240
520.731445
785.701477
1077.659546
403.822632
748.955750
1151.463257
1028.751709
858.822632
551.728638
842.760925
486.952087
594.817139
1248.828125
891.841064
824.597839
844.599182
720.702393
661.688599
330.670593
558.765503
1414.590942
619.569702
479.849823
864.685791
1104.737915
1350.252319
799.794983
611.789490
967.775208
1291.614380
384.789459
496.744781
1078.734131
940.649414
464.836914
256.742950
1428.617676
546.729126
630.564636
831.684448
146.654480
365.864563
1353.476196
759.898193
651.972839
439.801453
1440.719482
1036.685303
778.647583
1088.344849
779.796814
712.647095
531.891724
612.779358
1040.930908
293.840607
1348.854004
409.839233
828.858582
334.866852
999.900940
522.821228
1099.791748
558.757202
931.750793
755.843384
617.740662
445.731873
745.610229
878.555908
688.843811
670.813904
310.776093
707.625488
1799.479858
607.619019
583.823547
1351.701050
422.701477
703.875610
578.697327
1000.812073
1530.405762
470.822632
742.680298
713.827271
972.701965
1278.462402
1837.473389
1164.744751
750.849792
1666.449951
839.954834
424.745239
905.770142
867.878357
229.868240
557.878845
701.876099
269.842896
1208.737427
789.731873
787.732788
1685.680786
945.652161
1198.589478
510.719452
840.853027
557.610229
659.748901
1100.723633
1083.856323
761.605652
1201.833740
1072.721802
549.780273
601.903748
955.872864
880.707947
856.840576
483.716217
690.752625
471.796387
867.557251
820.681213
491.737854
935.845215
575.774719
923.755371
1057.651245
642.842468
1642.640625
642.876526
774.720337
943.845215
814.817566
771.451294
681.928162
767.769226
900.769653
1396.504761
803.894043
1002.757690
682.743408
1055.681641
1385.838745
1143.621826
501.811127
846.445801
1322.814819
701.730042
868.928589
888.566467
1066.889404
817.753967
1095.779297
509.600128
678.912476
422.801453
458.730957
1162.840576
954.686279
862.860413
1232.801880
1736.683105
921.780701
1901.570190
725.951660
1270.711182
1329.843384
726.764099
630.669678
687.882080
1288.602905
685.698730
844.566040
661.760437
412.889435
803.642029
722.774292
1186.705566
771.526855
478.794067
353.806061
840.810181
463.909241
528.835999
1024.927734
573.759521
966.689026
1023.695923
519.738770
424.882996
797.922607
745.779785
411.787628
881.786255
1143.797729
858.680298
782.737854
1263.716675
1201.551270
438.684418
654.764099
1038.681152
1619.826782
604.744324
1601.544434
757.623596
345.873779
416.811127
888.761353
488.803741
1368.554077
755.705139
520.758118
1494.716187
672.781189
2507.284180
877.776550
1185.705200
831.730042
970.659119
708.389587
704.898621
924.680298
1095.441162
384.847961
277.755371
976.807434
710.603333
439.528717
529.710205
652.771973
971.510315
530.925354
575.718079
733.645752
1331.619507
614.916626
901.506592
323.654938
599.792236
1543.516235
1042.706543
393.880219
796.863159
476.936432
739.713928
1042.295654
958.818481
830.834167
742.803284
542.850281
971.819885
866.723572
746.671082
894.446228
743.764099
787.761841
277.920776
404.868256
1666.256470
744.857178
555.707031
945.730957
852.837830
521.767334
375.537933
647.787598
544.669678
864.774292
375.790863
1568.497803
714.600586
423.701935
1157.748413
697.757690
1028.596924
469.748932
666.796814
634.433838
1124.751709
768.871033
895.551270
1209.647095
1195.738770
617.921204
858.752625
1415.729614
1093.673828
1472.809326
615.820313
739.833679
959.744324
814.948853
1197.778931
766.833679
545.716675
623.673828
740.782104
297.767822
422.738342
311.770569
1699.715332
799.614380
862.766418
327.885284
290.889435
866.711121
1048.859009
537.737854
894.731873
462.587677
422.661865
506.769653
521.947937
636.853027
1846.487671
389.753998
920.735596
1158.805542
1049.573364
1474.751709
1863.481323
650.835999
1113.743408
972.713013
515.624084
1101.621826
1419.770142
878.723572
785.675232
509.820801
553.776123
1187.653076
767.797729
565.597351
1305.517700
680.507507
472.870087
998.612549
1024.731445
1045.763672
684.784851
883.790833
972.767334
944.567871
875.659546
643.711121
1076.863159
680.883911
874.757202
908.728210
364.808807
502.882996
1324.736450
1050.771484
1180.683472
849.900513
837.531921
1089.740601
450.804657
1102.545776
976.803284
687.735596
1005.740173
620.804688
460.849365
880.766907
1235.829102
700.622253
1200.642944
794.870117
780.720825
613.757202
672.690430
335.908783
476.677521
1331.391479
578.842896
982.623596
925.387268
331.737396
691.671997
426.907867
713.851196
1378.689087
1265.692749
823.795471
1236.892212
674.730957
957.583069
1605.645264
602.863159
695.867310
540.964966
1011.609802
753.931335
943.636536
604.687683
437.765503
914.679382
1124.753052
865.657227
826.706055
536.829529
401.872375
234.883911
764.655396
655.535156
968.664185
782.788086
1122.762695
1099.863647
1410.843384
469.730499
738.678467
625.775635
1080.800537
1683.815308
586.583984
1195.683472
958.855347
934.795898
687.866394
718.695923
594.858093
725.314941
1242.688599
579.890381
482.796387
844.633728
1359.647583
669.644836
1062.802856
915.632385
1783.668335
489.759979
844.339355
1289.822632
277.729584
1056.883911
542.935974
1024.426025
487.668762
1899.470703
1159.669678
454.915710
1079.753540
498.742950
1032.516724
208.519043
704.776550
708.789490
969.793152
1420.870117
734.630554
1686.508423
1081.781128
1116.522217
460.862244
830.762756
664.837830
984.776123
473.560516
1203.667847
896.860901
435.869629
578.747986
1244.823975
1340.750732
320.703766
230.789001
1081.859985
1037.699585
992.735107
630.890381
767.783508
1450.783447
928.769653
1172.679321
740.714355
875.799622
543.763672
448.778412
896.879272
535.873291
483.531952
820.661865
561.702393
929.836487
492.911560
712.812012
231.707001
295.830475
457.653107
555.659546
729.828613
1009.716675
645.787598
1381.531494
771.758606
815.707947
699.806946
528.906921
565.687195
704.712097
508.758606
536.831848
707.730469
1030.610718
456.812500
1041.684448
580.890381
1132.632324
254.616241
772.495544
1317.442139
705.702881
78.771034
716.797729
434.655853
1005.867798
711.885742
1161.558716
939.716675
951.890381
957.476196
629.494141
517.679810
959.911072
713.728210
1004.706543
358.901886
748.808350
497.830017
827.735596
877.818054
864.783936
422.745697
1872.603760
594.595032
1121.653564
674.747986
573.610718
703.757202
376.772430
573.744751
907.633728
518.637451
863.648010
399.813873
500.835999
1175.777466
1735.726318
959.876526
797.872864
1121.705200
518.725891
871.682617
843.544861
1291.755371
556.861816
443.746613
554.525024
755.911987
651.757202
984.670166
1652.571045
653.822205
1007.537476
1005.603821
808.691345
962.741577
542.744751
432.585388
1113.882935
212.913849
1011.676147
617.711121
817.562805
696.747070
690.840576
1056.542114
611.656311
437.631439
1486.665039
693.485413
650.778870
1321.569702
1007.790405
826.422302
563.807434
1333.807007
384.855804
516.000000
1006.846619
350.754913
382.905548
458.595520
747.546204
548.845215
1410.771973
905.790833
795.755859
1693.475220
741.749390
957.591858
1044.635132
598.724487
474.815277
410.833679
647.855347
1173.719849
1688.652588
1041.597778
1125.776978
1425.675659
592.874695
732.755371
824.584473
1034.778931
724.866882
565.859924
844.803772
912.709290
360.822174
1523.575195
822.713440
938.863647
267.795929
706.795471
1457.711182
993.776123
921.341675
438.958527
911.730530
1079.781128
604.757690
678.764587
1396.708374
581.828186
1109.874268
1399.815308
401.876526
599.814331
555.801880
670.482178
349.720825
171.756302
689.644836
629.580322
252.790390
938.480835
703.895874
1125.669189
1079.654907
202.794998
521.836914
645.832336
1167.866821
1280.646606
752.620850
678.545776
782.731873
870.694580
296.882050
826.718079
653.832336
600.654480
270.891266
1077.710205
445.818481
835.898193
1140.648071
672.748901
412.855347
427.772430
1724.633301
1983.485474
668.830933
751.843811
839.660034
432.812500
1117.734619
694.919861
450.715759
631.778381
1102.832764
428.934570
696.466980
445.808807
645.828186
347.677063
1522.640625
945.724487
852.712097
1202.570190
921.611633
1323.556763
986.466553
1180.757690
704.829529
227.789459
430.892670
773.742493
759.815735
1288.925415
542.722656
726.777039
1252.612061
1418.954834
798.287292
1194.585815
645.599670
1238.670166
637.618530
838.695496
890.788574
577.507507
938.770142
324.821259
875.578491
706.783936
2575.499268
350.752625
475.695496
2319.321533
904.933655
715.765503
510.737396
1027.786255
609.608398
662.822632
1594.756348
171.803284
1201.603760
744.674316
622.760437
1027.748047
1360.656738
593.924438
885.824951
1025.733765
305.810211
924.738342
387.752625
855.919373
757.619934
385.813416
1074.722168
434.727264
1013.740173
549.558228
648.855835
293.778412
352.895416
332.789001
409.900940
870.643433
702.765503
582.973267
421.787170
673.776123
630.655884
400.885742
2256.455566
620.831360
424.876068
768.832336
1082.708862
883.826294
732.782532
838.674316
545.596436
978.569702
2308.597412
599.586304
193.890823
706.783508
588.758118
858.813904
392.630066
529.897278
376.782562
476.817108
408.683502
332.501984
1379.845703
662.732788
188.854889
569.924011
554.671082
672.715271
525.757202
637.684875
589.929504
558.771484
800.758606
640.781616
1925.597412
222.763199
1563.628662
917.618530
1171.612549
822.865479
925.726379
954.783508
455.757233
1098.779785
866.718994
691.624084
607.810669
871.627319
315.792236
943.941040
558.918030
1227.405762
1104.881592
1053.559570
891.871033
1147.826294
952.542969
620.743835
457.957611
509.879761
359.705170
845.856750
240.931351
601.781616
838.448547
976.816162
1123.592285
811.848450
817.852600
1300.495972
251.899567
435.683960
923.650818
1316.459595
708.756287
438.851196
1105.575684
672.749390
787.745728
553.681641
202.742935
1867.592285
695.562805
947.488647
342.829559
1057.748047
389.756287
1424.685791
124.964531
570.552185
1497.809326
1722.370728
913.804688
323.702393
523.680298
484.976959
721.443481
743.788086
451.768738
846.618103
499.755371
735.831848
1135.671509
154.854416
416.495544
334.911102
841.574768
767.470215
524.742920
764.617615
160.799133
982.606140
1235.711182
472.888977
833.800049
516.657715
904.665100
472.649414
403.580780
735.746155
344.825867
465.781647
520.845642
735.876526
707.741089
1016.726807
1931.559082
500.505676
1169.632813
342.874695
846.726807
1463.863647
829.644348
805.750793
1048.744263
900.730042
632.758118
575.918457
581.797729
973.741577
1332.941040
718.844299
509.732788
1564.826782
278.757202
1544.252319
466.734650
721.943359
715.712524
447.964081
874.768250
1378.502930
546.840576
1149.757202
991.414490
858.902771
336.709320
718.725403
735.660461
1094.551758
1755.647095
758.439331
258.935059
1737.620850
391.592285
1222.747559
573.785767
1108.762329
239.846588
895.788574
725.883911
571.834595
989.817566
871.827271
1325.278564
713.777039
1310.689453
617.844299
350.800995
1503.595093
430.861786
1986.558716
382.774719
215.719894
1042.734131
677.731873
1176.613892
1409.816650
773.602417
973.784424
956.765076
801.491882
581.693176
1153.836914
971.857178
879.566467
1730.616699
1468.683472
366.613495
322.993103
578.745728
677.861816
505.690430
1415.682129
297.846130
662.783020
533.679810
665.692749
922.755371
517.724487
487.757233
1029.685303
383.824493
766.673828
611.653076
725.877441
558.855835
586.921204
919.639771
695.804688
1090.722656
839.898193
929.804199
839.659546
445.507050
889.616699
122.806969
1093.644409
981.596008
532.785767
898.752136
698.567444
368.674744
363.779785
774.725891
435.572937
960.700562
757.852112
1356.673828
911.776550
440.879303
456.677979
664.574768
1378.442993
2168.260254
1313.520020
1092.751221
748.773315
640.888489
485.799133
953.614380
480.644348
435.711609
2358.610352
332.691803
734.837402
834.641113
684.748901
3259.192871
1173.682617
787.726807
701.925842
728.684448
711.681213
1862.544800
543.878845
678.639282
79.866859
980.752625
811.843384
874.726379
754.647583
790.821228
1067.587646
1185.748413
552.745239
1450.721313
859.804688
806.792236
396.560028
1007.809265
718.835999
1876.590942
806.790833
1273.785278
483.769196
726.688599
1333.486328
590.863159
1524.474365
679.753967
947.832764
429.690887
1205.865967
840.636536
886.743835
507.624084
251.647568
647.809753
812.652161
1098.812988
1921.194214
200.730042
544.890381
1021.731873
455.816650
1006.666016
818.680725
431.818939
1325.710205
888.701965
999.734619
221.928131
686.706055
3996.576172
1045.809692
1061.410278
536.843384
468.742462
881.818481
787.780273
455.857178
1074.816162
819.578003
1083.865967
1135.604736
458.781647
1144.497437
1284.593262
695.714844
801.811584
673.836487
1008.805115
483.847961
323.941956
136.680283
443.934570
1687.363281
352.583527
1515.743896
1187.508423
548.782104
966.806030
875.745728
1330.395630
739.474792
404.769196
446.871460
1537.745239
1377.607544
491.863647
1171.783447
785.513977
873.707458
614.703796
379.848419
450.863647
553.824951
864.876099
765.735107
559.835999
435.687653
738.583069
951.800049
504.924896
877.736511
873.680725
1585.841064
604.568359
969.540222
1352.639282
490.810669
1911.628662
138.893585
336.542542
576.881592
402.748474
435.794983
1710.576172
1317.399292
554.785767
703.571106
940.466980
780.719910
780.592773
504.926300
1235.776611
327.742950
538.877014
1948.171631
667.707031
680.774719
835.736023
603.600586
901.734192
836.609314
715.664185
626.688599
997.835510
307.901428
529.653076
438.792236
2533.272949
1068.834595
898.820313
630.404785
384.708832
1038.800049
1409.649414
715.785339
876.671082
992.797791
932.634705
523.537476
560.605652
949.589966
854.653564
454.895416
1636.704224
1006.675659
395.830933
552.909729
383.920288
248.871475
1535.534302
1063.723999
556.891296
968.620422
490.845215
1072.625488
660.635620
1597.458740
364.734192
640.806030
508.859497
225.599197
773.885742
838.707947
512.626831
669.631897
795.500183
693.668335
1257.722656
185.639740
756.766907
813.756775
856.923096
969.744751
655.807922
441.554962
498.894043
526.753967
1011.806946
600.802856
395.913391
306.953003
404.778412
1025.670654
948.643433
710.613464
912.587708
596.856750
924.815247
1796.514038
361.860413
887.864075
1630.736450
542.844727
1339.783447
822.600098
793.889465
1077.749878
854.554993
1095.829102
1038.541138
550.861816
663.434265
553.776123
281.992157
1161.683960
718.815735
1117.905518
251.938736
462.770111
2567.478516
1251.847046
1451.730469
956.713013
760.925354
758.829102
819.750305
1477.407104
282.681671
574.664185
2001.357788
1078.805542
1280.661377
327.995392
587.998596
504.639282
901.915710
912.885742
846.657715
884.787598
758.717163
372.855347
1291.533813
2749.533691
1182.600586
740.847534
823.692749
351.701019
956.637451
718.772888
892.633728
849.730042
233.864563
483.809723
900.521790
1320.497437
1214.710205
608.677979
1106.801880
302.911560
750.559570
721.758118
696.667358
405.820801
504.630981
407.772430
827.934143
1096.683105
1689.332031
146.776566
542.693665
666.749878
1445.676636
441.833221
407.625458
1602.470703
645.842468
693.771057
1120.602905
705.881592
967.810181
531.797729
526.663208
778.621765
854.855835
658.884827
2437.291992
465.812958
1280.580322
1025.495605
688.809753
258.736023
2543.553711
1788.822144
433.242615
756.768250
594.531006
778.885315
593.858582
1148.689087
881.762756
1217.354980
1461.622192
411.631439
936.704224
930.710693
1205.713867
785.797791
2250.390869
706.789001
543.809265
464.622681
936.787170
389.712067
480.752136
1132.792236
506.842896
1086.855347
498.875610
852.757202
655.476196
336.896820
1500.431030
930.769226
1444.717651
712.697815
631.581665
514.602417
1017.788086
543.672424
670.622681
923.907410
1254.772461
981.693176
647.692261
912.677979
668.907410
461.667847
388.917999
412.808807
651.845215
1014.567444
1097.721802
598.890381
798.924438
679.764099
585.853027
952.742920
1379.554932
598.759521
886.740662
406.598724
800.536072
715.592285
607.589050
1254.611206
307.520416
699.483093
749.700562
1110.643433
603.960815
1024.646240
1131.588623
482.617615
769.739258
1267.700562
929.732361
475.761353
1130.654053
657.792664
929.872375
282.787170
1137.757202
481.813873
496.750305
685.859924
793.836487
381.797302
398.931366
1044.810669
410.760895
1056.516724
566.880249
993.660034
1119.554077
940.601501
483.845215
863.729126
554.804199
804.875610
551.872864
431.959473
774.717590
594.783020
579.793640
871.481262
144.776566
344.770111
661.921204
799.491882
438.722656
582.811096
1112.707520
911.309448
828.868713
1728.731934
822.864563
1067.612061
211.857193
1688.388672
877.629150
1175.846191
992.638794
116.695023
464.671082
1127.226563
584.733276
779.752625
1413.586792
1039.858154
743.662292
818.757690
683.683533
685.758118
416.912933
827.777039
1463.256958
626.838318
905.849792
446.871002
615.838318
716.630554
3335.240723
686.835510
1265.636963
1614.546631
295.781158
776.754944
967.713928
906.460510
1028.514404
313.774719
698.826782
841.773315
289.866852
722.568359
746.892639
1281.639771
359.941956
515.864075
1196.721313
398.728180
477.817566
617.522278
716.197021
903.757690
896.736511
694.814331
489.851196
499.818481
973.713440
991.541138
1470.461914
414.732330
657.909729
439.664154
1200.665527
696.913879
1257.924927
997.608887
762.794067
1062.711182
1241.691772
1268.742920
2469.560059
681.729553
264.796387
672.818481
1359.819458
1019.721313
880.912476
904.853516
1134.845703
392.525482
297.940582
784.747070
284.834625
1314.539795
989.718994
327.666931
1180.518555
879.778870
788.735107
671.530579
512.656799
1285.642456
375.883453
1303.799194
894.877014
745.797302
1226.713501
830.520874
769.456848
626.608887
930.749390
1123.825806
528.734619
1067.649902
1376.718018
1020.775208
595.626831
376.689484
966.701477
957.675659
960.584900
549.787598
740.522705
673.431519
726.786255
609.608398
1120.761353
315.807892
1550.771973
656.864563
618.826294
720.806519
1046.717651
466.417236
688.839233
1659.733765
713.774292
1157.342163
770.696838
669.531006
710.859009
1205.612549
484.670135
900.732788
1007.727295
199.789001
711.917053
724.852600
851.765076
940.906006
876.736511
1080.799194
575.920288
695.855347
979.760437
808.785339
536.797302
530.799133
504.729126
673.736511
1275.434692
1101.669678
746.658142
703.600586
502.652191
1003.493225
1383.726318
523.799622
690.835510
644.894531
919.833252
848.692261
767.782532
1044.879272
557.881592
387.906494
671.994934
1010.666443
855.746155
520.813416
630.859924
558.767334
397.728668
646.697327
243.877457
866.929504
331.804199
752.625488
423.718506
776.630066
836.937805
1321.750732
782.665527
212.799133
736.768738
582.819397
1570.380859
1049.810669
970.796814
381.689484
769.801880
465.630981
1239.634277
354.809723
776.650818
2575.470703
625.721741
355.928589
656.726379
291.836456
1843.568848
376.780701
436.985718
511.857635
446.668304
634.652161
440.764130
574.844727
362.802826
728.696411
1928.475708
880.832764
586.816650
1022.583984
955.676147
622.781616
1239.503418
590.703308
991.602417
856.674744
255.676590
1586.734619
611.828613
812.610718
598.784424
1478.554932
1823.806030
1256.746582
1070.729614
875.707458
611.721313
1098.703369
520.659119
527.873291
781.981140
235.900024
981.625000
1710.709351
901.762268
459.727264
1464.635620
778.610718
584.720825
467.865021
677.718079
1116.720337
407.677521
1066.576172
874.815735
961.677490
880.647095
830.898193
493.845215
1365.843872
1331.804688
762.917542
577.453613
1058.573364
1008.671997
662.750793
717.588135
668.631470
575.683044
1059.658691
921.630066
1238.911499
374.903259
688.824463
723.443054
678.906006
932.645752
1098.559082
1391.208984
1097.520386
509.759521
574.823120
1041.511719
2126.586426
1217.664673
1426.727783
1019.904663
1148.397827
862.710693
1118.437500
596.779358
631.712097
1300.531006
701.777954
1361.800537
584.492310
230.575699
704.802368
336.915222
570.794556
921.855347
762.859009
784.816650
1196.766479
1291.748413
1740.549927
701.746643
1233.697388
1215.668823
1495.508911
648.667358
737.712097
1002.765076
685.898193
576.810669
735.833252
761.871033
685.774292
700.765076
833.633301
826.858582
473.860413
496.734650
797.718079
786.582153
1978.470215
694.815247
1179.643921
595.838745
1398.475708
1122.663208
546.768738
203.667389
1813.551270
324.828156
732.715271
640.598755
350.595978
814.827698
443.707001
811.769653
1157.682617
829.813904
393.869171
988.829102
737.757202
391.821259
1013.658630
738.660034
1095.707031
651.722229
293.642975
445.820343
596.000000
651.745239
1263.589111
396.610718
868.736938
1080.809326
791.767822
1474.676147
596.919373
1516.527344
1005.825867
988.733276
720.587219
1399.762695
684.868713
798.726379
825.853027
1158.683960
82.826782
1342.459106
289.859039
703.826294
827.872375
1281.712524
690.845642
1009.657715
353.777954
945.822205
1498.827759
775.724060
368.767822
1155.908325
561.817078
820.752625
1135.581665
1113.785767
770.830933
1280.561401
2167.482666
963.814331
1950.512573
874.711121
647.856750
1187.583496
1952.685303
1617.487305
804.515808
811.691772
755.667358
541.938721
443.817108
722.863647
191.775650
489.739716
769.781189
841.753967
1292.855835
990.781189
620.722229
757.813416
662.490479
1001.718994
1038.732300
530.804688
1000.485413
424.960846
380.858124
1863.660889
313.743408
593.629150
446.788544
950.374817
1193.692749
527.708862
1521.654541
388.788086
871.723145
1498.802368
1251.619507
778.814331
878.653076
364.940582
703.855347
658.581665
668.747986
1061.824951
715.589966
852.786682
502.878845
677.843811
856.830933
509.839691
742.660034
394.863647
778.669678
1778.491821
346.725891
817.810669
483.602417
674.568359
747.680725
960.778381
287.923981
432.644348
1215.775146
992.660034
1085.847534
811.494629
564.539795
854.438416
871.767822
684.624084
480.482635
385.710236
1084.720825
751.610718
1408.785278
763.839661
967.645752
953.702881
864.754944
751.590454
1142.740234
539.924011
519.606140
717.774292
704.723572
689.874207
2122.406250
450.753998
795.747070
598.826782
737.842468
1574.677490
482.776581
421.843353
527.796814
571.732361
514.596924
1399.605225
1627.589966
2573.619385
734.627319
492.719452
307.786255
1281.613892
463.691803
424.846588
617.914307
1041.620361
1593.607544
258.860870
380.515350
896.682617
816.718994
462.800049
1198.829590
441.741547
1216.754883
481.748474
1270.528198
1204.694092
794.693176
685.744324
594.884827
670.868225
640.796814
867.650330
1230.794067
938.554504
424.785309
2574.420898
499.666931
882.400208
765.731873
612.734192
783.704224
781.654053
712.818054
2302.525391
893.724487
662.829102
1321.896851
1180.839722
359.784851
1279.641602
1089.707031
1450.690918
789.586792
399.484955
586.820313
731.636963
605.742920
694.702881
576.861328
784.652649
1700.773804
514.948853
1509.895386
1130.674316
833.721313
211.867325
1033.729614
643.871948
889.645264
597.829529
398.926300
1055.562378
479.709778
617.679810
692.879761
528.886230
763.626831
1221.768311
941.841980
883.620850
526.609802
597.828186
809.728638
691.742920
1019.613953
1146.788086
294.860870
667.681213
1406.371582
1445.698730
1419.450439
1621.576660
782.820313
1019.803772
720.816650
1752.567017
2135.642090
1349.631470
976.740662
1090.729126
554.632813
1992.291016
1082.707031
574.939209
778.759033
688.790833
893.628235
649.914307
758.613037
515.872864
296.484955
1345.826782
1206.831421
1095.639771
523.896790
454.594147
738.913391
771.716248
958.653564
702.822632
252.660477
623.853943
921.745239
648.832764
321.780701
3751.269775
767.818970
563.847961
777.745728
432.912476
566.806519
793.630066
540.580322
1032.705200
505.794525
831.860901
1318.577148
669.888977
1057.746582
1088.821289
208.776108
835.811096
983.645264
393.671539
974.869141
879.777466
551.888977
973.671082
648.544373
1073.734619
243.796371
900.585388
1031.603394
785.721313
837.720337
1848.813477
994.768738
403.853027
998.655884
1277.882568
1299.866455
1270.747559
485.642517
1055.643433
555.706055
1475.392822
1587.795410
609.695007
886.597351
714.737854
681.834595
1927.533813
1054.573853
739.717163
943.721741
563.696411
676.815247
707.578918
1245.698730
708.875183
540.566040
617.774719
515.843384
744.578003
502.756744
637.759033
582.640198
693.849365
1355.656372
797.690857
396.861786
707.715271
534.812988
634.760925
478.921234
433.694092
762.699646
935.803284
1041.716675
367.757690
838.601990
924.854858
692.791748
855.402466
1171.487305
1193.627808
1686.559082
1001.735596
1063.677002
607.780273
737.614380
664.836487
514.531921
1097.537964
458.707916
539.699646
836.728638
985.882080
541.723145
407.855347
586.702393
1174.700562
732.734619
450.819885
1019.620850
523.607056
304.818939
1033.873291
650.734192
1375.595093
698.775635
735.746155
1740.756348
597.818481
1460.593262
486.770111
1173.678955
668.827271
719.690857
1285.686279
513.860413
416.649414
943.747986
1153.530518
700.507996
872.891296
1458.458740
813.604248
1051.502930
838.678894
943.467896
701.614380
1016.794556
1136.744751
1227.762695
342.601044
919.852112
1155.770630
738.658142
509.720367
918.724487
664.769653
296.688110
1034.737915
918.783020
1345.575684
476.808350
393.921234
906.566467
523.871460
962.667847
839.756287
634.692261
1145.628174
1598.801880
283.413086
1396.718018
947.688110
738.830933
762.569702
890.600098
965.360535
1294.633789
480.818024
704.459595
528.821716
1407.360107
595.782104
374.956238
675.818970
505.864105
530.679382
1445.612061
651.853943
1139.573853
303.625458
494.763672
555.594604
952.506592
1466.639771
774.644348
543.786682
1070.801025
779.554993
1138.582153
818.630066
564.769653
870.735596
839.835999
483.835999
912.820801
889.798218
732.716675
1011.507507
1027.705566
992.826782
903.575256
1779.246826
965.171204
1466.688599
1117.727783
396.759064
668.772888
1161.613892
700.722229
1132.656372
879.554504
1172.789063
642.904663
394.796387
304.850739
1029.693604
406.696411
1065.385498
618.717590
1022.405701
1917.292847
1256.757690
1141.728149
1886.598267
534.864990
1031.724976
587.884827
732.895874
1255.600586
1206.629150
931.647583
343.863647
729.849365
722.824036
1117.768311
391.986176
481.840149
842.828613
547.908325
1179.938721
1218.839233
1966.726807
242.669678
937.836487
374.723572
1233.722656
556.802368
631.629150
661.843811
734.859009
526.919373
894.722229
983.774292
1274.414063
617.786255
846.711609
892.694092
345.839691
536.750305
706.742920
449.732788
948.703796
427.661865
1155.568359
834.669678
1171.467407
840.747070
667.649414
654.784851
1099.297852
1796.564697
853.727295
711.944275
862.874207
1119.828613
939.687195
891.627747
311.756744
1240.830444
776.542053
582.849792
804.915710
831.802368
945.711609
539.748901
831.777954
136.788086
871.695923
1048.776123
776.650818
837.806519
198.783936
1371.634644
816.752625
929.876526
462.579376
950.774292
438.806061
815.525940
696.835999
1048.608887
427.721741
574.759033
576.810669
954.801453
754.396057
1580.655396
621.753540
1063.318237
878.781616
686.793640
596.673401
1277.876099
613.838318
721.760437
817.689941
833.877441
657.620422
335.651245
632.658142
1439.705566
821.742493
454.750305
457.878387
1175.858521
1116.806030
875.685364
887.767822
1394.503784
1147.352295
1148.731445
447.759979
1094.613892
789.780701
1019.802856
933.783936
1724.527832
764.758118
628.817139
816.799133
633.823120
767.827698
618.927185
862.413513
1335.465088
690.654968
983.543945
860.763184
664.806946
648.821716
680.587708
209.806046
838.750305
1166.734131
1472.531494
658.727295
930.457764
1059.673340
1060.799561
1191.807861
775.840576
646.574768
1600.782104
505.704712
1350.640625
634.855835
831.680298
598.853943
540.688599
693.738770
1141.699585
420.756744
432.884369
493.733276
1059.607910
787.766418
2504.441650
1771.541626
613.768738
459.784393
1065.754517
634.848450
1303.751709
1233.911987
1271.792236
1181.659058
245.903259
297.743866
736.725403
1028.645264
341.767365
358.933197
765.684875
764.873779
1093.939209
334.813416
456.742950
1971.764160
618.884399
841.620422
1183.899170
2508.171143
705.755859
534.811096
385.549438
521.554993
459.917542
324.724060
523.741089
837.748901
743.676575
853.702881
1069.638306
755.733704
271.841980
194.894501
965.831848
385.492310
278.813416
495.794983
876.856262
815.823547
956.551270
575.780273
388.831848
1309.479370
989.782532
1014.680725
906.807922
730.550354
754.757690
441.809723
1164.765991
537.681641
1539.407593
740.765991
252.824020
1551.416748
772.544861
928.688599
645.654480
870.909729
527.884827
714.726807
1559.663696
704.553162
625.528259
1441.514404
844.549438
1147.831421
481.776093
977.634216
1302.876099
1108.877930
364.851654
642.758118
1035.576172
1202.829590
564.926270
817.783020
1814.676147
1190.848389
1064.899170
879.758118
542.707947
464.845215
1767.587280
1002.787598
999.687195
1138.558228
728.363342
370.700562
370.910614
481.800537
587.760925
771.859497
467.812042
586.880249
266.784851
976.735596
644.721741
1119.690430
1541.666504
700.606140
491.748016
765.504761
1409.850342
752.734619
1241.701050
880.719910
554.686279
1491.613037
1083.533813
1419.661377
535.803772
787.709778
606.413513
560.724976
994.765991
482.679810
323.809723
450.777039
863.759521
577.813416
229.627762
493.744324
1183.730469
1005.730530
653.882996
396.628693
637.878845
706.911072
424.604736
962.668762
622.864990
734.933655
791.916626
724.817139
726.688110
1134.584961
916.793152
132.871933
888.891296
1256.869141
833.765076
775.628235
1070.729614
1951.589478
463.850281
896.819397
661.722229
633.853516
502.787628
677.792664
1869.592285
1497.563232
632.637451
734.626404
1811.594604
494.693176
260.841980
495.658630
170.789932
343.868713
546.786255
583.791321
442.876068
359.849365
595.830017
531.768250
324.880219
1864.680786
256.885742
810.702881
697.562317
492.722198
842.824951
614.908813
464.907867
689.766418
909.612122
1192.708374
647.724487
712.840576
1426.581665
632.801880
357.836456
271.863190
418.785309
697.783936
456.845673
900.503357
463.894043
770.454102
396.811127
707.883423
907.724487
1186.430176
798.896362
501.809723
627.858093
480.881592
593.829529
966.756287
518.939636
655.763672
377.743408
853.800537
282.798218
386.849365
714.660950
927.747986
858.561401
1717.574829
600.751221
281.901886
1227.555908
738.766418
526.897705
930.701965
1291.710205
979.776123
363.868713
2635.448975
1299.611694
759.604736
613.842896
1003.611633
729.705139
2237.708008
523.690430
1075.667847
951.665100
515.703796
927.716248
692.596436
1028.747559
902.682617
889.921204
879.666016
431.872864
747.899597
918.634705
762.572021
2167.676514
808.853943
592.599182
766.812988
663.799133
580.779785
856.528259
721.828613
205.861786
980.494629
480.777496
1233.624023
478.696411
662.761353
806.763672
425.609802
1514.731445
621.847534
614.186401
973.641602
390.839233
687.776123
493.742462
762.928589
2397.520020
1021.736023
486.915222
855.845642
1087.778442
537.613037
651.816650
675.873779
772.278564
620.768738
381.843353
839.858093
619.808838
830.634705
418.793152
679.774292
510.717133
777.744751
924.631897
773.722229
736.534241
365.760895
410.507538
1103.425537
1099.701904
1179.729980
889.562317
831.724060
887.874695
628.841980
542.718994
2584.249512
706.697327
659.751221
421.894043
817.766418
756.639282
693.799133
606.710693
451.715759
552.829529
1252.494629
755.729553
499.647125
1088.808350
604.853943
771.814331
712.735596
867.624512
481.795929
877.634705
2168.559570
792.856262
377.952545
1771.743408
423.712524
811.661377
1051.785278
1125.834595
900.641602
822.743408
322.866852
1014.819397
1079.811523
955.830933
729.864563
1175.869141
1141.878418
815.759033
814.885315
412.830017
232.704697
689.600098
710.856262
818.688599
1201.794067
1050.733765
1345.615356
527.807922
1197.431030
400.636505
429.789459
1145.749390
1126.535156
1394.433350
910.742920
692.800049
577.630981
853.697815
622.819885
719.706543
1061.655396
1907.580811
1030.632324
1129.732788
2161.618896
320.819397
645.746643
610.679382
626.935974
1014.835999
1290.766846
900.618103
889.673401
966.532837
1439.794556
959.499207
2531.522217
697.679810
564.417664
412.972809
1177.587280
478.783478
441.919830
796.832336
901.594116
876.777954
423.860413
1044.760498
943.780273
950.360535
865.747986
366.975586
502.815735
380.588593
711.708374
825.623596
882.767334
586.779358
1260.780762
511.756287
422.897278
348.902802
775.819885
1400.750366
848.720825
532.614868
772.809753
727.782104
1282.678467
750.482178
669.765076
535.743835
656.931335
1416.640625
538.683044
1165.481689
602.861816
1012.731873
1132.716187
813.695496
636.841553
576.794556
575.695007
821.727295
1083.752563
1302.776123
1083.781128
385.869629
514.739685
287.767822
737.840149
573.891724
376.633759
349.859039
484.759521
630.785767
438.831390
1056.759033
547.821716
642.832764
1238.686768
763.935974
707.855347
603.873291
859.888062
578.777466
687.753540
833.847961
821.793152
621.781189
972.441650
616.795898
497.798676
920.858093
856.578003
768.872864
401.788544
566.870544
1095.629150
1902.726318
1254.391846
840.749390
835.760925
1136.722168
514.946106
603.819885
821.607971
533.773315
1256.754028
552.665100
934.762268
482.654938
466.769653
1003.503357
279.577545
1105.738281
1538.689087
335.699615
953.666931
853.714355
500.541626
1073.698730
306.615326
644.748901
1885.622681
365.678436
663.761841
491.594604
871.615784
589.605652
371.841522
484.974670
866.639282
789.930908
747.546204
426.725891
2051.437988
1323.585327
479.870544
710.738342
316.783478
743.690857
478.848907
533.724487
487.767822
503.856262
701.884827
1258.753540
1134.741577
664.659546
1340.809692
1674.310303
636.619019
859.754456
441.696411
1098.687622
977.652649
888.507996
692.845642
1714.368896
761.750305
1056.713013
1140.851685
1461.594116
524.663208
328.714844
809.744751
415.805115
492.621307
515.704712
955.644836
1033.370728
604.810669
640.768250
634.831848
709.584900
655.886230
805.901428
486.821259
1149.879272
1069.000000
827.929077
770.763672
1085.722656
1225.736938
404.918457
550.934143
1409.699585
316.823090
627.696838
1051.671021
684.759521
830.713928
1519.713867
675.877930
788.859497
609.800537
674.474792
251.876068
391.581696
1088.884888
1444.663208
629.786255
1076.948853
755.576172
460.713440
565.643433
656.770569
622.901428
1319.599609
896.850769
967.603333
692.800049
2318.432373
1917.583984
644.596924
200.802368
1152.276245
545.993103
894.559143
670.799133
726.714355
554.928589
647.783936
739.590454
871.747070
696.772888
1129.814331
653.709290
1103.795898
1370.715332
496.826782
1327.563232
962.904663
641.767334
874.845642
935.761353
1518.622192
920.639771
962.841553
912.498291
1227.814331
1596.684937
1202.801025
767.918945
792.645264
1116.679810
861.569275
219.755829
1287.826782
661.970520
431.733276
624.830933
795.644836
648.867798
524.715759
1072.680298
622.597351
1344.592285
415.625916
1004.705627
338.716675
889.631897
395.691345
909.877014
1046.463257
407.768280
757.701477
544.785767
1232.602905
409.756287
1183.651245
1028.737427
1227.820313
1477.645752
616.830017
724.839661
520.868225
542.784851
592.769226
438.734650
438.843353
363.911102
879.866882
1744.297974
751.721741
656.877930
605.655396
308.865479
504.532867
911.656799
1198.703735
412.840607
917.627319
1426.507080
180.688110
658.851685
650.865479
834.903259
927.882507
1131.535645
782.703308
1505.618530
1028.772461
514.881165
1889.404785
870.669678
826.330627
1262.474854
528.763184
552.786682
961.421387
729.764099
255.845215
898.000000
2064.401611
794.724060
1049.586792
1128.644409
628.721741
510.891754
517.694092
688.673401
875.725891
529.753967
493.794067
1195.686279
787.647583
769.783508
554.835999
317.786713
479.789001
1019.640686
544.715759
1452.574829
598.766418
1191.718994
1181.640259
486.887604
668.819397
529.799133
1008.778442
641.895874
2038.625488
956.817139
979.775635
1002.434753
431.834167
893.670166
1095.348633
435.888977
291.946564
1280.695923
808.656311
788.725891
892.692261
735.654053
951.805603
901.888062
1074.689941
868.656799
763.769653
550.769653
1556.618042
654.589966
430.796844
707.604248
782.516724
988.794067
878.949341
667.880676
402.876068
633.668762
2138.534180
1243.776978
950.697327
1426.443481
730.753967
182.825867
829.605652
523.843811
418.736023
582.741577
845.570190
417.787170
684.798218
209.987106
809.904663
562.946106
677.793152
851.668762
683.683960
729.888977
2041.738770
1498.583496
595.770142
873.805115
406.746155
964.651245
568.795471
636.839233
520.824463
899.658142
2002.423218
552.516296
630.685791
1136.483521
706.690857
965.907410
1938.623657
1158.853027
585.718079
462.793152
1091.766479
603.568787
742.683044
1172.780762
823.700989
815.688110
1132.707031
475.592285
163.772873
2336.439453
1035.664673
431.928589
1115.825439
792.798706
818.859497
875.544373
1285.720825
930.766418
793.810669
438.616241
829.591370
385.706085
1058.773804
815.732361
874.937378
789.872375
295.888519
539.858582
866.503357
245.903717
649.713440
647.681213
328.806976
725.634216
681.847961
670.983398
1738.660889
725.812500
1307.644409
953.837402
497.751221
342.909241
724.600586
1335.713867
1230.327393
1401.764648
748.697815
575.819885
661.769226
575.856262
886.602905
593.677490
1379.620850
599.758606
345.841522
672.699646
539.799622
845.695923
752.391418
666.792236
674.604248
776.779785
694.824463
1250.704712
786.884827
788.838745
919.915710
1083.835571
509.891754
1403.620850
1120.827759
985.833679
215.700546
546.560974
1014.771973
758.638794
728.860413
2780.321777
919.638794
418.772888
1678.622192
887.699158
574.751709
1337.815674
1035.519043
857.765076
415.797302
636.803284
1230.520874
1703.482666
612.514893
1859.520020
929.785339
837.721313
1760.625977
556.801453
365.746613
941.572021
348.886200
327.842438
1150.782104
957.724060
599.925354
1363.819824
781.755859
1020.671509
1422.531006
486.785767
1215.487671
398.783020
473.779327
783.690430
796.689941
629.939636
748.750793
660.883911
1894.581299
415.903259
1367.420044
756.797729
415.880219
668.694092
922.931335
1548.357300
1253.739746
1043.783447
582.806030
884.792664
651.799133
1108.475708
1491.542969
1056.729126
562.677063
799.703796
482.818939
644.841553
859.647095
512.936890
1661.658203
627.837830
1353.849365
720.941040
273.864105
492.755829
1978.532837
516.838318
485.588135
681.683960
1520.588135
713.588623
616.809265
953.572937
848.906006
750.797729
1047.460083
647.444885
710.836914
386.871460
1097.822632
579.864075
3517.349121
495.900482
590.700562
3082.279053
485.839691
763.721313
1371.645264
1196.825439
872.531006
136.859024
709.834167
569.744324
732.857178
560.869141
641.805603
1258.814331
539.638367
628.776550
794.776550
1376.812500
1433.513550
404.804657
1499.597412
479.655396
773.787170
415.995850
470.981567
860.625488
346.779327
795.804199
995.670593
499.803284
1175.634277
701.878845
489.827240
815.885742
1259.791260
824.549438
763.824036
1047.592773
505.790863
498.975128
751.904175
1459.839722
831.928589
726.812500
791.557251
838.681213
258.657715
664.857666
722.712524
2033.672485
662.666931
398.821716
817.710693
1100.739746
568.745728
251.790390
966.862732
636.325562
717.666443
598.772888
1347.471558
694.675232
660.862732
827.722229
562.659546
1045.732788
1296.340698
618.770142
509.815277
1089.630981
1504.496460
947.683533
764.413086
836.631897
695.622681
852.580750
502.800049
807.809265
854.714844
370.829071
337.742462
513.794556
649.692261
1536.723145
524.729553
298.927216
701.848877
930.822205
963.768738
410.740173
351.722198
540.837402
415.828613
819.929077
932.666016
393.844299
1803.495117
309.849823
1174.609375
756.554504
411.878845
1653.471558
597.753052
1645.551758
333.525482
1753.507935
433.835083
542.924927
1330.693604
397.839233
771.649414
552.798706
577.734192
808.714355
396.856720
782.758118
474.801453
358.919830
890.897705
756.658630
682.633728
1823.672485
1047.717163
446.778870
1598.680298
426.851654
924.762268
1212.763184
451.658630
639.640686
1034.700562
578.765503
916.737427
266.706085
513.702393
1227.549927
537.853943
688.684448
569.820313
670.624512
376.544373
1588.480835
623.776550
1006.597351
342.780243
293.681671
1233.626343
721.690857
1002.911560
1113.348145
284.489563
1174.459595
493.820801
343.764130
835.812500
1286.773315
915.644836
571.715759
1047.910156
732.795471
522.860413
769.753967
688.703308
319.838745
838.619934
890.775635
1018.549011
776.714355
389.804657
382.812500
1678.703369
586.675659
527.777039
1133.480347
891.720337
278.812042
359.913391
934.801880
1144.769165
744.774292
723.818054
1509.648071
664.911987
761.721313
765.540710
547.499695
842.809753
535.704224
795.714355
620.833252
782.775208
710.718079
571.880249
511.863647
1097.889893
401.778412
676.861816
402.845215
595.798218
401.694550
516.703796
822.768250
837.657227
507.902802
297.783020
698.445313
865.678894
323.833679
966.812988
906.628235
1105.868652
426.643890
648.686707
827.852600
434.607025
866.797302
407.900940
1118.667358
905.812012
735.755859
513.888062
557.808350
776.683533
535.847046
787.821716
1460.554932
1361.743408
579.750793
1002.747559
916.595947
874.800964
571.679382
390.776093
720.828186
410.785309
1152.437500
731.658142
416.677521
937.653564
922.747559
295.931824
941.166626
1510.462402
444.798218
391.725891
380.860870
316.741547
1623.508423
673.607056
1126.554932
420.890350
757.708374
633.809753
1221.650757
803.623596
236.661392
582.904175
466.688110
415.639740
492.629608
394.718048
572.969116
857.659546
1127.792725
1198.763184
913.706543
1208.541626
1320.669189
847.819397
238.793610
600.878845
833.447144
1950.630493
662.894043
704.658142
623.724976
483.624542
574.677063
477.778870
702.602417
1070.686768
555.721313
401.662323
961.728638
1053.806519
712.898682
801.523621
858.874695
734.784424
1270.589111
760.866882
890.913391
582.633728
2022.636108
268.794067
565.731445
868.878845
815.835510
1022.756287
1101.663696
619.356445
471.795441
565.923096
1133.599243
639.771057
158.751694
727.884827
762.787170
1340.654907
583.000000
830.729126
467.621765
797.542542
536.454529
384.736023
931.633301
1546.840088
1001.611206
1613.758179
447.871918
174.929062
921.691345
734.724976
592.764587
901.695007
232.661850
540.797729
674.830444
271.984344
1141.710205
832.855347
474.724518
451.870544
932.801880
669.796814
876.759521
723.759521
979.825378
705.843384
1007.815735
1274.629639
679.756287
355.707916
587.826782
860.735596
157.977890
524.900024
592.624084
600.688599
1143.750732
1019.629150
668.683960
1359.806519
755.686707
613.792664
979.689514
745.740173
633.722656
808.935974
901.660034
685.828186
1292.609741
544.684875
1197.564697
836.727722
633.672424
1070.860840
915.782532
1407.598267
995.709290
1049.703369
1014.863647
944.501526
552.716187
525.775208
411.738342
719.897705
561.791321
187.930893
722.760010
1078.810181
480.737854
1075.850220
829.752136
964.739258
991.854858
758.780701
494.804199
142.823090
1038.746582
903.878845
358.919373
2021.523682
1055.627808
554.864075
1197.413086
794.842468
1395.669678
217.867783
482.607483
691.750305
673.772400
1116.692261
670.851685
768.726807
1022.819397
225.802826
674.871460
1055.807861
857.713440
782.906494
344.822174
703.888062
515.806519
1263.701050
1108.872437
817.755859
870.292847
196.940567
955.631897
1229.473389
326.757690
859.707031
1008.789490
2427.323242
758.855835
428.660004
1308.664185
1435.836914
768.843384
391.542084
794.629150
490.610260
726.789917
961.577087
394.777039
550.738342
1360.651245
1172.781128
783.687195
389.915222
958.805603
746.821228
895.676575
1044.629639
2353.390137
836.736023
583.706055
788.587708
290.940125
674.380859
723.689026
528.724487
918.588623
1021.657715
301.839233
673.552185
2108.640625
563.753540
358.885284
640.766907
779.712097
674.768250
682.654480
906.543457
1371.738281
1346.723999
268.707458
779.875610
1164.639771
1652.619995
853.755859
481.819397
903.844299
690.755371
565.558655
1069.766846
930.681213
799.888977
808.790833
457.757690
768.826294
648.812500
285.796844
1175.789063
726.960388
700.816162
578.856750
1021.756775
541.430115
900.778870
1412.656738
520.774719
836.595947
527.883911
505.704712
701.824036
347.670593
399.740631
233.842911
510.710236
342.874695
446.757233
1012.687195
549.831848
816.655884
431.835999
457.730499
1180.780273
497.760437
663.804688
1122.542114
1282.771973
769.642517
886.776550
422.694550
869.847046
1037.788086
500.797760
1086.909668
1847.760010
772.850769
783.661865
640.867310
575.874207
605.843811
1110.534668
1412.526001
892.935486
581.874207
644.867798
676.643433
504.866852
1290.742920
1525.472046
307.787170
595.921204
1544.256958
425.559113
323.738800
675.664185
909.802856
337.784851
1262.865967
746.804199
1623.612549
297.731415
595.696838
329.754913
551.601990
651.859009
503.754913
864.851685
1928.564209
500.935059
952.800964
466.815735
842.814331
1363.823975
569.949341
555.884399
528.851685
459.770111
486.513977
937.704712
483.799133
928.762268
1608.366089
1109.666504
1093.792725
491.759064
511.824951
796.595520
1870.650391
1541.729126
306.647583
959.617615
594.687195
2077.646729
887.869141
303.617615
354.790375
443.809723
727.621765
418.899567
838.625488
642.753540
545.743408
1517.570190
511.877472
682.941956
732.833252
806.760010
784.700989
687.500183
1211.342651
274.607941
161.808807
1398.604736
538.815735
1169.855347
722.812012
781.847534
483.604736
556.723572
929.374817
1721.420898
592.786682
502.752136
1091.892212
1015.841553
831.869629
165.967285
465.848450
795.897705
347.867798
412.923981
1052.757202
1220.536133
873.719910
1021.570618
821.671997
262.900482
543.905579
530.663208
472.684875
445.972351
822.662781
588.761841
500.685364
1331.663696
523.808838
513.762268
431.626831
511.856262
569.826294
345.428741
533.628235
1003.843811
1216.676636
1378.823608
517.795898
814.679810
815.920776
875.632385
1247.637939
1550.450806
403.752625
590.778870
442.712982
547.802856
922.609314
561.465149
964.550842
664.864563
490.853973
999.876099
266.693176
532.812988
473.701477
780.651733
274.639282
1057.481689
807.768738
1265.771484
744.833252
466.805603
980.734192
592.973755
358.901886
834.718079
659.780701
736.740173
299.582611
447.711609
947.496460
1021.821716
770.696838
976.675232
881.994446
1343.775146
754.627747
445.566956
337.000000
1403.801880
637.676147
394.546692
720.841064
1354.535156
811.734192
779.847534
473.744781
639.670593
1070.738281
679.972351
1292.854370
1095.653076
727.753540
797.677979
1053.805176
618.827271
808.882080
516.617188
675.722656
967.485413
579.833252
1797.554077
1338.631470
564.788086
853.601501
2727.437500
1839.870117
1103.627808
1067.766479
667.721313
721.853943
360.725891
655.840149
518.775208
864.863647
1390.595093
149.717590
979.721741
442.781647
526.574341
1236.663696
887.766418
728.665100
558.813904
810.636963
560.716187
893.784424
566.757202
572.764099
811.807922
1067.589966
893.589539
2180.436523
1108.903687
1095.723145
569.795898
924.735596
714.729126
1507.661865
747.786682
724.814331
901.840576
735.744751
1461.691284
1536.716187
954.890381
440.895416
1315.583130
644.859924
1165.703735
882.861816
608.588623
523.556335
792.803772
976.793152
110.895882
498.791779
815.208069
801.652161
376.800537
906.791748
1049.741577
606.814331
539.827271
716.782532
2386.285889
696.767334
633.830017
308.805603
992.722656
378.674286
1009.707031
567.762756
846.819885
843.745728
904.740662
382.662781
528.830444
1123.595947
813.837830
644.787598
1267.607056
737.653076
639.703308
1006.889893
854.949341
630.834167
386.892670
553.870544
942.686707
1328.584961
2231.463379
704.725891
514.700562
800.749878
808.887573
594.790833
558.731873
610.862732
782.878845
927.700073
558.754456
1705.722168
707.825378
993.854431
1089.467407
683.844299
831.682129
553.926270
806.855347
510.669678
197.788544
700.747986
1321.710693
970.657715
979.580322
629.763184
776.902771
517.803772
684.805115
468.703308
882.861328
901.657227
656.567871
1514.692749
878.723572
866.964050
461.871918
461.698242
2643.495605
1488.657227
634.808350
851.636963
526.503357
561.841064
495.689026
750.874695
356.831848
1813.596436
1136.701904
911.553589
969.734192
410.725433
510.910614
857.741089
789.872864
408.884827
1390.827271
338.926300
838.815735
759.778381
263.946106
1082.689453
521.894043
859.700562
350.761353
752.759033
640.893555
922.829529
290.781158
720.682617
475.874237
662.506165
924.712524
951.705627
607.871033
453.788544
1006.806519
909.734619
1544.423218
371.963593
488.840149
720.785339
511.752136
1282.696899
605.784424
768.812988
865.741577
832.775635
718.861816
565.740173
1423.666016
968.774292
1362.540283
620.760010
1160.813843
682.939209
625.693176
363.897736
517.769653
727.886658
558.905090
1202.782959
1165.577515
1248.761353
266.907410
229.623611
691.795898
685.760010
1029.805176
636.824951
901.616699
477.992645
1772.000000
962.853943
323.801910
727.712524
1940.685303
998.783508
328.779327
581.781616
872.790833
801.450378
572.626831
838.616272
1016.682129
604.761841
2023.742065
799.720337
1471.735107
484.797302
1000.779785
712.712097
391.538391
467.835083
518.901855
1309.842896
1558.576172
565.853943
1157.734619
948.725403
916.761353
975.470642
395.800049
411.828613
289.749847
932.753967
1146.823120
1349.484009
1985.701538
398.842896
337.891754
632.759033
1174.812012
740.718079
1269.560913
1209.671509
575.835999
1221.834106
1343.461914
244.666458
383.731415
1305.618530
951.804199
629.815247
740.525940
455.590912
1262.878784
610.513489
221.806046
1158.525024
636.913391
1352.451294
1247.605713
875.553162
826.638794
806.793640
512.744751
779.759521
543.667358
698.851685
635.787598
1157.690918
590.988953
813.541138
974.802368
687.925354
792.743408
907.739685
707.765991
580.787598
837.939209
502.709778
254.728195
664.742493
379.739716
343.681213
545.796387
406.822174
1320.718994
969.808350
1418.818970
403.425507
1515.811157
725.821716
394.664154
433.731415
808.869141
839.623169
869.756775
1935.420410
573.814331
925.790833
848.871948
379.760437
343.803741
480.695038
1252.642090
1314.603394
278.876526
763.764099
978.783020
941.760925
479.805115
1277.834106
940.573853
644.898621
966.654480
917.711121
815.866882
1170.748413
1671.580322
391.753082
519.876526
957.658630
829.788574
1407.939209
1011.637451
731.555420
657.864563
1133.701050
779.841553
985.782104
675.683044
569.924438
570.780701
741.707031
704.782104
352.827698
422.602875
945.847046
433.755829
505.944733
293.776093
548.577087
867.651245
877.853516
1150.683960
990.765991
355.625000
624.859497
658.742004
561.932251
943.556335
2627.671143
352.769653
1227.919800
689.741577
1507.279907
691.784424
776.689941
393.701019
1327.402466
696.662292
1092.674805
1507.506592
834.845215
340.730957
602.849365
403.848419
2151.449951
243.873306
719.624084
943.767822
266.598724
346.733276
1928.520874
1493.908325
1224.693604
805.757202
806.635620
982.498779
657.748901
1220.455444
935.724487
523.796387
455.815277
882.777954
362.854431
1183.342651
1582.894531
463.822632
1328.764648
512.897705
504.924438
1192.696899
699.948853
463.836456
1036.822144
314.731415
1429.569214
777.776123
1663.370728
672.774292
945.603821
530.690430
842.879761
871.514465
795.867798
957.885742
207.622696
827.712524
765.813416
619.816162
900.901855
750.730469
1092.877441
405.845215
1020.663696
489.740173
916.933228
1210.725464
548.674316
678.705139
686.495544
1456.791260
966.846130
2204.298828
526.707031
235.931824
626.676147
905.706055
345.954407
235.609802
680.607971
644.681213
312.823547
698.582153
1015.731873
626.761353
534.842468
687.898193
672.818970
969.777466
850.793640
429.614868
373.650330
628.706543
1198.578491
1028.687256
913.901855
1174.846191
1183.683960
1096.864502
1051.579834
438.781158
471.660004
913.803284
843.380371
1278.380371
580.558655
355.772430
539.851685
849.714844
411.803741
266.912018
419.791321
492.735565
642.900024
1218.682617
816.821716
395.764587
520.714844
1325.321899
218.677979
2073.673340
1123.755371
891.510742
708.502930
656.592773
755.589539
361.755371
636.826294
1173.657715
899.777039
872.611206
676.798706
512.816650
612.680298
658.647095
905.788574
419.853516
1240.793579
2802.417236
646.742920
593.684448
577.636536
618.698730
347.821259
1262.564209
725.608887
768.619934
1025.728149
1792.395142
797.741577
501.695496
1124.666016
906.715271
654.863647
332.929962
640.714844
842.835510
1125.621338
981.479431
710.698730
209.858109
676.791748
585.868225
1389.880249
824.852112
635.928162
473.780243
717.641602
469.641113
807.778870
869.851685
786.805115
372.736938
1124.701538
414.844757
537.686707
454.738800
1120.760498
612.519043
1615.463745
646.716675
1256.732788
392.794983
1300.678467
517.800049
311.747070
835.480347
886.899109
184.832764
572.745728
812.711121
688.827271
720.515808
913.792236
646.873291
967.691345
870.735107
1456.337036
813.753967
721.833252
1297.769165
868.708862
1339.625000
1090.711182
941.763672
736.825867
542.718994
613.958069
370.855804
706.830444
656.656311
909.655396
569.702881
2250.747070
1073.802368
427.588593
513.823120
556.944275
365.854889
899.516724
261.430573
1156.607056
511.764130
775.850281
456.823090
945.731445
1326.846191
710.708862
684.755859
1195.578491
959.693665
766.803772
658.733276
418.902344
1081.803711
902.683533
800.714844
758.827271
379.807434
635.687195
1436.705566
686.723572
559.737854
471.575256
484.858124
367.780701
762.907837
461.714844
928.850769
301.766907
610.811584
1018.598267
643.690857
793.761353
496.766418
709.626404
821.593689
1066.706055
290.688568
352.838287
1390.345337
737.855347
419.718048
609.704224
734.802368
562.800049
972.710205
515.750793
869.859009
840.820313
925.958984
296.800537
655.563293
1589.409424
1071.601074
412.823090
952.530090
675.826782
834.794556
1324.737427
1024.611694
1161.566040
387.975586
601.565552
293.744781
454.976044
700.830444
394.622223
462.668762
1005.918030
89.648491
994.675232
1138.784424
1486.698730
1258.434692
622.546692
976.602417
1206.522217
836.862732
1205.853516
1162.338013
610.934570
1049.761353
936.797302
876.762756
562.971924
884.892212
873.746155
1030.676147
552.816650
315.793152
992.764587
1024.754028
783.761353
822.801453
1566.746582
754.888489
1135.513916
570.757690
699.606140
686.666016
690.730957
786.533325
740.738770
822.802856
1037.732788
690.901855
374.847504
1040.709717
968.612549
1050.942017
916.793152
636.717590
861.614868
955.747559
179.713455
488.454529
1074.737915
722.796814
594.801453
2014.724976
1120.552246
864.677063
677.699158
565.867310
1542.713501
680.745239
793.757202
550.628235
503.651733
1055.787109
1430.614380
1683.632324
1020.449951
1096.522217
921.779785
636.806519
818.819397
855.521790
950.818970
774.839661
973.721313
735.815247
2255.300781
562.843811
1365.684448
926.615784
955.734619
645.764099
275.865936
829.515808
726.613953
581.854431
1573.800049
762.775208
711.809753
706.888977
906.513062
964.709290
400.782562
361.865021
1196.887573
652.724487
525.856262
928.593201
785.733276
851.821228
679.904175
988.475708
1023.751221
266.927216
586.764587
449.682587
584.838318
636.915710
627.824951
684.702881
914.904663
740.847534
1030.773315
945.541138
426.566040
724.756287
1136.513550
851.830444
1143.835083
1206.708862
460.845673
656.505249
982.897278
670.727722
512.820313
295.569244
1459.563232
712.761353
421.796387
623.839233
913.803772
432.811584
586.804199
832.591858
1025.782104
711.724060
1209.711670
643.668762
1200.836914
591.770142
565.751709
841.700073
650.823547
774.921204
639.734619
529.724487
486.767365
779.866882
966.841553
626.886658
878.819885
821.918030
713.924927
770.742004
278.824463
1403.712524
741.824951
732.814819
228.823563
905.716675
834.724976
1323.706055
1192.852539
476.781189
679.582642
241.525482
1008.846619
1445.699585
900.832764
796.904663
685.844299
1081.755859
416.837372
810.872864
238.889893
746.707458
1110.614380
568.789917
471.830017
509.807434
1915.514893
1035.722656
534.700562
251.841980
521.859497
901.812012
736.681213
724.825867
239.934586
640.899597
897.549011
1442.708374
671.692261
391.649414
2068.537109
679.765503
612.725891
508.729584
822.840149
537.828186
724.891724
993.794983
1680.487671
761.803284
635.895874
555.776123
865.611633
520.730042
608.796814
648.786682
629.724976
569.701965
807.812012
613.772400
510.824493
1955.705566
908.639282
609.710693
874.832764
845.774292
882.789490
1539.652222
1301.695435
1032.763184
1549.451782
642.701477
958.614868
1759.620361
945.443054
935.737427
567.885315
591.684875
908.863647
1244.648926
946.771973
1113.782593
580.763672
1011.770569
853.900513
350.886658
425.866852
324.818024
845.832336
480.536072
1096.823120
662.620850
724.848450
1430.840576
689.660461
333.854889
1222.508911
608.779785
519.879761
784.831848
678.906494
809.782104
1950.649414
456.748016
845.872864
1193.520020
554.650330
503.819397
649.698730
900.664612
939.590881
528.782532
1059.811523
1120.798706
889.578003
915.788574
1334.586304
459.743866
559.737427
860.809265
716.864563
175.920761
356.663239
949.774719
464.874695
965.898682
623.768250
691.842468
621.710693
1313.810669
338.890350
932.848450
1125.826782
564.671082
1086.676147
578.698242
1438.454102
1427.654053
1007.715759
1942.567383
914.724060
914.757690
920.610718
586.865967
841.776550
899.803284
330.734650
470.759979
433.976044
1071.815674
817.351379
978.779358
1209.162964
646.667358
390.711151
371.877472
750.538391
712.799622
2484.300293
631.580750
1075.994995
1428.422241
766.783936
645.791321
584.792236
728.847534
519.698730
987.645264
614.810669
983.680298
852.601501
658.770569
672.593689
698.781616
846.816162
960.920776
923.523193
368.732330
654.827698
709.603821
719.734192
583.945190
2813.620361
468.662781
1143.700562
843.698242
743.702881
426.813873
541.000000
476.730042
686.755371
661.425537
919.696899
427.731415
695.831848
849.654968
415.751678
973.709290
999.691772
783.691772
538.938293
434.718048
1629.699219
902.887573
762.639282
373.831390
378.739716
971.753540
1045.578003
504.882538
850.803284
918.682617
1080.635620
350.718506
1187.574341
782.826294
694.971436
1151.338501
1052.744751
658.774292
404.749847
949.801453
621.714355
1168.612061
1125.606079
741.858582
1093.793213
792.590454
311.982941
1642.619995
506.880219
1539.463745
2152.740723
635.868225
838.794983
1228.528687
449.657715
459.792236
1393.283203
737.787170
617.686707
1449.629150
1091.680786
553.630554
1450.817627
648.645264
959.694092
1594.595581
404.000000
765.692261
987.642029
623.789917
632.764099
771.557251
637.756775
959.703308
1717.493286
273.941956
498.710236
512.671082
808.560059
1150.803345
1422.606079
1182.736938
1189.678955
537.851685
1004.833252
1239.619995
924.723145
1344.882080
856.669250
918.772400
1631.467041
609.733704
682.731445
1115.664673
657.542053
1158.276733
572.914307
377.859497
651.746643
1514.741089
642.814331
1123.000000
526.986633
499.830933
582.782104
848.777039
874.713928
739.746155
560.789001
1057.542480
673.698242
441.707916
599.777039
931.656311
456.801910
1194.572510
791.664185
463.806519
920.739258
573.767334
1208.807495
329.629150
1216.645264
813.768738
297.782562
560.933228
644.821228
718.787598
1450.573853
1068.817993
860.591370
539.805603
579.834595
659.853027
653.740173
1268.280396
687.552673
646.760437
1166.827271
467.774719
382.701477
454.833221
891.863159
1568.750366
311.865936
1141.718506
754.697327
740.689941
658.713928
951.736938
1104.889893
731.816162
419.758148
762.670593
622.856750
1259.647583
539.613953
522.719910
707.613037
440.829559
3053.474854
618.671997
1350.855347
341.745697
379.914307
655.729126
780.713928
916.540710
782.679810
402.855804
2164.642090
541.951660
826.691345
884.717590
479.821259
532.636963
624.894958
657.758606
2033.323730
425.850739
406.684418
283.846588
890.681641
680.780273
732.877014
614.658142
1391.746216
1241.530151
320.938721
483.593658
1083.794556
1142.676636
878.719421
795.885315
838.674744
486.808350
398.786255
940.834595
1470.546631
704.853516
427.775177
711.611633
1090.681152
722.627747
707.752136
364.780243
2117.627686
1103.822144
713.694092
1603.202148
1575.808838
892.610229
1203.689087
710.943787
1100.693237
1694.723145
453.745697
739.781616
804.721313
1290.742065
343.831390
579.917053
424.730957
1501.683472
799.833252
378.723572
389.674744
1100.511719
792.784424
1143.704712
348.765045
740.754944
289.871002
1437.887085
637.742920
483.740173
479.742004
427.871918
585.770569
469.679352
653.821228
860.615784
1334.622681
749.827271
974.681641
713.630554
1025.571045
970.400208
1448.746216
673.737854
2354.599121
1037.818481
327.846130
442.683044
735.941956
474.832764
583.811584
278.519501
581.839233
931.800049
319.758606
568.716675
1316.489136
289.820343
893.906494
864.712524
868.663208
1196.587646
986.584900
992.799622
543.850708
1672.662842
539.791748
856.754944
1383.641602
1100.726318
526.653076
725.702881
750.513062
603.676147
515.704712
660.662292
1254.750732
549.628662
345.805603
883.787170
1835.305786
630.870544
686.780701
761.677490
739.756287
812.768738
1265.695435
563.754944
925.634216
1009.629150
639.683533
933.694580
1027.713867
865.774719
282.764587
662.791748
648.866394
414.698700
1244.657227
597.823547
780.798706
889.372559
779.724060
1061.837891
1303.599243
676.663208
516.760010
128.769196
1224.616699
1152.311279
834.672424
701.750305
422.785767
860.695496
1284.436523
748.768250
1006.827698
404.663696
494.684418
509.821716
1086.719849
1321.432861
1803.814819
817.611206
540.622253
540.788574
433.713440
890.737854
730.821716
865.515381
912.743408
461.787170
199.807892
969.694580
291.798676
416.696869
371.801910
1226.680786
590.906921
855.835999
1271.821289
364.900940
676.480774
694.784424
389.758606
607.830017
434.900940
1181.766479
764.830017
623.757202
746.814819
1462.764648
1004.645752
525.788086
601.707947
366.735565
1058.856689
832.791321
1124.824951
1048.887573
740.627747
1111.776123
885.784851
487.874237
1923.567383
281.833221
566.964050
813.598267
1113.802856
1105.581177
734.690430
433.857635
1339.612061
1029.840088
1066.556396
964.779785
1765.553101
838.571106
1054.780273
991.693665
625.833679
1204.482178
640.554993
500.877930
601.809753
1703.755371
725.836914
977.543945
626.661377
1595.384033
990.746643
1027.565552
581.763184
471.913391
787.806946
872.563293
1422.593628
670.792236
929.766907
640.840576
917.882507
550.669250
459.867798
1067.701904
728.526855
1435.550415
919.815247
415.855347
653.786255
796.577087
626.658630
691.853943
686.775635
866.727722
749.672424
726.816162
391.803741
1328.639282
906.700989
698.871460
466.827698
853.748474
241.737869
1081.803345
1106.735596
1192.783447
505.926758
468.753540
1107.682617
1070.708862
924.947937
762.603821
1568.437012
583.810181
557.800049
992.835510
1175.299805
692.852112
552.845215
1535.712036
1273.607544
478.517212
2184.500244
529.682129
1163.520020
282.882538
814.837402
853.830933
813.528687
1029.815308
667.780273
509.877472
778.613464
374.629150
1064.714844
1193.700073
890.924927
402.809723
868.484009
1089.801880
759.776550
1230.675171
522.713013
420.790863
657.490967
469.754913
914.591858
393.796844
539.959473
474.811584
772.836914
762.738770
776.839661
855.518127
1441.609741
619.683960
703.765503
503.869171
573.845642
392.804199
942.755371
1172.841553
1420.555420
669.641113
895.570190
325.852570
681.837830
556.828613
668.777954
977.658630
2366.800537
540.975586
544.860901
925.795898
1038.669678
415.414001
541.746643
1244.779785
1389.707520
1026.840576
745.702881
443.917084
1001.807434
755.652649
644.681641
1084.617676
285.612549
720.630981
318.619019
1616.611206
1062.502930
1090.616211
687.664185
1047.592773
1337.434692
627.835083
494.922150
989.866882
1569.560547
575.660034
1180.771484
503.857178
1321.649902
725.808350
1167.871460
1284.681641
258.683960
522.764099
893.479431
921.751221
922.789001
923.724060
1467.630127
639.874695
615.859009
912.689514
1500.856323
1240.772461
786.783020
835.452698
1141.937378
1388.712036
1561.736450
500.852112
976.873779
672.808350
707.930420
808.521362
748.819885
467.779327
897.482666
765.955322
1342.431519
1030.846191
555.886658
2577.724609
1552.443970
882.813904
943.780273
581.730042
464.797760
450.712067
1071.815674
438.780701
818.810669
948.756775
735.751221
1240.829956
759.693176
1307.630981
916.642029
969.879761
634.760010
648.808350
579.798218
455.862244
649.660950
405.832306
589.338928
352.760437
1027.592285
825.663696
430.911560
492.920288
955.689514
755.650330
799.820313
519.867310
968.628662
1210.778931
172.745697
837.720337
1365.790405
479.718048
734.783020
556.507507
694.970520
1044.833252
812.680725
699.871948
480.885742
882.932312
1195.741089
1155.848022
1592.429199
1081.566040
554.588623
757.674744
615.790405
863.811096
904.728210
620.702393
732.664185
503.521790
651.905579
746.769226
830.781616
503.703308
2950.207275
564.787170
589.825378
517.978333
2072.511230
618.765991
1398.708862
522.737854
1617.611694
288.714386
958.766907
756.812012
310.862701
1153.831909
1374.634644
2337.484131
689.807434
321.638367
1092.803345
799.864563
1172.636108
801.564636
758.834595
816.567871
272.746155
1822.514893
771.431030
885.676147
856.608887
654.804688
435.713440
329.877472
507.697784
639.734619
871.707031
556.812988
366.668304
1228.782104
663.785339
911.908325
854.748474
394.933197
461.745239
461.695038
2388.523193
1199.838745
705.888977
1124.482666
741.684448
1180.752197
1017.753540
1073.731445
291.776093
670.627319
686.759521
685.825378
1233.788574
1147.591431
1112.625000
852.987122
836.815735
705.617188
676.889465
884.749390
944.770569
1206.728638
1054.718994
590.849792
512.634644
400.830933
530.800049
555.858093
468.877930
741.672424
1403.752563
998.708374
869.569275
759.321838
702.753540
372.841522
1672.755371
1357.857178
784.732788
1198.341675
962.616699
1324.562378
1133.596436
398.841522
238.736481
1073.878418
853.637451
982.824463
422.806519
1011.740173
623.672424
1151.769165
1090.773315
958.756775
330.783936
781.766418
875.702393
469.689972
1043.653564
619.595520
1791.438843
691.630066
132.624069
715.819885
915.768738
541.830017
819.773315
655.750793
953.879333
573.719910
800.754456
1135.746582
598.871033
1318.613037
450.830017
484.920776
1560.803345
645.552185
1265.831909
625.563293
1069.546265
1038.673828
1029.687622
653.878357
751.837402
596.824463
868.000000
72.000000
628.851685
1337.808838
686.861328
1283.684448
1282.512085
413.703308
812.814819
369.741547
1302.902832
615.975586
959.815247
1882.504761
282.884827
750.752625
1105.710693
1148.831909
461.922607
824.672424
815.745239
371.818481
970.863159
881.871948
388.707001
886.727295
948.681641
1728.645752
1372.320923
784.809753
2428.479980
819.905579
1015.774719
266.948395
389.000000
395.748016
798.730042
395.865021
920.779785
435.794525
479.871918
1018.475281
728.534729
629.518127
459.797760
796.676575
804.804688
1107.732300
765.777466
954.755859
776.821228
600.973267
961.829529
711.560974
229.758133
777.760010
473.697784
1238.583496
517.843384
1142.577515
1093.668823
304.610718
941.237549
649.693665
517.888062
934.581726
941.632813
547.730469
421.718994
694.650818
376.697327
531.806030
365.724060
1085.588135
1226.867310
1083.749390
382.774719
957.492798
843.691772
1814.458740
710.791321
397.873322
479.720367
520.822632
845.834167
467.665070
699.768738
341.829559
1100.769653
726.490479
441.693634
723.746643
1088.788574
430.660461
1377.681641
740.852112
462.736938
1087.829590
1220.494141
294.752625
921.913879
969.537903
1014.689514
1017.685791
876.575256
603.789490
1706.728638
1437.534668
719.887146
519.744324
790.614868
618.538391
1239.792236
770.765991
672.709290
665.570190
433.692261
740.776123
1024.548096
400.812042
272.888977
955.724487
304.894501
480.892212
1182.654053
455.747070
1535.624512
638.799133
666.842468
703.753540
597.770569
1543.480347
336.819885
397.884827
1355.433350
1714.675659
613.879761
657.714844
651.615295
605.647583
1724.584473
1091.725464
841.862244
204.719437
821.624084
556.784851
913.864075
1158.506592
1161.774780
558.752136
725.612549
1035.818970
599.820801
771.659119
805.941467
1314.802368
654.837830
853.693665
939.624084
348.909698
614.562805
589.672913
958.616272
587.712524
411.675201
798.512573
1269.503784
647.918945
425.801453
448.853973
928.695496
1311.729126
595.796814
581.854858
1774.596924
911.736511
858.907410
917.804199
678.832336
614.797302
588.811584
875.780273
959.914795
287.763214
884.791321
736.665527
1422.868286
1003.693665
1095.602417
454.826324
451.803741
726.909729
2339.461426
501.623169
886.575256
502.732788
572.607971
729.855835
1019.588135
1119.429199
289.658173
1124.899536
948.741577
2074.258301
820.846130
816.792236
374.781158
493.656342
1239.637451
413.781647
852.723572
526.608398
933.642944
809.833252
1032.692749
929.947937
1263.606079
659.715759
655.589539
2307.236084
449.888977
987.669250
747.546692
657.758606
540.486816
300.727264
635.724487
214.775650
438.897278
921.578491
455.838287
847.758606
1277.395996
852.706543
810.776550
448.978821
906.736511
710.804199
1537.625000
677.835083
557.903259
741.753052
1778.583496
479.853973
878.567871
977.725403
836.714355
948.861816
982.834167
740.924011
408.867798
688.884399
1230.589966
459.914764
690.757690
678.817566
884.527771
523.783447
702.707458
1621.493286
458.800537
550.841980
1008.879333
581.708862
1012.760437
1100.890381
1167.768799
1194.771973
855.628235
998.423706
780.785339
1337.718506
371.000000
1446.410767
1154.423706
1079.607056
506.935516
535.806946
586.756775
766.841064
875.885315
661.678894
982.731873
778.831421
1053.741577
992.807922
578.661865
1307.495972
939.887146
880.710693
1279.373901
716.778870
1287.447144
651.547607
329.616699
360.910156
1148.851685
934.799622
1026.674805
872.760925
1194.791260
834.733276
1097.737427
660.658142
804.709778
889.855347
1382.818481
1640.555908
456.808350
870.853943
923.809265
499.670135
901.680725
1696.576660
682.841553
718.694092
757.636536
144.743393
534.798706
762.862244
1891.481323
187.938736
293.678436
1089.615356
985.837402
580.617188
791.722229
918.803772
1611.365234
655.817566
882.783020
967.695007
651.877014
363.970978
663.796814
682.930420
721.544373
814.809265
2344.656250
597.822632
637.671997
838.643433
626.815735
470.712982
935.545776
647.486816
324.695496
476.748932
1169.736450
1313.677490
982.868713
593.389587
512.719421
534.743408
754.744324
1749.820313
594.887146
1376.723633
854.877441
655.919861
393.811127
579.747070
389.629150
1233.900513
391.635590
495.873779
187.920303
1067.674316
620.713928
1015.865479
1016.737854
787.803772
536.900940
571.613953
510.806061
658.626404
734.858582
828.712097
1283.778442
1077.865967
797.730957
778.611633
515.871033
963.717163
916.781616
817.668762
879.789490
1907.572998
705.818970
1624.848389
2597.220459
548.832764
494.812042
460.712067
799.639771
1125.757690
1276.400146
920.757690
657.726379
1531.620361
821.587219
656.506165
625.000000
540.822205
557.770569
596.638794
939.817566
554.888489
372.839233
996.559143
536.780701
932.656799
393.794525
360.854431
795.639771
804.641113
870.662781
1603.670166
1226.518555
742.730469
395.873322
781.677979
582.802856
2165.374756
465.736481
950.724487
1221.570679
488.789001
1008.802368
410.907410
855.824463
973.698242
470.793610
870.816162
590.844299
897.830017
636.803284
1371.542480
931.702393
649.812012
1844.783081
615.889465
499.801910
432.887604
514.682556
639.802368
335.707916
1030.597778
394.837830
662.726807
902.733704
1034.758179
716.639771
469.647583
1529.783447
1297.243530
478.772430
500.760437
860.480347
543.725403
509.865021
504.819397
1000.706543
1074.515869
965.753540
855.349976
1056.660889
1779.669189
916.831848
569.899109
623.783020
723.640198
504.914764
726.755859
518.850708
595.814331
462.936432
1122.866455
964.766907
1111.562378
755.742004
906.836487
878.859924
679.719421
561.790833
541.802368
1716.459106
658.762756
865.854431
448.824493
815.645752
814.836914
1023.790833
2502.738770
888.510742
1597.501587
747.389099
1341.507935
446.800995
457.805115
1115.835083
1067.743896
1195.854858
739.706055
886.913879
539.826294
1374.695068
3047.235352
755.564209
706.876526
749.882996
621.834595
181.852112
373.820343
750.900513
1072.655884
1053.839233
782.742004
848.748901
1152.851196
504.843842
1326.804199
516.759033
1089.509888
965.644836
388.949341
390.809723
768.873779
755.797302
535.789917
621.819885
1464.576172
1376.660034
1042.574341
716.578491
620.719421
1045.397827
1296.659058
792.837830
557.653564
1053.790894
960.815247
357.770569
350.883911
299.891724
804.316345
1466.190063
247.704239
430.872375
806.561401
522.763672
333.742462
713.934570
350.904633
1630.399292
987.633301
1268.659058
401.945190
1028.742432
1455.266602
397.273041
348.738800
3317.320557
744.661377
1547.784424
915.315857
1515.732300
1016.159241
1031.866455
585.670166
663.900940
840.525513
512.866882
522.646179
559.929504
764.707947
485.606567
797.721741
820.859497
918.793152
1114.486328
415.891266
887.875610
830.798218
567.917542
565.797302
1035.687622
1428.402954
716.743835
1061.520874
409.940125
353.923981
1078.697388
690.858582
355.742004
1315.633789
130.705154
783.783936
793.883911
507.815735
186.698715
839.756775
612.733276
615.762268
1453.646240
787.818054
1036.560059
495.825409
353.764587
1848.572998
1857.729614
744.627747
1370.647583
898.752625
608.440247
738.358276
936.657227
416.780243
888.559143
589.513062
280.712524
1371.509399
1414.706543
692.775635
229.789932
867.512573
623.925354
1010.907410
779.903259
357.649414
423.835999
1287.739746
437.807892
500.785309
561.750305
662.712524
866.742920
449.800995
157.703308
948.623169
723.730042
702.791748
649.614380
1102.746216
528.876099
1244.727295
450.683502
377.880219
285.782562
465.923981
991.880249
796.688110
1244.706543
328.783020
786.859009
1011.821716
974.563721
409.998627
664.655396
592.955750
486.810211
729.597839
393.797302
305.779785
367.777954
793.765503
1276.630493
1119.873779
600.843811
682.945618
655.633301
129.722672
958.530090
1252.437012
730.747986
696.743408
265.817566
800.727722
1379.474365
486.750305
879.771484
861.750793
490.572937
2427.506104
1776.535645
742.754944
445.820343
563.858582
937.840576
863.897705
298.861786
691.712097
427.818939
1183.614868
980.871033
498.883453
1392.774780
581.402466
739.835510
1175.864990
634.854431
742.876099
1986.550415
1780.563232
575.391418
1157.767822
844.937805
1058.766479
1024.843384
1107.812012
349.773346
311.853027
1101.801392
636.840149
877.733276
727.707031
425.846130
535.901855
766.706055
1133.589111
1547.732300
602.875183
1187.461914
1873.511230
812.921692
1142.608887
448.696411
682.734192
490.790863
730.538879
709.853943
1058.589111
791.831848
622.617188
946.551270
1191.742065
659.821716
435.955322
318.771973
889.522278
652.645264
670.634705
1052.884888
756.757690
1132.684937
475.524109
880.701477
683.881165
902.741089
627.832764
695.852112
495.868713
687.844727
548.614380
614.838745
674.749878
476.800537
859.585815
923.638367
1002.431519
508.849365
741.638794
695.626831
496.805603
937.759033
501.738800
237.840607
968.718079
659.551270
684.857666
887.770569
1257.740601
957.670593
447.886658
588.849365
801.831421
657.839233
641.829102
841.654053
490.698242
412.533783
302.783020
161.832764
660.463745
818.550354
1188.593628
547.616272
505.918457
835.771057
1626.414429
402.832306
1030.821289
416.844299
1596.724976
788.723145
610.664612
329.783936
259.000000
1683.502930
985.875610
744.927673
2147.504883
1095.660522
1281.625977
836.793640
725.868713
1096.855835
2039.432861
642.851196
516.664612
1217.751709
876.800537
1121.619019
426.803284
408.675201
607.800049
560.822632
833.860413
896.837402
935.842468
810.786682
451.736023
847.806030
833.450867
670.802856
1124.645752
1077.866455
2044.833740
1035.347656
873.615784
903.554077
441.758606
456.689026
231.554047
1298.785767
1041.527344
481.863647
157.812958
1046.910156
761.636536
1139.537964
419.841522
397.861328
515.638367
532.891296
286.788086
978.584900
1181.641113
616.633728
286.748932
329.843353
417.766907
351.795441
338.839233
251.611176
2013.728638
466.648956
572.840576
478.813416
252.851654
671.818481
959.671997
625.892212
631.851196
903.838318
1621.451782
379.650330
2074.746582
593.798218
477.721741
766.707458
601.907837
1009.661865
770.742920
751.698242
1393.500122
205.692719
898.803772
258.890350
1423.458740
1240.697754
1162.445801
461.871460
290.761810
1061.773315
425.667389
507.727264
879.710693
940.554504
592.705139
1004.660034
358.581696
1315.669189
2088.692383
722.666443
814.572510
847.819885
890.577087
458.694092
355.789001
545.882996
904.673401
1109.763672
930.795898
2161.679443
973.843384
982.766418
679.842896
1448.683105
910.739685
512.794067
1143.691284
793.927185
777.746643
364.817108
627.829102
567.688110
480.847961
868.772888
794.752625
594.623169
830.789001
1115.869141
654.720825
1093.793213
1186.658691
602.738342
761.827698
367.768280
650.563293
875.707947
1066.844238
1386.798706
325.908325
377.937347
800.665527
543.527344
1433.371582
1277.716187
826.688110
707.655884
748.727722
597.727722
615.882996
520.805115
878.765991
1025.450806
1007.955322
1251.732300
843.705139
1070.775635
989.637878
1481.456909
900.816650
787.802856
1076.775635
354.764587
1192.781616
604.864075
668.766907
832.841553
554.859924
925.830444
691.911560
563.943787
615.877014
804.641113
394.799133
631.863647
275.818939
724.848877
1122.680298
736.828186
2265.513428
569.900513
1084.617188
244.528717
570.863647
891.682617
491.883911
858.551270
738.661865
1122.660522
816.782104
1806.618042
863.888489
611.753967
516.878845
796.587219
832.794067
1574.707886
498.990784
498.875153
305.760895
500.722198
1026.741577
268.790833
955.692261
947.600098
580.826782
1024.650391
1162.790405
181.901413
496.709320
909.704224
1007.774292
393.677521
1229.842041
1028.661865
694.804199
275.741089
1321.729614
928.918030
731.897705
677.624084
721.462830
1190.886719
540.947021
222.718521
389.772430
1451.630493
1346.763672
719.821228
557.654968
1964.619507
553.690857
1042.860474
528.724060
657.805115
132.835541
900.771484
744.943787
1120.354126
2057.749023
758.652161
614.876526
1344.607910
833.745728
834.803284
470.724060
989.824036
1245.608887
707.837402
788.654968
1022.571106
1142.423218
965.873291
772.728210
593.968689
1100.724976
1033.822632
1029.615356
347.862244
288.865479
623.784424
590.803772
736.618103
550.757690
482.844757
804.583069
1397.752197
1057.672974
512.743408
781.787170
798.876526
572.676575
1046.830933
271.875153
2449.606201
733.917053
900.668762
662.868713
947.778870
1195.567383
576.914795
730.685791
947.613037
478.873322
1921.559082
1913.592773
512.653076
1591.719849
574.886230
2055.502930
1211.729126
646.695496
1484.414429
634.724060
592.597351
128.732803
667.822632
789.765991
543.885742
330.666931
826.729126
898.654053
984.665100
944.685364
887.807922
852.492798
581.723145
1829.641602
617.795471
1063.697388
402.793152
1781.661377
2072.772461
647.794983
1010.571106
693.691345
935.646667
706.482178
1717.572510
743.845642
1064.686768
581.798706
459.641113
832.580322
343.591370
546.771973
398.806976
792.670166
1447.625977
510.830017
1511.448608
970.746643
1205.805176
419.527802
557.805115
782.697327
523.597351
1189.622192
1324.631470
572.833679
591.804688
214.827240
1411.656738
621.904175
517.752136
379.876984
699.701477
576.689514
823.801880
872.824951
302.911560
723.888062
1034.841064
1352.779785
680.724487
1119.678467
780.810669
801.487732
1147.757202
912.684875
1016.737427
1021.542542
517.689514
766.820313
1246.834106
304.506134
686.853516
673.651733
1126.692749
1519.782593
800.753540
1256.870972
973.708862
671.841980
446.839233
798.957642
729.884399
172.689041
325.755829
570.703308
921.682617
2322.807373
623.935486
829.994446
454.919830
549.789490
1056.589478
2223.554443
334.730042
694.737854
568.861328
441.924438
1209.743408
1872.158813
994.808838
807.694580
905.542969
1082.875610
809.686707
592.592773
1155.710693
761.627747
817.772888
784.740173
1030.581665
477.763672
920.721313
685.907410
655.771484
648.882080
810.757690
1097.696899
626.709290
533.727295
585.745239
1136.685791
490.792236
1022.748901
574.600098
795.968201
298.866394
864.655884
116.867783
247.609802
1248.782104
394.800049
594.670593
208.798676
597.771057
566.661377
1246.683960
616.833679
1379.448120
431.752136
902.847961
590.834167
546.758606
750.475708
1285.859009
792.745239
487.842896
1295.839722
433.811584
765.878357
1166.614380
540.650330
1179.940063
724.689514
961.651733
801.820313
597.655396
1026.458252
652.791748
1513.664185
998.554504
653.777954
372.724976
807.650818
531.793640
597.836487
708.793640
241.649414
620.755371
768.525940
1048.881592
870.759521
1170.736938
516.670593
506.688110
564.871460
348.641571
984.677490
559.823547
518.769653
1068.567871
1346.513550
595.647583
930.917542
426.963593
273.860870
421.776093
802.851685
490.776581
513.745239
1213.599609
919.710205
1185.598267
1081.670166
1460.705566
469.855347
852.768738
3356.571045
421.748474
773.734619
733.837402
750.805603
755.547607
981.830444
879.710693
915.753052
606.889893
755.591858
1074.869141
157.755829
859.703796
631.619934
1073.759033
875.830933
929.793152
885.635132
687.763672
861.711609
1007.615784
1094.775635
694.601990
1196.800049
476.568787
740.625916
987.653564
913.761353
395.854431
168.660934
1071.870972
1018.692749
645.789917
1329.743896
928.653076
984.752136
879.707031
532.807922
667.626404
973.688110
746.821716
485.803284
948.650818
558.901428
820.845642
685.649414
721.616272
802.753967
352.748474
725.777039
666.707031
410.837372
323.692719
1198.760010
557.861328
667.475708
631.609802
624.830933
1810.713867
317.812042
872.788574
1024.713013
886.771973
1193.704712
946.657227
888.579834
1090.798218
529.839661
1027.694092
644.804199
673.825378
560.670593
687.770569
1124.714844
604.831360
474.801910
385.924438
350.690887
939.725403
348.777954
1026.705200
652.815247
604.849792
743.856750
1074.742432
932.847046
227.936432
838.714355
1082.540649
689.790405
944.715759
371.806061
1141.654053
866.796814
740.667847
612.682556
546.591858
1123.752197
1661.733765
237.800064
979.642029
773.741577
849.468811
742.625916
767.673828
772.769226
418.808807
676.833252
900.775208
1627.713867
63.810658
727.504272
860.741089
1068.693237
774.647583
743.851196
588.779785
1877.420898
305.660919
643.787598
1017.600098
794.771973
2232.641602
1134.751221
549.580322
813.554993
451.792694
891.763184
975.647583
1039.530151
623.838318
981.785767
1465.767334
1377.699585
757.565552
620.821716
864.745239
411.634216
740.638794
636.831848
528.843811
816.847961
562.852600
1142.870972
253.638351
872.501099
616.724487
860.750305
1876.537964
900.526855
618.899109
752.835999
922.831848
890.761841
510.570648
569.704224
828.797302
1166.781616
515.693665
798.771057
914.819885
431.737854
685.709778
812.655396
575.798706
1444.640259
1281.722656
906.517212
781.395569
1991.619507
1184.761841
605.731873
936.596924
754.826294
649.805603
916.882080
614.659119
953.821228
403.653564
572.646667
702.714844
1208.681152
684.818054
1109.656738
661.800049
908.718506
1416.744263
532.824463
318.850281
595.887573
928.636963
654.821716
1086.470215
451.699646
196.992630
607.661865
1677.683105
621.810669
904.767822
318.858582
550.931335
358.932739
737.807434
756.769226
642.924927
800.709778
1103.711670
630.837402
1111.714844
451.978363
748.848450
632.809753
312.616241
361.916168
1426.732788
953.971924
572.698730
546.798706
345.583527
742.630066
462.773804
252.755829
1424.642456
1229.508423
1561.683472
1123.829590
476.567413
1519.729614
430.833221
770.693176
852.645752
1127.459595
225.775650
589.736511
664.893555
608.736511
768.896790
1426.481689
979.660034
709.865967
1012.704712
887.623169
496.864563
1031.444824
2094.789063
912.690430
916.634705
644.700989
984.485413
1396.858521
1220.510254
821.838318
324.734192
2289.321777
976.824951
727.814819
680.658142
804.893555
703.729126
835.785767
303.685822
1007.602417
1985.695068
1781.686768
476.766907
653.742004
634.826294
1088.630127
1046.498291
1594.456909
1068.747070
1171.739746
589.701965
697.799622
666.755371
1125.748901
729.758606
333.618103
755.714844
406.720825
1040.786255
806.628235
632.718994
938.793640
523.745239
728.788574
1133.592285
481.782562
852.660950
1012.892639
601.755371
476.689484
529.597351
997.863647
247.929977
889.754944
1432.594116
920.709778
1311.701904
731.789917
811.869629
666.813416
2017.622192
670.725403
460.772430
1289.550415
1226.792725
936.926270
693.687195
807.786255
678.921204
383.613495
1112.758179
1001.688599
1078.749390
457.717590
730.598267
460.736023
748.668335
952.924927
1720.512573
1083.728149
1034.647095
1860.536133
658.578918
892.551758
959.730957
742.316772
863.677979
479.893585
921.793152
959.753540
325.830933
915.749390
740.830933
804.855347
962.766907
345.744781
357.818939
526.664185
1801.873291
454.832764
710.642944
601.471619
3724.208496
988.793640
842.756287
1404.631470
867.633728
854.690857
325.883911
557.731445
427.800049
615.680725
1216.375732
451.751678
806.525940
951.776550
1486.577515
1019.749878
670.802368
623.759033
883.627319
413.930450
690.367920
726.785339
294.935516
885.858582
1193.401611
1229.841553
1583.491821
1128.582642
1382.755371
490.882538
1453.736938
356.951630
546.819885
861.854858
1535.498779
382.501068
565.600098
496.657715
707.969604
795.761841
1342.649414
581.619019
586.637878
755.806946
1032.765015
1324.637939
680.784851
944.619934
1226.622681
631.682556
674.725403
359.759979
697.695007
875.334290
248.903717
413.849823
273.710236
614.710693
625.740662
1091.842896
520.754944
881.800537
610.832336
657.709290
417.647125
792.783936
654.824463
999.820801
1407.767334
479.781189
838.663208
1800.200684
903.669250
1006.550842
702.780701
1507.791260
464.765045
940.695007
980.782104
1024.706543
305.615784
818.940125
693.872864
339.812958
788.624512
800.867310
812.756287
342.756744
806.811096
763.703308
608.583984
947.865051
494.663696
925.716248
544.832764
176.906021
851.683044
350.584473
408.779327
794.456848
763.700989
649.824463
1508.831421
532.642029
1361.798218
549.677490
658.749878
527.745239
373.862701
440.625458
750.618103
564.572021
1523.555420
385.787628
798.879272
414.828156
730.831360
832.885315
673.693176
887.663269
711.831360
968.790405
935.560974
1053.785767
898.845642
626.782532
750.735596
950.858582
653.752136
692.853027
675.719421
564.700989
578.767822
977.742004
874.665100
485.757233
957.692261
733.764587
448.799133
800.734192
2061.621338
425.724976
301.701019
759.789490
413.853027
1043.762695
1627.444458
570.613464
904.777954
772.751221
1101.883423
727.814819
771.725403
1328.724976
954.766907
1201.680786
681.692749
290.818481
811.772888
631.845642
396.892670
483.619476
802.463745
414.682587
527.808350
699.827271
663.750305
431.834167
1468.582153
718.596924
973.754944
846.861816
515.856262
1113.729980
548.621338
636.790405
1132.745239
959.764160
714.629578
470.824005
229.810654
798.605652
773.386841
865.718506
1720.708374
993.738770
1046.787598
596.880676
1007.894043
1352.613892
1144.692261
266.811584
679.917542
701.727722
828.775208
268.956696
692.804688
753.745728
660.794983
1046.467896
1049.594116
864.627319
671.803772
1054.807007
825.748474
1060.753540
579.611206
980.787598
877.690857
890.381775
713.806519
908.667358
963.608887
952.669250
326.810211
581.756287
931.721741
1387.779785
923.714844
1642.594604
802.914307
729.609314
451.699158
819.869141
821.668762
724.779785
638.898193
376.902802
962.558228
557.487244
798.730469
592.857666
1539.661377
434.847504
1116.719482
598.612122
766.606140
623.740173
596.790833
921.643433
441.736938
1779.606567
833.865051
842.778381
876.730957
1172.448608
1033.505249
372.840149
944.699158
959.706543
538.876526
742.703308
1021.799133
611.709778
497.733276
574.588135
183.809738
540.753967
2973.332031
709.683044
1042.726318
1032.770996
684.896362
688.597839
182.855347
1021.812500
957.402039
1220.495117
550.840576
334.807892
569.718506
603.853516
706.919861
827.696411
408.822632
1103.439331
804.791748
614.849365
258.827698
459.774719
726.631470
1230.798706
719.726379
518.398804
375.758148
784.660950
842.680298
1058.553101
320.761810
726.785767
581.772400
1555.477539
1057.677002
419.870544
1544.873291
1190.629639
314.871002
826.647095
844.720825
717.666443
720.626831
460.740631
788.672424
498.765045
1059.787109
991.773804
883.703796
377.793610
1177.714355
860.714355
1052.795410
1151.600098
519.790833
857.779358
468.713898
433.692719
978.576172
1276.424194
967.584900
553.850708
1774.576172
749.636963
905.650330
823.744751
358.709320
880.843384
898.756775
1585.364258
519.771484
788.808838
761.958557
828.757690
389.604736
482.697327
463.803741
1060.440308
1160.574341
1420.751709
1037.772461
1217.850342
365.775177
867.590881
1539.755859
471.589996
727.461426
872.786255
670.788086
524.533325
806.515808
282.765961
824.681641
428.726349
757.792664
544.640198
1077.682617
833.703796
665.680725
125.867783
1396.940552
580.819397
1121.529175
662.640198
806.766907
1089.674316
474.831390
1640.555420
76.830467
596.794067
998.446228
489.626373
533.744751
441.716217
594.531494
780.858582
756.589966
430.903259
413.507050
861.713013
1000.711121
261.885742
416.850739
1022.819397
337.635132
616.855835
865.474365
610.834167
469.865021
1318.621826
1416.738281
946.609314
643.474792
499.769653
541.776550
1025.817993
1665.619507
363.660461
839.531921
896.682129
1059.643433
430.818481
801.945618
1712.628662
770.364685
1089.522217
894.533813
666.858582
793.581726
443.698700
513.817078
906.672424
816.593689
653.864563
379.631897
606.766418
271.920288
523.880676
619.801453
1031.746216
880.632813
317.700562
782.718994
1033.744751
322.611176
743.394653
642.732788
943.742493
614.846130
694.847534
743.852112
638.676147
626.921204
1975.411255
447.874237
2050.468262
570.775635
868.816650
416.808350
1500.794067
818.653076
895.597839
821.653564
841.955322
628.656311
356.715302
512.770142
642.905090
673.733704
1405.674805
393.714844
1296.609741
730.724487
573.985718
633.759521
751.790405
645.669678
958.820313
756.750305
643.591858
1557.615356
730.501526
1271.572510
562.818054
1012.530090
920.901428
433.611633
750.771057
344.835999
709.916138
475.863647
404.738342
362.891754
807.642517
842.535156
919.982483
429.797760
1498.754883
729.829102
1123.715698
503.766418
967.803284
670.708862
1384.663696
877.545776
448.713898
1153.650757
452.677063
998.670166
418.903259
449.773346
905.835083
672.690430
544.778870
1613.728638
373.865479
1957.537964
589.811096
540.000000
746.757690
981.724060
691.853027
1112.699585
1577.695068
1071.737915
382.761810
1410.840088
801.869141
1484.642944
769.572021
842.811584
715.702881
1065.906494
595.882507
1254.583984
1242.631958
958.815735
650.662292
654.756775
573.864075
1834.604248
907.789001
1612.413086
747.476196
385.546692
881.595520
1287.553101
1440.829956
673.757202
368.693176
1323.619995
779.771973
542.698242
563.692261
852.841064
767.710693
444.785767
1887.660522
541.672424
306.830475
410.816193
730.777954
799.845642
845.601501
709.783020
951.777466
703.822205
1588.769165
801.789001
313.884827
1006.609802
819.462402
525.771484
657.677490
1059.488159
1487.682129
555.725403
924.708862
1040.563721
1185.409424
353.762756
96.711143
861.749390
629.791321
649.672913
1316.669189
885.806030
386.751221
230.702393
847.657227
286.966370
1215.661865
1057.833740
1108.570190
786.726379
770.661865
806.867310
695.762268
815.911560
748.633301
452.976959
503.803741
790.988953
346.584930
1224.827271
398.916168
1029.706055
1096.685303
563.816650
555.736938
1106.772461
607.537476
406.875153
763.823547
491.854431
750.754944
810.797302
929.804688
582.750793
398.856262
354.829559
321.700104
233.806503
708.664612
671.621765
456.606110
759.774719
559.669678
935.673401
1221.407593
727.803284
813.777954
982.710205
371.771973
1026.713501
1044.699585
725.554077
1222.602417
529.773315
1570.685303
922.708862
1122.514893
894.844727
979.456360
766.819885
817.652161
860.660950
373.894501
981.647095
775.681641
682.853516
790.489563
618.689026
1032.503418
1010.858582
1667.738770
1409.509888
733.765503
785.692261
879.620422
634.820801
456.338440
462.728180
709.858093
846.706055
764.500183
1430.601074
1363.584473
719.642944
1264.743896
563.513062
573.641602
417.730957
704.835510
1100.698730
856.692749
674.806030
297.789459
263.721741
507.793610
746.820801
668.609314
838.773804
297.952087
599.790405
447.611176
473.882538
747.896790
631.773804
658.912903
509.824951
509.887146
1400.735596
731.909729
603.794067
696.806946
438.898651
364.725891
1200.908325
1021.595520
1153.501587
1752.469727
618.384521
569.772888
551.867310
469.742950
559.763672
768.589539
843.767822
1008.714355
981.507507
360.749847
403.903259
785.833252
607.712524
961.557251
561.660461
920.774719
524.546692
1101.777954
652.827698
1082.838257
725.539795
882.613037
514.802856
971.841064
1100.693604
1064.723999
934.691345
1727.769165
639.833679
664.455017
1084.664185
969.723572
1484.856323
786.773315
791.764587
1243.842896
778.772888
212.770111
1199.700073
859.808350
429.824493
572.875610
468.917084
875.789001
643.827271
993.527344
354.794983
604.808838
1151.445313
435.752625
357.775635
938.516724
884.893127
400.826782
612.764587
929.695923
637.753540
241.708389
1385.501953
880.643433
756.888489
570.660461
2030.796875
1055.863647
514.752625
906.834167
1004.741089
1552.707886
717.911072
420.828156
718.722229
1200.653076
843.776123
695.819885
1074.568848
321.710693
859.699158
1290.810669
1190.619507
600.675659
628.755371
1293.486816
505.867310
282.941498
781.350891
1052.503418
585.646667
1337.525513
891.547119
604.778381
2070.604736
924.732361
544.754456
1089.684448
671.699158
1385.493286
1009.582153
1192.584961
1145.868286
968.810669
1003.833252
1411.646606
905.800537
1775.537964
728.736023
491.663239
577.648499
307.943787
498.867310
697.879272
1223.642944
1699.419067
535.783020
1666.695923
1035.660889
849.861816
680.691345
1304.836914
1877.688599
479.653107
502.864105
1452.576172
881.732788
323.918457
822.800964
921.364258
911.891724
408.714844
1108.652222
2046.281372
463.860413
1216.645264
1656.740601
614.692261
807.785339
1567.743896
743.618530
999.774292
961.729126
647.789490
355.830017
1358.769653
900.598755
965.719910
807.669678
736.906006
554.821716
775.895874
1665.711182
714.777954
873.643860
568.926270
1643.785767
1310.898682
629.779358
1520.655396
1294.622681
612.689941
624.909241
864.696411
1077.546265
613.609802
700.605164
930.657227
502.817108
461.667847
2105.602539
375.645721
1527.554077
919.922119
1620.353149
695.855835
817.540710
606.770569
532.847961
699.860413
1113.711670
537.689514
466.595520
569.696411
576.769226
1518.452759
1115.775146
1279.729126
419.850739
1495.471191
1383.741089
1767.379883
545.791321
932.545288
561.666931
347.656799
1098.475708
944.718994
842.757202
2015.678467
575.742493
564.785339
559.627319
579.689026
459.737396
648.749390
466.754456
759.564636
347.866852
989.813904
635.790405
535.830017
1693.692261
743.000000
499.769653
351.723572
672.600098
635.701965
1117.616211
482.656799
946.739258
1458.373047
677.807434
849.749878
1220.536133
680.592773
601.889893
1044.617188
1112.630493
710.605652
775.737854
1118.776611
483.824005
431.922150
1725.662842
506.989410
1087.760498
545.818481
971.916626
786.557251
522.722656
911.973755
129.873764
462.446716
517.847534
426.828156
806.813416
802.728638
677.645264
712.860413
847.712097
1110.727295
606.962219
547.755371
599.947021
654.630066
396.800537
736.781189
684.686279
710.847534
694.485901
400.764130
1346.685791
465.443024
654.891296
517.905579
1213.591797
570.898621
1382.766479
348.910614
978.740173
251.622696
835.868713
1130.497803
457.827240
982.707458
266.762756
1162.671021
420.885284
551.766907
779.751221
844.791321
745.647583
538.814331
752.694092
539.656799
547.807434
624.893555
2423.212646
762.825867
729.753967
755.806519
538.618530
710.754456
586.760437
981.826294
1229.709351
1289.694092
647.825378
463.885284
2133.273438
811.680725
880.826782
866.824036
656.859497
1654.660034
703.663208
1622.533813
584.838318
1262.800537
348.614868
1325.378540
490.824951
727.780701
834.792664
924.822632
1233.292358
253.737869
672.820313
1634.630493
572.753540
435.703308
383.653564
625.583557
578.556335
755.760010
1253.673340
549.965881
893.933655
492.804657
533.753540
943.707031
376.708374
668.789917
831.547607
1279.584473
440.839691
612.851685
1232.712036
565.618530
900.844299
887.783020
450.763672
753.772888
506.790863
1154.727295
669.785767
369.367004
332.789001
1379.799194
839.695496
624.686279
572.720337
511.742004
1104.696899
495.696411
1015.869141
535.741577
864.832336
595.787170
627.839661
916.685364
1184.663208
912.248169
837.861328
349.908325
1418.655396
830.584900
703.828613
487.800995
1432.848877
369.765961
870.720337
700.807434
852.966370
285.540680
500.748932
986.568359
710.778381
199.745239
649.773804
920.788086
577.751709
669.677490
1440.653564
494.692261
1257.791748
916.836487
399.800995
1078.847046
291.900482
618.812500
1089.770996
1019.851196
1219.730957
350.817566
383.796387
1012.421387
708.769226
902.566467
878.747070
429.749847
463.823090
448.678894
486.531494
1049.602417
497.746613
1547.641602
666.807434
1023.755859
1381.774780
637.926270
1143.799194
1360.507568
360.795441
1306.605713
948.994019
786.679382
494.637451
850.715759
1333.795044
854.755371
257.842896
491.924896
917.732361
1164.314087
955.814331
743.713928
917.617188
1598.846191
818.800049
810.666443
310.858582
1028.813843
1287.712524
757.855835
824.946106
647.934143
731.736023
858.801453
1570.281738
633.720825
886.650818
2357.768799
782.732788
1059.654907
1095.803711
1013.645752
468.820801
763.735107
936.670593
834.832336
1080.630981
741.817566
846.615784
633.638367
811.758606
1619.698730
457.707001
353.799133
584.783447
578.819885
872.689941
377.834625
1168.765015
693.710205
459.818481
573.799133
321.865936
318.779327
747.781616
869.507996
1177.655884
894.473877
973.493225
591.766907
562.888489
1170.948364
594.847961
614.779358
1046.718994
681.822205
918.404358
1824.620361
927.742920
502.712067
1769.553101
785.677979
855.873291
1186.432373
720.869141
946.400208
1258.489136
555.723572
1046.695435
777.678894
451.857178
829.745728
611.674316
1260.888062
1799.353638
1024.533325
732.651733
1019.754944
428.637909
832.834167
915.814819
1640.811646
317.779327
797.861328
1181.442627
935.794067
1410.582642
289.840607
465.654022
1225.750366
711.901855
733.776550
1270.513062
784.403381
750.716248
804.836914
839.854858
1191.619019
1285.768311
1861.638794
547.771057
997.692749
734.734619
1276.469238
1078.757202
934.574341
799.699646
901.802856
408.826324
887.738770
623.809265
651.777954
424.801453
533.680298
700.783508
653.641602
723.546692
670.740173
524.897705
870.773315
560.760010
598.930908
1451.809326
989.625916
1802.556396
738.774292
1102.609375
579.428284
1315.544434
488.759521
580.915710
946.858093
764.907410
904.555908
1564.841553
704.729553
935.861328
564.591370
1136.682617
774.864563
866.891724
368.596893
857.725403
634.884399
453.604279
963.806030
561.722656
327.906952
873.559143
985.620422
953.525513
898.722229
1076.680786
432.758606
640.857666
1398.829590
398.757690
1124.757202
350.818024
987.758118
763.896362
553.725403
420.828613
645.762268
750.728638
1278.671021
692.843811
748.924927
544.766907
825.710205
927.536987
909.610718
359.814331
778.902344
1763.689941
696.929993
1177.763184
527.704712
1005.537476
699.711121
718.570618
618.830017
856.474365
1720.619995
1230.659058
1183.723999
267.568329
1087.683472
1032.613037
156.769196
784.715759
908.685791
863.844299
1363.837891
1665.482666
912.754944
769.825867
984.659546
671.785339
773.847961
878.701965
942.798706
552.651245
525.748901
941.727722
2158.499756
1385.683960
729.888062
450.762299
1148.674316
426.807892
922.435669
811.655884
1460.565063
547.734619
798.662292
568.681641
826.865051
335.853516
762.698730
318.802368
634.803284
1015.578491
1322.674316
940.651245
1008.843384
804.696838
848.720337
536.547119
564.949768
796.683533
926.673828
727.760925
462.893585
1552.788574
616.562317
681.841553
785.743408
783.506592
765.720337
1364.713013
303.857178
845.800049
620.835083
442.750763
1214.634644
839.792236
844.812988
913.709290
460.793152
521.800964
624.534241
567.669678
821.770142
856.689514
1387.604248
105.655861
1080.765991
496.901886
572.933228
575.609802
837.689941
731.694092
1153.808838
461.750763
571.741089
636.663208
373.741547
1128.629150
528.877441
458.776093
451.749390
645.530579
791.800537
858.928589
358.696869
910.658142
568.564209
625.724487
967.692749
1244.749878
704.656799
1319.714844
347.929504
567.898621
969.678467
781.431946
676.863647
1087.866455
164.993546
342.811584
869.763672
717.603333
633.770569
785.822632
582.895874
1728.541626
436.828156
859.874207
1167.531494
601.780273
718.742004
553.868225
715.821228
610.740662
789.833679
1154.582153
954.770142
549.585815
1654.576660
959.839661
772.594116
540.833252
919.794067
484.610260
601.681641
901.902344
717.699646
1025.554077
422.669220
637.758606
654.841553
851.844727
997.807922
751.574341
1376.635620
1102.699585
553.844727
1050.444458
754.776550
1176.878418
494.800049
1128.571533
476.660919
567.742493
308.892212
288.883911
759.731873
355.772888
491.724060
821.768738
578.758118
460.835541
916.843384
491.778870
1165.590454
996.698730
1435.742065
934.612549
831.685364
1084.858154
957.729553
962.828613
1085.681152
793.770142
449.944244
326.849823
759.771973
1085.760498
1777.760498
1675.326416
1088.830444
519.822632
527.825378
429.909241
1667.497437
681.723145
564.817566
1571.411743
2146.630127
327.876526
599.773804
693.726807
217.800522
1745.695435
574.714844
338.681671
2393.487793
449.730042
481.901428
1066.779785
254.833694
629.664185
648.757202
397.922607
589.808838
813.834167
527.894958
958.794556
555.825867
486.822174
686.823547
594.794983
279.797760
735.609314
2122.253662
688.759521
657.763672
1925.435669
437.620850
1207.864136
593.852112
471.871460
328.810669
709.675232
121.907860
755.502930
980.775208
1544.586304
549.798218
295.496918
947.841553
584.821716
868.945618
1176.778442
1170.715698
532.902771
544.561890
954.778381
508.852112
1862.656372
751.859009
908.728210
1147.242188
526.783936
724.851196
1267.682617
555.885742
618.806946
402.685822
975.619019
462.804657
1052.253662
1524.617188
1240.734619
751.567444
428.845673
596.690430
1069.541138
484.506134
366.794067
1720.337036
1313.654541
646.654480
827.728210
1106.772827
442.925385
539.946533
647.847534
454.859039
970.841980
685.699158
360.819885
659.803772
633.760925
927.871033
747.707947
926.806519
893.814819
1582.752563
1117.823608
1024.583984
517.969116
315.790375
597.778381
885.720337
1355.598267
1186.795410
283.806061
274.821716
906.895874
1708.740234
861.847961
736.765076
1222.808350
622.666016
1284.606079
719.638794
1174.876099
600.668762
1782.749390
685.773804
390.723572
840.876099
626.837830
498.885742
1000.805115
1839.653564
777.678894
893.776550
1483.618042
338.850281
1264.624512
583.747559
1606.539307
1086.898193
448.817566
582.865479
442.832764
573.715271
1031.782104
841.457764
1059.654541
724.760925
543.469299
885.846619
440.676605
1709.525513
1233.686279
197.909698
859.716248
455.555908
1167.940552
773.692261
898.897278
1005.788086
1732.780762
451.856720
501.567413
531.706543
699.383606
674.722229
1071.544800
1195.612061
580.448547
438.813416
867.805603
1018.619446
854.583069
637.732788
570.616699
964.948853
1457.613037
1829.767334
500.639282
704.858093
346.795441
841.566467
647.898621
1066.619995
1022.649414
538.852112
1506.322388
939.701965
481.615326
872.773804
533.720337
514.802368
662.575256
766.759033
720.625488
1038.842407
812.742493
653.867798
502.745239
1129.713013
579.602905
946.723572
363.713898
532.603333
624.709778
716.859009
749.874695
717.745728
983.695496
397.898193
1657.657715
1641.658203
287.789917
1023.672424
493.736481
328.870544
804.644348
643.872864
746.798706
451.841980
857.668335
861.954407
999.793640
958.610229
520.840149
798.630981
877.763184
599.718994
658.754944
517.742920
1934.712524
532.744751
793.713440
922.752625
236.703323
470.847504
1154.826782
616.639771
1655.341675
1105.592285
411.781158
1069.586792
969.716675
466.892212
1563.407593
1000.878357
671.737854
357.770569
1121.840088
773.507996
436.754913
1602.613525
446.838287
768.674744
828.741089
683.792664
677.837830
670.895874
756.877930
710.884399
1118.825806
1540.525513
638.873291
1426.428711
292.848419
507.880219
614.795898
944.783936
754.703796
528.779358
573.830933
611.630554
640.690857
772.753967
653.765991
649.638367
630.725891
875.889465
657.710693
1020.910156
302.887604
755.845642
713.583557
861.882996
1456.543945
1147.688599
1117.343994
705.783936
730.589966
1069.623657
380.737854
1070.710693
182.810196
655.652649
612.757202
1114.529175
815.715759
365.788544
905.382690
669.706543
900.820801
465.829559
937.607483
906.711609
601.834595
632.677490
1659.451294
1476.838257
553.709778
845.490479
548.861816
982.782532
584.849365
1126.792236
2006.397827
815.908813
555.759521
2052.702393
850.864563
1474.457764
737.786682
724.905090
489.789001
795.704712
867.698242
1162.662720
814.623169
752.756775
536.622681
519.813904
1265.849854
635.897705
543.754944
827.935974
649.650330
724.894958
2352.480713
894.812500
656.723572
908.877441
933.708862
442.849823
1159.684937
351.798218
486.825867
767.744751
846.758606
1470.584473
1067.701904
1145.704712
377.872864
1022.742920
791.872864
493.742462
937.676147
1118.804199
610.744324
810.843384
776.751709
1391.595093
980.541626
585.417664
381.915222
542.754944
1691.507080
1333.629150
956.825378
2743.520996
824.814331
2000.728638
1138.407593
1195.817627
1358.548584
1004.792236
818.639771
536.767822
1441.769653
1937.754028
588.670166
852.833679
242.850739
688.721741
603.757202
1959.714844
875.699158
288.804199
255.725433
353.786713
691.786682
608.869629
1944.703369
978.781189
1042.507935
822.577576
512.539795
1118.390015
1336.757202
684.552185
1031.502930
1735.619019
1061.907349
467.903259
477.802826
906.784851
692.753967
321.787628
280.896820
959.737854
1815.527832
642.896790
614.874207
655.843811
1330.591431
483.908783
612.791748
687.884399
542.666931
981.783508
522.735596
666.780701
880.588623
943.605652
565.354126
1273.418213
541.711121
801.599670
1124.811157
1104.601929
897.596436
664.716248
318.814789
795.901428
952.782104
449.806976
1049.799194
1114.635132
624.854431
1144.797729
681.891724
618.708862
565.903748
537.840576
1183.784424
786.566956
907.711609
686.871033
812.685791
1582.174438
538.903259
524.789490
237.836914
773.683044
412.742004
801.723145
498.735565
1461.716675
926.521790
962.619019
215.758133
1017.674744
1545.735107
651.476196
752.822632
657.584900
829.822632
1357.732300
444.653564
521.680725
400.612549
443.818024
611.795898
1115.750366
933.874207
676.782104
937.808350
337.817108
854.855835
428.784851
1320.734619
299.737396
732.926758
871.827698
922.844299
772.585388
923.759521
912.834167
534.739685
1213.389648
1378.852173
1421.495605
964.733704
763.738770
797.915222
1136.667358
954.394653
835.665100
750.541138
799.712097
496.637909
1751.205322
853.778381
1465.765503
638.902771
1709.572510
785.792236
691.669678
650.878845
650.733276
719.842468
1247.695435
614.599670
556.780701
1348.352295
794.597351
423.693176
1522.236206
351.915222
533.778870
748.714355
368.858124
780.762268
1087.656738
1222.707520
881.831421
1188.804199
630.846130
846.892639
911.533325
1384.736084
1157.887573
613.965454
1191.494629
1236.845215
682.749878
815.570618
929.806030
574.822632
364.739716
453.773804
641.682129
1045.717163
1272.622192
365.838287
633.665100
541.519958
1119.711670
869.628662
2152.312744
741.379883
261.806061
935.780701
693.721741
884.826782
337.660461
1486.554565
1017.743835
1078.382202
674.814819
1169.631470
1682.536133
499.827698
589.830444
473.855804
293.686737
831.817139
733.885742
903.636963
867.605164
388.798218
871.774292
846.420471
331.690430
752.806946
384.864105
379.755371
446.794067
406.865936
990.775208
483.704712
752.721313
397.751678
368.775635
677.651733
937.514465
795.546204
350.790833
1246.829102
581.665527
1002.674316
1044.779297
684.721313
933.420898
1211.702393
931.450378
677.925842
599.702393
568.684448
1130.807495
1214.764648
1419.764648
945.666016
415.844757
584.821228
823.739685
486.780243
876.840576
485.742004
702.926270
699.844727
662.806946
860.735596
342.828156
564.752136
1341.581177
1071.731445
570.813416
1004.819885
540.878357
126.812042
762.811584
656.390076
1851.523682
1568.473389
852.895447
558.832336
871.794983
1794.714355
1050.780762
209.891281
773.686279
494.821716
957.635620
405.807892
1269.561890
755.700073
511.808350
1573.591797
579.712097
309.864563
338.664612
1242.645752
1676.641602
617.882507
750.562317
1169.758545
1178.920776
1921.618042
508.690887
590.770142
766.901855
860.640198
389.876984
948.566467
567.842896
583.583557
915.749878
675.721313
448.789459
686.723145
937.758118
856.655884
837.708862
563.564636
1379.743896
741.649414
624.671509
890.785339
1127.639282
737.648499
1478.442627
966.789490
890.614868
730.427795
346.859955
366.927673
592.439819
681.888489
737.846619
696.848877
1157.716675
670.886230
985.790405
1271.569702
861.825378
1793.422729
1169.608398
408.656311
547.773804
1769.532349
429.737396
1140.669189
527.817566
445.857635
726.854858
316.837830
1039.891235
441.794525
1006.728210
1543.649902
852.843811
871.672424
443.596893
1655.467896
803.751221
800.788574
463.812500
1557.536987
857.648010
379.820343
690.805115
832.771973
494.613007
472.748932
1506.420410
369.864105
785.853027
956.804199
481.777954
406.796844
288.777496
1050.831421
626.754456
453.935059
557.599182
574.901855
690.716675
577.777466
1040.847534
693.720825
720.864990
964.865967
218.583542
454.840149
1044.650391
579.704712
766.739258
725.731445
491.744781
1192.852539
528.827271
420.774719
899.758606
1240.670166
592.669678
428.759979
401.932281
791.805603
223.789932
819.698730
832.827271
492.857635
540.868713
277.748474
855.758606
564.828186
557.343994
296.818024
503.789917
492.889435
1105.791260
542.642517
620.953918
1004.419067
881.476196
1119.707886
1344.653564
222.853043
1423.362915
641.812500
935.447205
941.671509
1553.698242
935.800049
736.677063
1004.799133
1591.743896
1582.603760
950.808350
1000.742493
392.873322
612.881592
799.655884
425.838745
469.770111
491.782104
998.889465
528.846130
1237.403442
262.727264
1047.617676
573.811096
422.671082
737.806946
812.719910
511.678894
1472.663696
803.650818
1114.709351
1355.783081
453.707458
955.870544
1095.834106
1304.691284
346.796387
703.772400
921.757202
664.720825
510.592743
766.868225
1015.844299
642.545776
802.807922
1055.579834
1351.609741
436.759064
809.747070
256.951172
1470.754883
852.699158
1673.504272
584.867310
648.657715
658.636963
810.855347
920.709290
1023.856262
729.793152
279.827698
878.732788
1095.807861
601.824463
563.685791
1372.719482
743.617188
973.693665
1343.781616
391.902802
465.811127
489.761810
1225.864136
1044.701904
766.796387
884.728210
469.719910
991.759521
900.342163
424.814331
404.834167
577.768738
699.864563
611.810669
384.715302
1019.624512
968.756287
932.683960
431.779327
824.616699
652.812012
1269.733276
790.719421
686.711121
2474.560547
578.787170
674.798706
677.748901
720.897278
920.564209
1487.679810
2189.641113
545.906921
364.618103
526.743408
979.208984
645.903259
1367.935059
1098.577515
684.901855
553.624084
574.736938
580.777466
899.767334
565.866394
769.800537
353.657715
633.734192
902.823120
629.795898
808.786682
589.729553
759.846130
1038.621338
455.837372
1707.661865
1045.903687
567.674744
1048.765015
1164.785767
1611.752197
1305.531006
423.748474
1019.752625
477.877472
560.759521
1139.572998
327.857178
422.837372
321.739258
580.669678
1068.627808
844.918457
572.758606
1559.601563
560.784851
575.629150
645.824463
435.761353
2110.652100
987.874695
277.800995
830.794067
933.670593
750.605164
693.951660
1318.472534
735.712524
645.929504
427.860870
504.915222
910.740173
962.615784
627.701477
756.821716
942.753052
846.859009
937.740662
726.753540
636.725403
522.894043
1331.682129
824.856750
591.695007
355.929504
567.815735
930.602417
585.923096
570.824036
374.860870
917.472046
1028.341187
538.667847
662.881165
694.461914
359.642975
1264.933228
520.567871
418.865021
635.683044
955.569702
575.718994
338.558197
1229.741089
1158.455933
567.660034
168.823563
1170.657715
905.509827
479.805115
807.723145
340.953918
483.707001
634.760437
501.865479
459.759064
268.720367
806.806946
497.671539
340.808350
618.554993
381.871002
712.778381
605.770142
2370.688477
782.695007
477.821259
976.793152
2736.248535
1487.587646
415.778412
492.643890
1108.759033
1263.543945
775.966370
678.603821
816.918945
1188.653076
590.519958
325.863190
611.703796
987.689026
914.782532
501.661407
1754.311768
446.818481
608.869629
1358.654053
918.851196
565.967285
187.682129
663.576599
757.712524
300.777039
389.894043
556.784851
559.747986
1204.507080
1158.508911
569.904663
1170.861816
1150.581665
997.779785
1125.524536
630.692749
595.405701
799.695496
883.745239
528.837830
1376.630493
766.764099
468.949799
589.631897
711.589050
965.707031
1208.620361
384.808350
689.851685
803.682617
1481.295654
557.543457
878.566467
1194.489136
654.994446
732.800537
1194.676147
874.566040
934.571533
763.741577
772.776550
525.983398
901.776123
1019.693665
702.787170
361.781647
1219.673828
457.842438
868.735596
661.629578
1516.605225
752.810669
1307.677002
1399.632324
685.736511
544.620850
718.723145
792.817139
1035.843872
372.794067
568.722656
760.579407
1186.814819
533.679810
294.754456
312.814331
776.765991
1297.532837
661.755371
483.953003
902.513062
875.734619
722.790833
554.617615
220.495087
782.904663
568.858093
742.787170
634.830933
1416.770630
409.841980
742.850281
624.844299
948.884827
868.873779
609.636047
622.773315
690.678467
909.855347
300.838745
758.792236
755.746643
594.784851
826.777039
838.824463
621.623596
928.811584
1025.801025
753.642029
1056.610718
757.675659
528.661377
388.819397
1368.497437
805.513489
1100.598267
1021.792236
595.713013
1249.853516
630.553589
239.818481
819.535156
330.786713
856.698242
1379.755859
691.818054
522.857666
893.848450
542.683533
792.519043
605.655884
406.766418
1005.744324
854.589050
1001.675232
892.571106
1815.541626
1185.756348
1210.690918
755.839661
790.802368
164.752151
883.539307
2498.378418
539.806519
586.732361
404.707001
1121.226929
544.872864
418.761810
769.720825
757.708374
1384.553101
325.669220
656.746643
1308.334351
1102.696411
892.753052
1034.889404
526.930420
634.894043
1230.661865
945.839661
1193.709717
790.722229
837.993103
567.758606
1179.824463
894.796814
346.753540
821.406616
1255.444824
1292.392822
622.911072
1422.756714
982.670166
1461.795898
1186.476196
674.899109
452.922150
269.879303
1089.798218
748.663696
825.499695
715.853027
962.578918
424.524567
258.753540
1162.397827
660.932739
437.903259
973.805115
1210.631958
851.773804
1035.631958
543.747559
787.771973
902.734192
818.766907
1069.748413
754.847534
636.882507
741.807434
774.771057
298.869629
726.701477
1117.688110
922.791321
288.775177
1297.551270
676.739685
902.696411
783.717163
912.797791
319.949799
512.700073
717.886230
815.643433
954.533325
502.735107
695.874207
463.692261
684.558228
2204.838379
567.933655
810.828613
1330.528687
831.850281
1145.755859
699.757202
907.822632
1083.676147
494.862701
866.631470
650.777954
1186.592285
1119.400635
2187.626953
388.855347
704.783936
1159.634644
1180.678955
521.877014
603.564636
499.773346
766.654053
626.681641
1197.419556
1068.310303
526.789490
251.752609
553.895447
364.906952
1835.619019
678.777954
1013.528748
3700.430176
820.800964
296.000000
177.753998
1037.636475
929.668335
151.811584
1012.860901
989.678894
455.626373
2226.532471
451.820343
146.882523
435.758606
748.904663
983.805603
1075.630493
162.724045
786.882507
458.839233
827.848450
876.745728
565.734192
729.669678
655.710693
456.774719
862.451294
622.796814
546.843384
755.718506
760.533813
517.711121
765.649414
1127.374390
759.687195
1668.498779
656.642029
330.669220
1253.565552
281.689941
521.692261
452.629608
284.777954
955.785339
571.826294
943.529175
511.671082
296.711609
782.913879
1034.534668
548.696411
2015.464722
505.753082
317.643433
717.902344
1492.432495
1155.677002
1458.599243
910.800964
597.764587
867.959900
624.865479
172.858566
1040.554077
1133.724487
348.853516
684.849792
874.605652
876.767334
694.583069
1006.754456
1577.644775
811.815735
368.885742
864.796387
1174.780762
685.828186
614.894531
986.691345
621.647583
1410.774292
907.860413
910.411682
522.642517
2559.284180
1138.638794
1457.870605
880.747070
1119.701050
227.783020
693.731873
979.900513
578.799622
419.633301
513.824951
940.639771
266.929047
896.818481
1453.510254
273.763214
413.803284
761.748901
1207.716187
323.962677
849.788086
944.724060
1073.765991
973.561401
572.763184
641.839233
541.706543
808.740662
539.816162
513.755371
742.730469
491.715759
513.891724
828.862732
633.803284
620.603821
743.820801
1239.789063
839.689026
617.921204
521.643860
774.846130
1092.460083
531.902771
1595.302002
1064.611694
2108.731445
638.675659
732.683533
635.660034
872.734192
491.743866
984.713928
1277.824463
649.569275
793.778381
315.917999
673.686707
813.457336
665.835999
2187.590820
328.768280
727.706055
734.819397
790.616699
467.762299
948.829529
1023.731873
872.689514
1165.640625
242.707458
1528.494141
1019.744812
347.859497
1197.655396
1076.729614
255.673828
932.582153
829.726379
1269.640625
664.557739
451.835999
739.845215
499.793152
851.697815
1161.750732
548.651245
695.611206
1969.524536
943.799133
247.727264
666.540222
621.753052
544.645752
615.815247
851.798218
796.651245
1434.734131
314.788544
699.713013
779.747986
674.740662
759.666931
823.883911
818.900513
356.598724
638.841553
844.818054
1657.326050
682.677490
787.741089
2642.448486
886.840576
1020.597351
796.593689
470.709778
686.813416
705.958557
889.828613
520.728210
919.814819
1274.645264
1178.667358
608.685364
586.826782
410.908325
495.848907
992.857666
1521.823608
886.623596
3060.764648
641.827271
252.763672
635.636963
837.799622
1486.642456
183.864563
745.680298
760.657227
1183.636963
964.714844
965.775635
494.664154
295.858582
1627.674805
247.891739
1212.563721
197.886673
740.691772
1045.754883
711.533813
360.790833
1136.519043
1207.776978
2096.390625
722.833252
843.616272
449.789001
1034.712524
392.910156
911.553162
486.745239
359.904175
871.777039
635.893127
444.839233
860.547607
1350.651245
604.869141
879.586304
393.784393
1423.567383
240.780716
921.544861
460.859039
944.867798
672.868713
653.817566
1323.819458
825.768738
706.850769
518.765991
912.773804
1147.841553
422.729584
2092.681152
782.734192
1109.764648
754.806946
532.898193
1374.639771
663.253235
463.851196
756.783020
150.854889
801.551270
406.846588
894.766418
285.902802
679.697815
523.744751
670.797729
536.779785
894.812988
578.792664
1133.712036
938.666443
525.922119
531.757202
451.718048
338.892212
941.505676
1275.643433
1668.470703
403.730957
609.726807
447.660004
508.821716
649.626831
755.755859
684.680298
562.760437
352.952545
628.696838
947.821716
1110.714844
1058.722168
1180.385010
809.642944
1937.364746
1068.696411
1845.654053
1012.691345
788.893127
1150.763184
424.813873
989.747986
737.677490
777.548523
1116.603394
743.610718
814.603821
381.929047
944.759521
405.832764
588.697815
917.861328
1814.286865
578.742493
404.829559
1150.352783
1304.506104
1312.533813
1341.613037
748.718994
1348.751709
720.464661
357.783936
416.783478
1116.766479
988.858582
397.735565
764.738770
919.804199
1108.793213
679.766907
1311.790405
549.637451
680.707947
1366.282227
389.765961
333.741547
2265.722168
627.742493
684.607056
948.608398
1256.696411
933.853027
601.750305
393.861786
442.645264
444.923981
1589.543945
751.774719
747.765076
800.755859
467.475739
928.798706
590.755859
462.573395
437.706085
519.756287
879.829529
549.671509
973.801453
352.859955
959.821716
821.745728
927.770569
385.777496
654.834595
473.830933
742.823120
749.809265
564.000000
1360.934082
315.979736
186.966370
976.864075
684.666443
810.726379
1808.241699
514.864075
1424.584961
416.759521
451.507050
511.725891
435.504303
391.722656
968.772888
1298.639282
473.771484
1824.584473
982.550842
871.819397
656.727722
824.856750
589.834595
344.782104
383.848419
1179.769165
1128.782593
1847.415894
784.383606
1033.659546
595.772888
542.690857
863.559143
1533.332031
459.772430
1718.708374
920.763672
499.862244
1012.548096
796.909729
748.858582
1408.566528
538.635620
264.709778
709.664612
854.816650
859.642517
659.611206
705.871948
789.848877
1150.442993
178.775177
1366.433350
886.802368
1232.714355
690.806519
389.720825
471.743866
362.847961
874.690430
411.864563
561.839233
2360.516846
233.729111
791.654053
521.784424
2024.629639
490.825409
533.550842
930.783020
965.711609
733.348145
871.702881
729.742004
850.719910
430.812958
605.870117
717.835510
639.642944
455.924896
605.497375
752.846619
1063.786743
848.830017
372.766907
385.827240
707.751221
860.647583
863.719421
600.615784
426.725433
905.661377
751.914307
637.803284
431.825409
771.493713
770.637878
313.861328
940.583069
869.731873
1139.572998
609.585815
744.878845
1532.707031
824.828613
597.730469
887.804199
666.824463
627.706543
790.769226
457.753540
588.411682
771.276733
1001.718506
1252.765015
388.712982
892.863647
1055.720337
527.832764
510.875153
863.830933
882.707947
1068.815674
546.748474
373.678894
1014.707031
425.840149
890.647583
961.587219
922.646667
1190.755371
299.930450
1676.345825
1292.611206
607.935974
515.631470
990.826782
1997.631470
551.919373
351.900024
229.829544
238.861328
755.644348
1011.702393
1359.712524
341.827698
1183.558228
614.838745
704.782532
461.793610
417.777496
1041.658691
431.695496
584.850769
1195.427856
438.748474
616.864990
512.618530
633.582642
1175.743896
741.221436
1025.781616
1325.715820
1080.545776
1453.682129
852.695923
924.841064
1060.667358
812.648499
699.685364
1098.664185
617.591858
1010.730957
1252.731445
1200.629639
364.811127
553.850281
470.816193
730.832764
631.777039
524.809753
1176.662720
1061.640259
1006.869629
1343.697388
637.913391
787.872375
627.808350
1012.847534
851.720825
604.549438
272.876984
1125.726318
974.680725
465.744781
558.639282
1091.506592
365.543457
954.503845
823.853027
850.583069
541.760437
1778.516724
2681.302002
944.789917
536.625488
559.831848
1512.680786
916.841553
614.828613
819.889465
482.871460
1070.723145
1392.487671
572.866394
1038.703735
685.722656
1394.741577
860.769653
928.740173
1564.716187
866.890808
1072.684937
734.642517
785.928589
774.921692
626.829529
1466.671997
753.635620
529.679810
703.499695
589.763184
594.771057
410.956238
1126.775146
51.859489
1012.634216
1148.576660
1073.575684
738.841980
1142.727295
582.869629
1009.929077
710.693665
1190.799194
822.867798
918.726379
1234.701538
527.760010
522.737427
1534.633789
707.742920
709.778381
441.862701
915.846619
579.761353
592.679810
870.872864
482.800995
1047.542114
815.791748
647.789001
366.857178
906.663269
1113.521851
829.780273
1545.590454
938.726807
1428.753540
670.780701
1411.750732
613.770569
400.659546
842.560059
451.921692
414.759521
525.822632
368.778412
726.613464
657.793152
1176.821289
577.652161
784.828186
429.876984
969.831421
541.788086
414.674286
492.710236
531.813416
1384.763672
1028.649902
1451.824463
1338.767822
1480.441650
1160.741089
1334.667847
1090.588135
702.757202
960.554504
1022.742493
1210.781616
1227.622681
459.830933
727.621338
323.788086
968.658630
705.640198
1147.791260
800.900513
1121.615845
953.680298
407.808807
1297.785278
1193.677002
1082.775146
368.671997
1028.479004
2339.399658
787.859497
1002.628235
740.849792
1047.684448
704.875183
1900.778442
690.829529
605.506165
839.798706
2222.777588
841.787170
745.595032
1141.747070
742.747986
1245.491455
1127.628174
1013.528748
774.823547
1110.776123
918.737854
887.797302
835.732361
1730.799194
687.881592
415.653107
730.806946
813.779358
711.841064
1423.580811
959.848877
1508.598267
463.698242
427.673370
1208.659058
405.762756
1072.795410
558.844727
1063.698730
1861.705200
615.702393
915.712097
577.876526
820.857178
646.415833
887.639282
868.765991
859.737427
1051.710205
633.768250
819.618103
644.811584
1073.763184
917.707458
844.710205
843.579834
515.804199
850.745239
839.696838
1306.783081
451.852112
223.822174
463.862244
755.470642
902.725891
863.602417
832.876099
1193.712036
444.759979
2565.242188
872.880676
969.737427
615.663208
301.693634
673.685364
955.648010
1090.731934
541.912903
1402.773315
1500.689941
789.651245
723.671997
446.832306
561.955750
1661.516235
335.671539
711.835510
620.905090
974.502441
395.281769
1014.544373
726.601501
1534.652222
717.864563
231.602417
676.855835
458.867310
629.807434
641.637451
815.741577
880.866882
1084.810669
676.718994
715.671082
1369.952148
1582.643433
819.698242
604.775635
557.777954
513.698730
1182.749390
1230.593628
1015.477112
506.888519
306.867310
1178.847534
643.736938
663.868225
381.730042
1631.717163
1327.711182
1155.732300
589.788086
277.766876
537.739685
738.678894
335.639282
964.605164
1151.866455
1071.801880
823.818481
571.710205
964.674744
1329.816162
712.847534
551.767822
1108.616699
870.725891
1314.760864
1311.901855
665.608398
581.787598
706.742004
539.707458
1160.577148
373.700104
1119.886230
551.874207
473.678436
1227.815308
834.624512
762.854858
797.730469
368.800537
746.777039
1433.501587
923.866882
128.749390
1674.590454
1222.689087
653.833252
996.718994
679.806519
1105.823120
533.815735
249.790390
894.742920
1070.666504
1617.642456
538.730957
635.879761
727.834595
864.542969
1296.763672
543.882996
1029.729126
612.890808
279.660004
787.788086
702.785767
883.747986
569.618530
1032.548096
566.833252
727.577087
318.713898
1062.473877
656.756775
794.731873
670.848450
564.320007
1015.794067
859.818481
478.576630
587.869141
2156.585938
578.698730
1500.514893
1184.762329
1017.745728
1253.625000
858.712097
633.861328
504.572021
1145.623169
1110.703369
491.662781
258.664612
560.836914
345.737854
654.902771
995.730530
854.727722
274.623169
461.787170
676.622253
758.911987
789.718079
902.819397
555.887573
808.631897
913.861328
1547.548950
1077.777954
892.818970
1240.719482
991.727722
751.732361
403.771027
881.690430
1695.724976
622.732788
658.631897
885.888062
878.774719
865.787170
837.683960
855.770569
1092.887573
750.794067
571.847961
654.772400
543.824463
423.855347
1171.713867
488.722198
349.799591
432.522278
1215.514893
938.443054
896.718079
1166.822632
1297.644775
331.670135
1352.874268
380.772888
568.721313
588.782532
785.808838
559.790833
785.857178
188.825394
682.932251
773.864075
858.872864
771.886658
589.714844
1311.562866
802.737854
884.848450
495.918915
490.768738
381.737396
788.849365
462.753998
536.817078
849.793640
800.631470
894.909241
1486.657715
819.591858
432.855347
870.730957
106.801903
628.707947
1237.767822
848.786682
1408.450806
508.762299
707.914307
424.762756
478.821259
1431.681641
450.767822
1203.631958
1370.663208
475.776581
744.806946
747.799133
407.643890
172.789001
691.854431
660.860413
314.781158
399.902344
874.768738
708.862244
551.736938
1156.553101
1326.417725
2043.179077
717.595520
772.805603
544.887146
785.843811
1345.617188
1326.741089
921.513977
643.972839
876.673828
153.764130
754.733276
276.728180
501.663696
558.602905
963.472046
795.814819
1009.596924
1521.689087
416.747528
447.693176
483.652649
878.382690
274.624084
530.566467
416.806976
330.710236
704.727722
203.970978
1026.763672
1240.504761
353.758606
865.838318
1120.583130
519.862732
703.839661
781.560059
1165.792725
1792.551270
433.567871
1012.463318
963.767822
867.768738
442.709320
567.723572
706.839661
1065.652588
613.800964
574.848450
237.651260
639.903748
1104.803345
662.594604
483.720825
344.892212
1134.619507
1234.725952
1299.507080
765.900024
925.688110
835.809753
919.655884
647.898193
933.815247
449.777496
1067.491455
387.714844
714.658142
832.922119
1450.582153
518.765991
450.864105
1367.542969
660.602905
1096.551758
1114.799561
643.849365
1146.580322
403.722656
622.722656
1350.609741
732.683533
815.398804
1264.713867
499.759979
1095.716675
1360.479370
822.813416
662.612122
547.515381
493.775635
740.483582
1424.542480
635.989868
776.750305
616.727295
730.644348
1207.648071
318.807892
715.735596
1302.840088
811.730042
684.925354
917.635620
432.729584
1268.661865
1355.771973
701.388184
818.709290
671.789001
1101.621826
739.824951
718.689514
660.705139
644.677063
814.419556
617.746155
580.741089
588.639282
1064.617676
537.000000
1446.863647
1057.827271
883.772400
1983.509888
426.733276
815.564636
720.947510
2087.588623
1020.761353
937.389099
662.759521
920.834595
690.824036
671.929077
1047.465576
446.721283
725.843384
530.835083
392.746613
867.686707
826.810669
1002.343994
1017.678894
621.750305
561.757690
1003.766418
740.753967
475.846588
969.783508
1203.633301
168.977432
559.618103
864.711609
505.865479
1478.553589
865.773315
1437.647583
480.831848
628.596436
563.777039
754.695923
701.512146
822.814819
1015.782104
1023.909729
984.432434
1003.713440
412.688110
999.818481
1040.440308
815.675659
1236.595093
330.930450
944.789490
703.838318
336.856720
446.921234
1313.483521
925.820313
1669.656372
838.696838
1160.802856
323.759064
493.791321
582.718506
283.903259
669.759521
296.985718
601.953918
748.751709
345.773804
1657.601563
568.848450
1069.717163
366.709320
505.770111
850.748474
928.779785
456.773804
697.817566
1001.741089
767.442566
1139.747070
448.711609
676.741577
2773.395996
584.839661
660.841553
424.582153
1341.842896
820.798706
869.838745
780.805603
624.724976
434.939178
1109.704224
499.794983
468.790863
763.886658
1719.460083
409.936432
271.738800
937.740173
445.842896
954.868713
907.589050
807.771973
994.663696
190.716217
1647.744385
544.817566
787.624512
461.737854
755.582153
549.699646
982.331543
402.633759
923.731873
721.442566
120.810654
1585.776123
1654.857178
690.739258
855.740173
485.797302
1066.721313
1759.770142
696.778381
826.613037
961.736511
1380.780762
673.499695
915.815247
145.830460
1096.757690
487.711609
1272.668335
764.790833
693.855835
1406.733765
2104.430664
481.818481
667.934143
541.769226
476.797760
342.640198
1430.482666
1064.596924
697.783020
814.816650
677.690430
1176.768799
1277.741577
897.634705
826.428284
1016.651245
886.866394
1065.720825
745.718506
767.683044
592.700562
1392.618530
555.745728
556.842896
370.853516
946.874207
644.793640
1224.722168
1018.735107
356.908783
1560.710205
1111.475708
1136.679321
890.894531
728.599182
519.778870
704.882507
929.659546
436.661407
459.735107
996.732788
327.894958
954.736023
916.749878
466.848907
792.670166
1060.598267
433.738342
580.688599
677.921692
1142.696899
625.713928
1060.590454
961.717163
1063.817993
766.526428
442.791321
421.827240
917.576599
852.786255
552.751709
594.820313
521.882507
823.752625
411.943787
511.821259
561.986206
639.630981
659.710205
263.794983
771.491882
421.606567
495.812958
651.663208
970.685364
793.660950
929.673401
1017.835999
799.560059
367.724060
243.712067
1202.792236
783.842468
573.787598
280.911560
510.782104
1232.387329
580.582153
677.983887
754.806519
393.830017
422.764130
1132.836426
1229.681641
1241.788574
832.791321
347.782562
1044.507080
497.837372
702.630554
886.425964
1232.710205
857.578918
557.809753
873.572021
585.799133
754.727722
950.622681
579.778381
1579.748413
1191.777954
759.519958
665.821228
385.766418
337.976501
591.872864
686.856262
364.823090
457.881134
261.701477
552.795898
1798.262939
1130.771484
591.732788
1125.759033
1081.595093
549.930420
933.802368
1236.453613
797.849792
785.823120
930.697327
870.842896
732.519043
757.740662
594.903259
1348.695923
161.631454
600.853516
312.900482
970.770569
409.762299
1048.844727
1277.703735
855.841064
867.733276
512.714355
661.796387
1186.675659
525.833252
382.967285
1511.282227
1126.716675
746.638794
567.554504
916.925842
1379.814819
1023.836487
967.622253
420.748474
799.339355
928.797791
858.695923
602.902771
957.630066
747.557739
433.823547
456.791779
185.858109
966.917053
929.873291
843.777039
709.929077
1095.492310
611.632813
724.642029
1694.712524
703.744324
2164.758057
1690.635620
824.796387
599.724060
305.881134
937.680298
730.759033
409.801453
690.541626
1507.338867
1103.651245
462.822174
677.899109
476.741089
1602.577148
762.717163
892.840576
1523.682129
1106.496948
2215.453613
344.694550
357.515808
433.888977
544.828186
1143.653076
827.736938
1140.712524
952.780273
451.794067
961.833252
503.650330
1624.620850
1012.591858
445.736023
969.789490
990.825867
874.441650
511.833221
944.817139
825.811096
579.790405
1252.748901
1011.811584
2207.474365
941.634216
1795.728638
483.771973
461.849823
369.669678
799.680725
882.668762
773.947510
903.538879
1156.732300
931.636963
1474.590942
356.614868
847.689941
652.819885
861.669250
1321.848389
817.840149
1388.672974
429.744324
605.767822
733.534241
335.908325
1343.688110
1158.953491
580.542542
1430.768799
688.677490
785.833679
746.744751
1047.662354
673.707947
529.784424
365.769196
818.787598
794.739685
1746.537476
714.789001
409.918915
1328.766846
1300.718994
603.487244
623.752136
692.816650
1105.556763
1389.753540
462.772430
1149.624023
865.602417
572.595520
1342.534668
456.964996
1180.766479
1035.809326
1650.498779
324.659546
676.815735
577.746155
1614.643433
822.649902
703.882507
1412.583130
902.726807
551.820801
1386.344482
1729.654541
958.715759
664.566956
918.637878
673.714844
359.698242
1100.617676
992.762268
953.586792
3020.610352
1694.400635
327.780243
317.904175
485.457306
926.897705
732.880676
516.887573
305.959015
715.803772
1100.722168
810.859009
657.742920
562.724487
561.841553
732.665100
1002.674316
452.781158
807.690430
733.841980
807.922607
522.846619
428.766418
1203.804199
687.528687
448.838745
417.732330
1097.724487
1195.764160
558.571533
664.872864
932.720825
1226.749878
525.901855
1127.896851
744.676147
895.714355
1150.815674
707.738342
906.728210
610.877014
624.422302
530.690857
489.750305
398.806976
483.890350
600.783447
321.652191
557.711121
1477.876953
1037.797241
457.903259
1771.383545
869.633301
510.813873
786.000000
460.923981
555.755859
451.866394
477.713898
669.623169
613.755371
2110.545654
1429.482666
997.816650
1787.807861
506.823090
385.823547
440.574799
1596.541626
1674.627319
1450.654541
613.473877
894.654053
822.615784
1212.801392
2033.397827
1283.611694
665.869629
576.629150
1637.627808
1559.567383
420.861786
474.795441
1108.627319
1667.232056
571.588623
1575.532349
989.777954
385.566956
862.662292
382.866852
879.692749
1133.681641
326.791779
466.701019
590.890808
877.760437
804.421814
890.632385
734.869141
568.818970
1089.760010
1247.495972
1015.821228
1398.689087
754.591858
1656.628662
436.650330
315.841980
1539.736450
984.728210
698.690857
572.531921
572.719421
922.743835
809.852112
889.790833
162.830933
524.854431
760.729126
1014.707947
623.831360
821.497864
1711.601563
418.930450
586.921204
494.960388
378.862701
777.833679
856.388672
769.600586
488.632843
894.880676
1055.865967
847.918945
818.773315
470.898651
805.575256
1372.850342
633.664185
747.833252
525.741577
441.838287
400.935059
1817.697754
500.652191
302.836914
860.767822
720.907837
755.578003
812.824036
644.857178
1039.860840
927.810669
870.777039
696.718994
332.892212
753.625488
496.740173
1805.599609
639.742920
421.949341
1091.638794
719.757690
858.736511
972.451782
830.841980
701.734619
404.642975
310.715302
575.777954
892.444885
1177.591797
258.923981
693.795471
1343.600098
1538.575684
473.750305
640.608398
829.626831
399.758148
235.713455
1046.402466
736.913879
404.757233
1045.675659
664.763184
499.669678
282.683502
831.795471
960.871033
1323.512085
784.868713
1264.719849
519.750793
914.882996
998.681641
690.683533
668.733704
503.596893
967.755859
1515.642944
531.741089
552.684875
416.929047
1045.760864
433.715302
739.768738
1484.354614
782.783508
1092.510742
1070.390015
539.776550
518.793640
1297.371216
652.817566
396.727722
585.794556
372.850739
608.671082
729.703796
932.673401
661.852112
277.827698
1047.546631
1223.699585
614.691345
896.700562
1780.179565
507.666931
1059.807861
514.725403
677.797729
571.825867
399.818024
604.861328
354.711609
911.411255
889.525513
1439.840576
415.718994
488.798218
350.957611
1472.458740
1521.754883
373.605194
553.869141
1098.606079
685.670166
429.793610
784.744324
659.703308
1342.725464
1165.465576
160.814804
650.682556
723.700073
178.681198
129.824020
1368.761353
491.811584
646.762756
637.868713
707.849792
565.862244
1055.742065
1059.546631
438.741547
496.874237
402.830933
582.772888
1255.777954
1105.566040
495.709320
495.661407
419.813416
630.694092
1060.735107
659.798706
531.703796
947.433350
562.691345
802.754944
814.745728
548.888977
744.718506
418.911102
988.613037
413.771484
1533.745239
1053.702393
1324.768311
928.696411
870.501526
660.755371
497.902344
953.761841
581.531006
339.824005
1159.434326
696.888489
918.702393
595.694092
908.669250
539.929993
347.854889
455.706085
838.632385
866.570190
399.784851
866.610229
825.897705
214.805130
550.886230
869.705139
1126.791260
645.707458
328.882538
721.325989
1097.847046
494.669220
529.828186
807.900940
616.594116
368.604279
373.802826
711.716248
950.645752
1159.392334
888.524109
899.829102
1021.787598
627.643433
630.881592
760.631470
809.852112
881.561401
901.863647
834.794067
684.746155
442.668304
947.680298
353.798676
856.780701
501.841064
360.702393
634.888977
481.776093
255.846130
698.756287
868.614380
1608.487305
244.747086
482.682587
1272.629639
451.675201
663.743835
289.703308
697.553162
563.818970
400.818939
1166.768799
618.901428
1225.774780
951.613464
1004.700073
1139.583496
1050.766479
670.628662
836.927673
419.893127
795.752136
853.789490
286.509369
539.524597
903.826294
561.718994
652.789490
568.736023
525.698242
338.724518
628.738770
786.804199
932.822205
539.834167
656.681213
702.752625
2188.404297
612.788574
1485.825439
591.824463
1262.714844
1217.301147
537.681213
399.932739
1194.748413
895.695923
199.654480
330.912476
474.518585
850.849792
1028.825439
854.820801
325.659546
770.456848
931.645752
1411.512085
1086.622192
867.733704
504.589050
985.559570
654.691345
946.730530
337.689026
1761.530518
758.879272
1312.832764
836.937378
727.829102
425.781647
1361.471191
817.672913
1221.751709
1822.598267
571.746643
990.753052
609.802856
791.817566
965.815735
873.808838
622.707458
1350.768799
598.743408
616.628662
1128.608887
651.771057
354.810211
637.947937
396.774261
362.753998
720.707031
437.688568
1351.618042
798.867310
1896.251831
823.675659
820.824951
962.502014
562.847534
725.842468
331.707001
658.707947
406.715759
569.733276
399.410309
601.689941
527.854431
781.574768
892.839661
816.654480
1015.684875
664.874695
943.742920
198.707458
1030.363770
1008.713013
450.783020
508.750763
530.548523
386.791321
146.703781
1068.825806
334.915680
1033.751221
538.758606
1173.902344
134.818024
2193.749756
349.846588
1607.736938
658.686279
1239.872803
1019.728210
332.735107
414.763214
846.529175
608.736023
882.499207
1024.652222
2013.725464
339.810669
410.828613
516.993530
747.758118
967.718994
510.868713
999.780701
761.741577
1356.689087
1096.902344
779.717163
1004.863647
1329.754517
704.839661
131.993546
492.724518
799.714844
840.853027
567.679382
668.797302
781.799133
514.779358
1968.716187
886.778870
1323.664185
771.815247
716.790405
682.749390
500.800995
278.784393
403.846588
672.423706
596.446228
669.720337
323.843842
1249.476685
1223.764160
1133.771973
385.799133
719.724976
1092.892700
304.863190
280.787628
801.846619
675.681641
1223.497437
2238.449463
1267.770630
942.457764
526.842468
573.607483
464.749847
728.659119
962.413086
987.649414
505.589050
519.831848
1075.700562
534.778381
513.838318
748.575256
442.722198
710.862244
860.637451
1626.488159
906.888062
1201.660889
343.860870
383.633759
656.598755
1192.776611
235.938736
518.877441
1978.531006
1150.853516
945.580750
1811.529175
246.918457
1038.691772
1149.848389
1007.777954
827.919373
2539.610840
708.742493
573.747070
812.713440
351.864105
1198.689453
794.683960
314.903717
1379.532837
816.687683
1011.780273
756.953918
824.668335
635.830017
1086.642944
1634.661865
1243.613892
628.750793
518.834595
436.734192
768.933228
992.737427
396.621765
611.863159
1754.597412
1046.821777
301.848419
616.737427
1233.667358
850.554993
580.823120
1112.616699
669.794556
974.935486
1193.694092
419.778870
803.513062
700.873779
833.703796
1050.530518
1162.671997
1420.734619
566.752136
387.596893
1105.642090
379.888977
1236.549927
868.648499
757.697815
1133.356445
900.664185
1306.635132
979.746155
812.910645
569.795471
1164.627319
597.800537
434.875153
877.697327
553.767334
1475.636108
641.574768
763.824036
611.640198
1469.493286
518.806030
484.908325
1340.695923
604.763184
1234.652222
1357.799561
1272.707031
976.737427
439.747070
515.978333
378.791779
570.752625
977.637451
724.841553
326.858582
1245.799561
1008.713440
697.906006
487.731873
1025.785767
1128.757202
817.842468
844.719910
778.846619
737.907410
820.677979
703.758606
596.896362
1100.701050
897.935486
574.677979
351.744324
686.714355
545.563293
1695.428345
638.683044
1107.853516
1112.654053
894.832764
473.802826
641.602417
879.919373
316.740631
1619.728149
412.832306
435.643890
1001.472961
427.885284
772.742493
762.812500
1340.701538
619.679382
1037.802856
519.793152
195.628220
708.770569
585.795471
1270.687256
672.739258
641.724487
957.455444
861.908813
973.644836
677.713013
1240.516235
849.668762
429.841522
886.935486
929.581238
822.776123
166.800064
671.724060
233.849350
1334.595459
270.649872
605.472961
422.886658
872.663208
825.733704
456.929962
888.692749
675.761841
1078.670166
676.691772
642.648010
753.785767
515.592773
657.860901
1044.748413
966.687195
834.695496
846.533325
431.715759
1141.700073
833.783020
1243.563232
858.760010
910.810669
933.487244
318.702850
440.868713
1165.708374
595.783020
2030.827271
2426.304443
982.518555
891.554993
263.802368
555.561401
959.633728
1516.654541
283.821259
1127.740234
506.758148
570.900513
850.704224
846.707031
825.725403
344.722198
1368.448120
305.787628
737.783508
699.839661
1599.658691
809.562805
572.599670
618.737854
281.717590
1227.610229
405.719452
1489.571533
881.844299
746.886230
1158.560547
298.693176
917.729126
766.815247
1009.607971
705.790833
525.895874
910.694580
759.755859
293.652191
554.000000
1181.903687
759.707031
1388.760010
902.878845
1325.882080
597.638367
959.826782
429.929504
1129.795044
521.726807
558.807922
755.736511
781.707458
332.712067
2014.548584
472.647583
747.787598
678.762268
1328.609375
485.655853
406.835541
377.864105
453.841522
745.739258
546.843384
1006.696899
908.811584
1091.784424
1122.545776
931.650330
772.639771
1189.606567
913.809265
577.578918
559.753540
636.791748
940.365173
759.684875
767.853027
969.846130
618.609802
1137.634155
424.673370
643.861328
129.735107
204.900497
2808.644287
719.791748
874.744751
747.739258
1348.524536
478.841980
373.854889
561.519043
1229.637939
429.624542
981.613953
1011.946594
803.629150
622.780273
1060.506104
509.737854
1252.868652
1154.625000
860.533813
1240.916626
621.502930
1010.612122
470.772430
744.686707
730.606567
414.687653
717.864075
291.737854
472.931366
498.634216
613.737854
683.921692
807.774292
738.800964
883.724976
833.645752
1420.823120
941.777954
1579.718018
858.766907
1021.669678
1252.792725
1708.410767
1230.934570
1241.608887
657.885742
693.812012
1212.524170
429.720367
1280.457764
287.855347
931.783020
442.948395
1326.477539
636.724976
643.854431
442.857635
405.953918
1025.649414
744.735596
604.807922
1326.718994
792.716675
738.879761
561.749817
2924.589600
940.756775
736.803772
503.949799
150.775650
775.667358
450.824005
487.833221
804.713928
448.854431
852.769653
984.773804
804.764587
952.670166
622.718994
1159.612549
575.731445
1122.850220
737.491394
1036.625488
287.821716
1316.813477
931.914307
751.860901
817.708862
1191.714844
389.779785
807.773315
427.830475
757.784851
690.683044
678.839233
628.748474
950.690857
1023.758118
495.822174
441.581238
215.875153
573.694092
605.866882
988.618103
1084.729614
967.647583
1050.812500
785.654968
1458.644775
604.892639
617.642517
910.619934
524.867310
1012.563721
431.736481
343.867798
522.902344
539.689026
822.742920
1092.639282
1407.872803
557.923096
574.686279
1178.445313
497.746613
351.866394
251.769653
1424.502441
1002.753052
730.786255
929.779358
1728.652222
953.604248
460.830017
751.542542
1206.467041
760.734192
1071.415894
439.819397
692.572021
608.913879
728.652649
1111.488647
496.839233
580.603821
939.843811
1343.573364
876.724487
937.834167
350.922607
1074.778931
682.885315
1100.595093
716.698242
683.800964
1346.513550
474.832306
1565.381714
895.672424
435.730499
709.812988
520.881165
306.896820
961.560059
639.590881
470.777954
430.811127
516.841980
549.835083
703.580750
928.596008
651.758606
1795.594116
430.769196
1130.810181
909.707947
1202.754028
781.835510
499.714844
315.873779
871.678467
545.802368
563.845215
294.789001
609.787598
946.859009
724.969116
726.968201
601.666016
359.872375
921.535645
897.854431
217.777481
706.860413
825.708374
372.911560
445.890808
754.854858
636.819885
1057.555420
1636.537476
472.715302
628.701477
1181.699585
957.747559
804.730469
772.657715
824.878357
376.779785
402.878845
1063.560059
470.783936
1362.511719
894.887573
1316.643433
386.924896
433.767822
447.828156
1183.555420
1314.686768
351.911560
828.727295
669.789001
603.803772
1120.724487
823.933228
552.800537
611.849365
1285.367065
860.860901
400.804199
1231.630493
1357.555908
595.854858
620.804199
1182.840088
883.928589
1141.573853
710.745728
965.639771
669.844727
404.953918
588.772888
332.534241
1015.747559
265.795929
1008.806946
829.718994
598.736938
722.529175
1296.560059
1133.712524
1814.502441
2046.578979
332.858124
1729.506104
763.600098
705.707458
718.627747
664.800964
379.806976
757.855347
1585.860840
972.633728
405.755829
1104.755371
784.671997
931.831848
451.655396
1559.410767
718.755371
794.796387
538.837402
1062.723633
544.721313
506.855804
820.857178
783.850281
1213.631958
1099.729126
1459.514893
736.755859
988.836914
568.732361
866.828186
437.808350
1252.463745
1285.868286
372.806976
332.573853
979.769653
223.841064
631.964539
1342.524536
592.795898
400.760895
768.788086
989.705627
147.880219
379.893127
1164.766846
1559.632813
1267.549927
795.887146
784.712524
2399.529297
816.784424
479.668762
771.899597
805.829529
1149.843872
1973.583496
927.212708
606.795471
643.755371
433.874237
778.713013
722.782532
1679.868286
552.755371
725.673828
512.718079
995.723572
636.724060
738.732361
807.663208
562.880676
1084.524170
957.621765
438.828156
627.843384
1001.713013
1853.732300
2035.583984
722.745728
2328.408447
747.707031
274.715759
891.703796
1742.427368
919.819397
898.890808
307.653564
575.864075
506.812500
901.842896
918.618530
404.687195
594.611206
861.820801
992.476685
1315.892212
1185.814819
1005.893555
284.942413
622.737427
1374.700562
486.775635
1319.626831
930.857666
375.856720
1258.964478
545.732788
405.681671
1172.404785
525.761841
570.589539
1712.442627
1213.858154
1371.537476
354.704712
757.695007
418.853516
594.808838
535.765503
548.815735
752.653564
1070.664185
1113.852539
373.824951
879.807434
1594.220947
1546.426880
598.769226
973.812988
225.887131
634.905090
497.757690
1130.446655
740.830444
762.880249
1086.750366
635.749878
601.905090
947.768738
883.671082
333.802368
472.657257
276.794983
944.850281
740.620850
731.764587
443.862701
668.607971
397.642975
360.828156
508.691803
429.907867
564.744751
322.692261
961.483582
752.677979
1606.483154
1188.724976
965.758118
682.766907
916.764160
174.611176
977.795471
697.902771
838.757690
529.775635
812.766907
906.620850
503.662781
355.836914
361.765961
751.651733
654.755859
439.834167
889.700989
620.616272
865.537903
986.878357
1047.695435
799.787598
420.701935
648.760437
656.748901
970.809265
1275.712524
804.746155
552.588135
296.778412
475.921692
603.790405
348.859497
1027.947510
911.586792
484.714844
531.735596
461.684418
370.848907
498.734192
1763.874756
449.830475
518.652161
544.805603
1228.879272
694.578918
325.763214
586.437012
712.628662
784.430115
615.773315
508.737396
1379.233887
570.661865
1613.784912
849.740173
500.797760
520.608887
658.999084
759.321411
552.658142
681.744751
1213.601074
462.813416
970.617188
492.756287
1210.843384
436.739716
773.747986
943.613464
432.658630
264.906494
1246.777954
681.718079
566.764587
1190.795410
247.707916
897.705139
281.813416
778.970032
844.926758
593.715271
606.911072
1927.752563
541.788574
960.581726
2155.518555
508.702393
726.845215
1389.731934
813.646179
727.773315
1078.724976
336.724060
1206.742432
601.544373
1000.660950
271.531006
713.726807
850.718994
959.714844
754.815735
1299.530518
634.701477
1053.575195
1011.618530
971.799133
826.848450
1628.323242
784.840149
464.880676
532.941040
433.719452
510.781189
1180.747070
514.775635
1243.467041
836.778381
702.628235
1018.855835
545.764099
516.669678
728.655396
784.898682
858.535645
911.575256
549.861816
937.865479
954.878357
666.614868
1193.593628
496.920776
691.844299
818.743835
905.870544
1040.708374
1095.714355
934.798218
997.900024
615.880676
485.835541
711.780273
475.833221
621.771057
501.693634
386.841980
931.554993
789.644836
1173.583496
1154.549927
363.814789
1020.744812
503.564636
548.794983
706.908813
1302.701904
534.700562
706.686279
658.802368
1139.666870
525.977417
1159.852539
479.769653
931.757690
745.827698
675.799622
605.627319
910.619019
796.745239
395.869629
676.776123
894.818481
859.753967
756.680298
619.712524
1167.515869
795.733704
1560.421387
955.754944
856.715759
436.868256
669.754456
401.607941
793.817566
433.647583
1071.725464
994.744751
1526.493652
986.884827
422.844757
821.698242
801.799622
412.913391
905.868713
594.611206
504.828613
982.705139
1236.542480
544.709290
470.748016
361.722198
708.719910
1091.791260
518.769653
804.541138
1079.475220
566.774292
1046.691284
1128.676636
488.912933
544.671082
1086.809692
971.764587
829.847534
860.742920
473.629608
758.798218
456.491394
595.736023
1573.755859
1331.505249
938.736938
834.879272
705.804199
566.646179
455.677979
626.936890
736.865479
604.878357
296.629608
778.851196
561.911072
1605.495972
977.611206
786.735596
1036.532349
907.761353
922.700562
505.573395
370.812958
274.549896
936.602417
640.654480
667.833252
436.848450
429.911560
750.795898
714.883423
1826.555908
1161.561890
596.902771
498.707916
762.731445
944.760437
634.424133
926.924927
497.748932
801.720825
610.657227
171.688110
885.801880
1484.474854
762.773315
774.632385
1673.754517
873.880676
1153.929932
925.905090
331.765503
791.636536
579.835083
683.714355
960.425537
689.385010
662.616272
639.784424
579.796814
665.907410
362.846588
744.782104
1055.542480
632.830933
1027.768677
738.745239
586.690857
1247.568848
516.801453
1688.611206
802.917542
713.780701
549.554504
1251.548096
443.807892
682.852600
807.684448
709.837830
740.716248
609.657227
823.864563
1043.564697
508.804199
788.871948
640.739258
1590.283203
543.758118
724.810181
678.366577
637.747070
1691.622681
521.676575
1034.667358
645.817139
414.871002
288.652649
345.873322
912.742920
1171.803711
507.936890
370.749390
1046.475220
1461.756714
1054.408447
451.864105
1515.804199
295.871002
1387.646606
410.311279
619.783020
1132.480835
446.691803
642.800049
1928.656372
892.934570
412.695038
630.811096
736.695923
789.753052
821.572510
281.712067
989.677063
1009.711609
1241.756348
754.794983
1090.844238
925.560486
1022.537903
735.555908
409.574799
927.716248
489.900482
930.642944
865.754944
371.732788
468.736023
941.871948
794.854431
753.637878
1604.594116
741.715271
1782.768311
283.711151
318.828156
1169.302490
430.671997
1211.797729
1589.695923
925.824951
257.681671
979.732361
668.755371
976.402466
1074.736450
507.854889
665.591370
613.709778
1066.740234
835.747070
1359.666870
1044.595093
792.836914
1603.607910
1125.823975
802.854431
914.823547
765.902344
778.686279
493.690887
1094.773315
1024.735107
739.488159
1005.835999
407.709778
643.667358
586.707947
338.818024
632.423706
642.800537
745.769226
554.910645
1062.433350
1125.624023
525.742920
728.820313
376.678436
597.818481
1030.897705
803.833252
512.793640
770.782104
879.934570
515.632385
632.513489
630.658142
532.758118
1476.426880
931.525024
758.591858
731.626404
1393.783936
1536.351318
1743.641113
517.760925
1067.669678
1100.844727
959.822632
504.749390
767.809265
872.832336
778.862244
839.586304
884.589539
986.601074
940.652161
1139.710205
802.797302
457.811584
640.478027
848.600098
996.847961
895.736511
965.876526
888.692749
739.747986
856.788574
272.784851
729.543457
922.836914
597.775635
1192.628662
1073.713867
241.951172
805.888489
1654.438843
584.645752
1252.693604
600.663208
1886.507935
1158.677979
664.847046
458.632385
823.715271
398.866394
427.596436
279.842896
1061.732300
654.892212
1178.804199
408.789917
555.659546
427.883453
509.703766
941.596008
724.780273
608.768738
465.816650
263.746155
998.431946
490.891754
812.825867
562.770142
495.870544
1772.515869
795.773315
338.841980
231.868240
818.428772
791.812988
629.557739
1367.419556
582.683044
2089.498779
1723.692749
1091.754028
550.765076
968.713440
266.806519
967.815735
787.698730
1178.918457
1375.725464
1023.642944
668.823120
1004.581238
968.517639
852.781189
1123.677490
567.816650
979.712097
391.771484
1016.700989
517.870544
279.858582
499.783936
395.802826
1245.595093
1317.645264
615.887146
409.637451
923.692749
779.733704
1629.536499
589.844727
675.890381
1252.231079
556.865479
1054.482666
1849.808350
1428.696899
912.175842
809.886658
836.726807
308.788544
533.778381
617.920776
285.746155
1007.647095
404.728180
1144.559570
649.827271
726.726379
838.609314
591.621765
438.755829
1123.877930
1107.823120
372.792694
777.683533
771.661865
120.642044
646.872864
724.771484
1199.766479
715.633728
500.867798
1268.780762
622.758606
1484.528198
1106.779297
284.784393
676.459595
815.784424
601.910156
1106.707520
430.799133
429.515808
1604.594604
485.761810
638.812988
884.701965
582.700073
637.853027
1152.755859
1292.559570
487.675201
489.748932
866.379456
365.879303
319.645721
705.856750
1005.773315
715.588623
702.662292
497.843353
1223.736938
935.557739
505.417236
1224.613037
657.772400
686.834167
1269.699219
813.694092
791.751221
377.745239
797.650330
746.725403
2051.672363
856.824036
1164.655884
310.894043
1607.587280
972.731873
1300.655884
1168.822632
579.721313
749.654053
1285.528687
375.818939
564.648010
583.811584
996.664612
721.577576
674.928162
846.858582
357.702850
662.847046
607.915710
399.466980
820.763184
710.730469
1229.910645
704.639282
1063.762329
601.598267
851.967285
736.612122
892.804688
994.613464
901.736938
1095.575684
465.751221
899.802856
594.705627
955.701477
804.685364
649.671509
1240.637451
784.423706
783.801880
211.783020
258.789917
1045.768677
702.789917
688.570190
552.935974
405.791321
604.786255
2109.734619
604.882080
709.731445
1949.387329
1192.652588
882.716248
745.914795
1082.463257
917.782532
766.681641
743.930908
627.880249
1072.807861
262.749847
1267.746582
212.449936
906.758606
516.552185
1049.924927
572.630981
376.785767
510.734650
964.737854
1123.836426
713.862732
869.604248
737.720825
645.713928
423.653107
1401.595459
1294.915283
1010.745239
1133.756714
1071.849854
620.777039
944.839661
880.845642
2010.576172
378.557281
477.754456
585.784851
239.839218
1221.703735
991.702393
803.568787
271.841522
915.807922
316.859497
443.844757
868.450867
847.744751
1155.675171
896.724976
651.806946
1456.834595
1009.772400
1017.689514
1237.795410
377.922150
1013.608887
642.582642
463.816193
952.712524
688.880249
1831.689941
533.658630
1146.771973
991.653564
1400.380859
1059.843872
415.766418
512.829102
1230.731445
699.721313
763.819885
398.772430
579.760925
495.920776
755.738770
925.227905
371.821259
412.831390
2175.742432
2540.190186
1640.807495
1023.735107
577.758118
455.749390
1237.000000
746.847046
638.779785
1517.674316
1032.552246
975.625488
718.393738
661.839233
966.791748
782.734192
881.612122
179.718979
498.759521
462.692719
859.821716
1457.765503
295.733246
508.484955
2215.370361
594.587708
674.546204
813.693176
681.682617
737.728638
861.659546
860.737427
761.742004
1158.621338
1646.730957
290.868256
927.665100
683.816650
1021.660034
722.625000
388.880676
842.877441
1036.661377
380.835083
373.662323
1176.734131
1323.865967
774.788574
693.789001
644.293274
622.765991
807.828186
667.737427
770.737427
1168.801025
332.727722
836.684875
1231.552246
1631.527344
494.792694
303.864105
854.914307
667.666443
163.862717
815.637451
589.874695
1013.855347
1114.496460
1937.297485
653.695923
628.724060
826.842896
672.888977
630.726379
673.472961
499.852570
570.967773
1633.619019
453.707001
986.804688
555.696838
1024.715698
649.789001
871.794556
1089.587280
1008.861816
660.862732
861.851685
1279.659546
2674.300293
1404.542480
272.934570
446.634674
721.771973
992.583984
582.000000
560.767822
1295.593628
1147.626343
507.751678
777.930420
1359.664673
669.809265
1160.803345
415.815277
1008.844299
414.611176
696.797302
827.403870
553.470642
948.506592
1748.563232
997.716675
689.800537
1507.758545
743.772888
1029.779785
737.624084
429.660004
1452.645752
288.826324
452.740173
740.957642
700.519531
677.544373
912.564636
1188.641602
518.822205
837.599182
1081.682129
1328.242188
425.835541
478.576172
1077.695068
1285.796875
1106.725464
610.699158
1152.698242
811.696838
766.702393
1859.829590
754.706055
1106.797729
501.680756
824.550354
334.818939
670.865967
795.764099
805.720337
345.885284
567.693665
500.793610
143.683960
1009.858582
659.952576
849.877441
517.505249
544.805603
365.831390
1803.322388
424.904633
955.657715
687.746643
497.899109
457.608887
655.772400
925.789001
1423.848877
1264.378052
454.757690
787.617615
1614.639282
483.785309
659.930908
984.849792
1033.441650
475.744781
458.820801
689.632813
786.792664
685.709778
568.880676
1229.716187
1100.783936
928.757202
1422.779785
267.902802
484.853027
412.778412
2277.228271
1366.671021
1605.360596
702.741089
833.827271
534.784424
703.762268
1074.862671
631.830444
875.825867
634.809753
339.757202
667.805603
832.522278
745.795898
608.824036
1084.572021
944.754456
312.853516
656.900940
775.857666
1075.583984
1030.711182
536.792664
1136.536987
770.842468
716.596924
992.778870
836.595032
576.547119
1562.564697
779.718506
324.710693
611.622681
463.857635
577.739685
333.909698
979.730042
705.769226
861.842468
1290.646240
813.630981
1718.520874
1414.761353
780.820801
615.700989
621.665527
506.711609
1102.595947
711.789001
410.601044
984.893555
401.736481
1586.719482
278.736938
753.630554
715.648010
665.657715
898.823120
394.962677
480.734192
476.944733
864.953003
606.870117
507.823090
748.714355
1144.851196
1269.671021
787.836487
551.788574
567.761841
1724.696411
782.583984
1192.709717
413.695038
352.902802
856.559143
116.816643
837.678894
418.918915
837.745239
1424.619019
978.773315
440.714386
1003.848450
890.863647
733.846619
538.807434
1241.705566
831.474365
1342.656372
660.693176
883.636047
866.845215
787.705627
1009.622253
663.766418
1016.899109
570.829102
503.771484
1073.880737
979.680725
586.614380
795.528687
2208.424561
711.681641
409.861786
617.726807
815.755371
1092.832275
687.672424
420.758148
400.420441
1168.688599
1043.578003
544.780273
195.821716
1643.740234
735.792664
622.885742
711.756775
701.954834
514.725403
825.712524
1005.703308
1180.639771
989.694580
458.637909
402.805603
589.642944
938.867798
370.736481
1139.677002
611.780273
746.858093
696.736938
1184.716675
1601.720825
815.649414
542.856750
886.704224
575.794067
1123.597412
1000.865479
244.802368
1166.693237
652.663208
415.638824
889.603333
669.658630
289.809265
1514.861816
490.751221
661.525940
1152.716675
862.680298
542.742920
1178.808838
1125.778931
567.750793
835.471619
450.864105
141.817108
849.920776
274.858582
280.800995
323.836456
1044.741089
933.769226
780.510742
571.904175
578.790405
1351.556396
1825.351807
884.875183
1005.713440
1464.460571
648.857666
1066.465576
696.588135
855.847534
987.802368
470.807434
2265.567871
1020.805603
378.909241
1261.596924
1170.705566
795.676575
850.671997
907.713928
509.745697
376.723572
471.896820
830.784424
708.878357
851.792664
741.639771
1731.891235
918.646179
278.682587
1195.613525
1026.688110
869.715271
1803.595947
955.841064
1254.467041
639.818054
260.879303
274.888519
900.693176
431.901428
981.701477
401.630066
374.805115
352.831390
671.701965
450.780701
742.896362
835.636963
507.750763
785.800049
963.382202
1298.666016
274.678436
477.915222
637.668762
922.660461
957.672913
310.764587
626.820801
1091.827271
1342.785278
823.738770
628.769226
407.779785
386.679352
652.968689
1844.851685
342.820801
469.742950
695.586792
549.918030
871.817139
697.686279
748.894958
192.788544
1261.729126
1954.601563
1413.490479
618.740173
1039.548950
1616.707031
1085.666504
315.801453
969.828186
740.576172
1053.905151
872.679382
458.755371
635.552673
173.752609
727.745239
558.850708
498.915710
1547.855835
494.765503
313.655853
1163.614380
642.676575
1572.664673
919.701477
576.595032
921.763672
1539.531006
486.389587
331.742462
672.614868
1223.385010
484.830933
397.829071
1016.795898
387.720825
452.583527
372.759521
710.827698
1273.761841
933.334778
783.739685
364.726807
1544.449951
1019.726807
704.719421
1420.700073
706.784424
687.766418
331.799591
1210.700073
504.645721
918.759521
387.735107
816.770569
468.802368
532.809753
493.770111
403.586304
589.684448
825.891296
377.698242
1123.824463
558.836487
446.857635
695.471130
458.761353
338.803741
820.864075
386.845673
1388.491455
803.765503
1242.608398
859.635620
1462.789429
771.802368
753.784424
645.877930
546.848877
523.758606
1104.750366
805.288208
444.840149
1755.652588
1230.834106
572.888489
723.630066
845.929993
900.660950
1464.724976
755.776550
824.921204
352.865021
1086.671509
607.826782
667.585815
1100.756714
672.723145
695.799133
326.571564
1218.699219
979.754944
347.855347
1100.561890
917.853516
1016.607971
865.806030
563.834595
472.625000
783.722656
727.848877
624.580322
1052.594604
554.808350
472.803284
695.792236
820.730469
1124.774780
603.735596
364.773346
425.881134
855.706543
357.825409
1319.875610
968.661377
917.831848
1102.568848
1176.654053
457.743408
266.825867
1078.468872
609.861328
707.793640
941.805115
783.691772
529.970520
2755.247314
658.713440
797.723572
782.832764
961.628662
685.590454
577.897278
232.923981
1565.322754
545.882080
979.787170
1677.480347
1123.847046
310.910156
414.805603
819.856750
317.884827
627.892639
511.864105
835.693176
1695.526001
933.471130
545.748901
761.650818
1430.666504
1142.775146
549.797729
1420.629639
1372.668335
513.732788
489.870087
494.659088
514.616699
569.835083
701.755859
1882.231567
579.917542
453.748474
569.904175
602.844299
402.616241
606.788574
749.808838
738.892639
800.691772
1648.654907
951.643860
492.841522
419.859955
1207.790405
1426.520874
651.856750
342.378082
1111.805542
729.766418
2490.539795
1653.656372
1142.677490
464.687653
987.505249
540.887573
293.795441
948.753967
1076.594116
965.879333
1229.756714
315.795929
961.697327
809.838745
870.784851
366.860870
729.919861
832.819397
527.697327
375.765045
297.758148
1081.845703
788.000000
937.481750
1058.802368
493.766418
216.881149
1116.848389
656.896362
699.792236
528.739258
643.613037
853.884827
802.606567
354.821716
1021.453613
2048.709717
768.829102
719.568359
1162.828125
160.874237
265.762756
1439.870972
280.642029
814.786255
676.754944
878.700989
1586.576660
665.805603
443.771973
264.978363
1045.710205
736.489990
1242.500610
481.605652
874.459167
1005.767822
846.853027
1030.919800
657.662292
287.766418
456.561890
1019.698730
1638.801025
1182.615356
399.655853
737.661377
529.739258
516.587708
517.669678
1455.722168
543.770569
995.846619
2235.354492
1122.792725
1023.604248
347.903259
766.831848
713.798706
571.859009
883.670593
714.583557
1234.734619
668.705139
1205.760864
1208.681152
1382.696899
733.620850
1284.795898
2163.605713
740.773315
1179.815308
914.649414
356.956696
793.909729
1343.586304
693.867310
1128.904175
504.512604
744.793152
668.700989
832.622253
919.705627
1148.609375
932.772888
684.894958
349.853516
526.794067
444.872375
193.923523
257.788544
478.724976
572.843384
332.871918
606.835510
1007.786255
669.724976
1674.610718
999.652649
833.852600
296.681213
536.681641
685.712524
667.577576
931.862732
867.824463
941.614380
973.748901
712.584900
434.755371
549.822632
827.854858
830.665527
1758.636108
784.845215
710.698730
610.701477
1093.733276
793.459595
392.839691
786.887146
400.860413
533.510315
372.726807
1266.600098
481.868713
1712.649902
833.887573
641.737427
891.701477
563.768738
1614.756348
934.574768
657.617615
420.775635
1359.733765
350.653564
428.724976
958.783936
671.912476
398.000000
1537.815674
496.782104
932.614868
792.756287
656.782532
521.951172
775.671082
546.775208
2085.683594
1354.725952
462.799133
1224.742920
657.788574
713.858582
1150.718994
1132.738281
988.749390
435.769196
518.732788
2038.513062
1141.812988
1370.913452
687.855347
775.661865
678.657715
693.665100
542.825378
435.706543
632.950256
532.865479
902.708374
837.882507
519.762268
658.795898
783.872375
479.000000
482.869171
674.834595
1691.721802
724.735596
351.914764
889.881592
725.434265
785.616272
718.719421
1583.622192
469.621765
606.616699
538.560974
489.900024
1183.882568
556.762756
313.735565
265.653107
581.872375
1095.746216
775.732788
979.817566
1034.663208
883.677490
613.739685
1303.701904
503.840607
1599.573364
638.729553
1146.583984
1029.761353
913.785767
1049.626343
388.766418
1065.241211
950.654968
574.450867
157.837372
898.696899
532.823547
899.812012
500.726807
1400.455933
586.676147
875.767334
494.847961
819.625488
459.492767
468.801910
925.693176
261.858582
747.774719
529.897705
1487.578003
853.460083
756.681641
923.729126
1171.759033
942.823120
688.779358
326.743866
439.823547
1163.636108
853.797302
810.642944
545.869141
355.827240
867.919373
1207.424194
1992.580322
1203.563721
372.634674
1106.811523
684.644348
1167.768311
744.711121
674.512573
529.815735
359.767822
772.700989
392.655396
2453.406738
1414.367432
753.666443
845.660034
272.747070
1349.748901
595.554077
546.878845
516.826294
393.865936
541.820313
676.444885
484.884827
1101.622192
341.654022
554.866394
756.885315
850.729126
610.637878
679.565552
1023.677063
400.675690
1083.383179
682.763184
1087.763184
273.866394
632.769226
810.783936
1134.615356
592.759033
996.419067
1083.781128
681.703308
634.766907
1599.472534
1535.590942
792.669678
759.942871
393.940125
1373.635132
475.919373
869.702393
1169.529663
1016.637451
246.822632
1161.683105
498.725433
842.442566
1085.879761
841.844727
815.736938
551.749390
655.713928
948.889465
980.566040
1505.588623
928.980652
985.673401
785.786682
367.838745
787.742493
1587.895020
862.745239
424.862244
487.642517
854.700989
927.671082
1717.634277
429.597351
984.513977
954.785767
825.782104
383.802368
292.841980
990.744324
1043.874268
1273.314453
906.814819
1046.931763
842.871948
1556.738281
564.766907
1014.366089
1094.896851
1057.761841
1241.660034
1203.363281
1140.741089
810.501099
519.632813
393.885742
683.535156
845.661865
1432.729614
974.862244
868.593689
882.776123
655.616272
462.934113
599.857178
907.922607
625.742004
1203.701050
1035.800537
532.614868
564.801453
464.805115
334.683044
565.989868
646.759033
716.707031
666.932251
674.784851
674.713928
838.824951
892.574341
1410.740601
774.518127
768.789917
845.797302
701.782104
677.859924
338.931366
781.579407
924.914795
662.716248
785.839233
673.814331
774.422302
1376.691284
969.775208
553.803284
773.702881
907.383606
462.707916
1263.559570
1414.744751
1174.765015
506.855347
908.837402
1407.812500
652.797729
1038.729126
282.915222
698.868713
953.842468
778.818054
544.737854
1127.630493
359.712982
1404.427856
896.807434
804.633301
491.751221
297.757202
601.770569
1070.747070
1015.702881
849.729126
691.844727
537.684448
1160.878784
566.799622
209.870087
492.800049
683.572021
1034.786743
981.473877
225.838303
1150.703369
1893.527832
665.617188
1715.407593
439.841064
622.669678
913.819885
984.612549
952.677063
311.680756
970.672913
1022.719421
1079.615356
902.608398
299.876526
673.888977
769.582153
589.785339
995.863647
228.683502
1153.626831
685.894043
369.688568
1003.847046
810.648010
1302.607544
664.582642
857.751709
449.793610
850.753540
535.802368
628.827271
544.817078
962.707947
893.536560
507.722198
1338.475708
2348.541260
278.940125
807.668762
411.976501
819.906921
730.856750
598.880249
845.903748
983.811584
724.687683
487.769653
256.690887
193.748459
683.633301
428.748474
1094.672485
474.837830
607.763672
1076.707886
529.795471
568.756287
279.775635
610.845215
660.553589
987.744751
555.713928
1503.606567
565.616272
1423.374878
1581.766479
1661.626343
645.622253
893.905090
1253.784912
953.918457
1691.456421
1060.805542
428.975586
418.737854
843.367493
583.825378
649.701965
1016.828613
1020.797302
665.590881
1283.683472
760.488159
840.779358
410.885284
933.855347
881.701477
1767.757202
638.817139
339.824005
884.788574
1099.602417
1174.653564
1766.586304
1198.701538
913.938293
361.730499
842.733276
596.883911
1027.794556
992.787598
867.633301
424.871918
548.713013
999.794556
389.847046
354.856720
953.727722
1029.683105
1664.740601
471.687653
611.767822
593.798706
871.819885
1489.690430
799.969604
737.625488
585.482666
950.419067
463.795929
252.821259
628.893127
453.774261
695.910156
1019.720825
191.783936
755.570618
1071.763184
1598.169434
1796.558716
1141.778442
489.598267
1264.547607
586.791748
605.788086
1197.607910
516.587708
1315.612061
2905.460449
1897.704712
546.611206
1255.609375
817.746155
942.700989
270.677063
1256.485840
556.743408
955.710205
841.931335
586.808838
473.782562
694.812988
515.806946
503.862701
896.639771
940.542969
1051.620850
329.614868
1046.645752
1469.636475
857.821228
526.807434
790.316772
444.513062
464.614410
661.683044
610.780273
544.770142
495.846130
335.920776
582.769226
855.720825
370.662323
352.735107
630.707031
774.831848
368.851654
2239.290527
633.642517
461.818481
1385.664673
432.761810
1403.431519
826.703308
709.632813
2163.796875
634.587219
518.779358
1600.730103
1973.650391
691.734192
872.627747
892.780273
546.855347
570.488159
898.674744
834.911560
1040.954834
803.736023
805.731873
180.635590
886.701477
711.763184
1145.523193
311.848907
443.815735
700.791321
216.880219
1016.644348
528.939209
773.650818
629.610718
495.681213
1085.837402
704.608398
855.689026
1260.437500
460.788544
1225.751709
483.859497
1029.649414
1314.603394
768.777039
1146.646606
542.720337
707.724976
268.881134
1005.742004
506.751678
1355.818970
370.712524
266.824463
869.812500
694.825867
706.684448
647.563721
534.765076
1638.501099
1578.807007
614.553162
516.679382
1375.603394
1006.700562
440.984344
1384.420410
2769.209961
1546.484985
1069.791260
592.663696
710.575256
777.608887
840.738342
644.935974
869.518555
518.932739
521.854431
436.929504
674.849792
1026.822144
464.928131
880.841980
564.820313
704.572510
566.793152
945.582153
797.659546
1379.757690
1065.565063
472.873322
867.821228
786.722656
923.728638
749.773804
548.676147
824.830444
544.729553
402.722198
770.759521
529.771484
448.870087
192.718521
1078.822144
398.780243
116.560501
1033.752197
904.595520
767.940552
482.912933
1618.761841
466.919373
1356.847534
1331.354980
861.666443
967.640198
770.882507
1365.185059
1217.596924
663.827698
641.734619
613.955322
339.726807
396.749847
512.889465
1349.335205
230.675217
597.794983
648.736938
822.511658
522.775208
751.714844
839.548096
1340.741577
800.545776
876.574768
1702.399780
896.833252
266.663696
639.386353
511.685822
554.485413
1097.828613
1200.800537
855.657227
702.752136
647.677979
509.974670
1429.460571
1904.390503
822.910156
828.671997
457.717590
579.749390
1075.749390
1223.682129
993.678467
641.749390
870.702393
1204.824463
492.680267
538.551270
921.897278
914.757690
506.732330
657.724976
444.807434
831.822205
746.572021
260.680756
726.825378
923.768738
1579.694092
479.939667
520.841553
796.831421
697.649414
652.801453
695.841064
483.667389
309.842438
634.752136
1095.680786
845.841980
502.843353
447.707001
433.868256
686.723145
1394.450439
1290.853027
719.850769
589.746643
985.803284
577.558228
588.734192
721.788086
659.854431
1455.686768
895.817139
841.635132
699.736938
1651.562378
1205.582642
635.711609
976.500610
507.731415
953.795471
498.863647
1135.713501
1163.788574
700.876099
323.679810
592.435669
796.777039
403.888519
1196.437500
803.766418
780.741089
1556.687622
906.694092
782.617188
978.814819
984.703308
1394.702393
1173.727295
610.906006
130.865936
272.777496
440.647583
768.627747
792.566956
1257.772461
616.732361
574.828613
1011.778442
282.822632
616.845642
1814.336182
507.805115
730.751709
648.712524
879.845215
546.763672
546.713928
1013.769653
1135.814819
924.795898
959.583557
1386.834106
548.522705
2034.747070
974.534241
366.835083
1024.817139
1256.514404
1166.532349
638.843384
820.698730
1365.691284
1055.664673
937.788574
1015.738342
1425.813843
1661.274414
1436.888062
786.656799
388.704712
348.713898
1223.837891
2197.698242
377.470673
699.906494
346.883911
525.692261
941.583069
2161.538818
2159.776611
488.815277
744.736511
1267.640259
876.766418
1273.358276
809.585815
719.796387
770.856262
767.554077
621.704712
719.814331
763.638794
725.821228
805.825378
820.423218
1251.590454
293.725891
1184.781616
866.673828
265.866394
577.802856
326.745239
834.707947
564.674316
866.617188
491.670593
737.683533
594.914795
832.759521
636.800537
1793.331543
380.801453
666.824463
263.769196
909.749390
481.391876
775.767334
684.730469
695.796814
432.799591
1014.693665
309.871002
552.668762
652.778381
960.794556
889.733704
1894.721802
338.652191
1100.734619
862.598755
1252.600098
994.680298
612.845215
1201.799194
1242.773804
1095.669189
978.538391
675.647583
1021.753052
288.778870
1102.714355
619.798706
771.857666
1014.794067
520.766907
741.826294
123.779327
690.806946
755.821716
519.703796
618.828186
764.671997
721.666016
569.848450
983.805603
820.775635
399.795441
537.683533
1210.633789
80.792686
557.704712
329.715302
1245.776123
843.871948
972.740662
735.738770
285.655853
1931.511230
435.393738
1205.624023
991.678467
333.734650
922.615356
810.804199
569.723572
952.737427
844.629150
598.487732
234.961304
2299.461914
777.695923
578.460083
578.424622
725.662292
993.642517
1440.527832
806.803284
2039.689453
1112.778931
861.659546
1263.762329
1095.726807
1009.718079
600.792664
851.820801
819.834167
637.959900
533.635620
325.790833
802.689026
771.704712
906.788086
751.770142
627.702393
823.749390
909.644348
658.756287
1214.376221
845.889893
1079.773315
906.714355
424.768738
337.854889
609.445801
1112.725464
971.761841
400.795929
1894.511719
780.698242
1063.705566
1144.863159
1355.640625
555.642944
187.777023
321.636963
1040.763184
727.683533
912.923523
563.892212
160.652176
862.696899
1381.397461
273.684875
821.761841
698.801453
391.653564
1079.440308
854.748901
503.803741
638.625488
1787.789917
1417.391846
1167.586304
295.835083
938.832764
543.871948
573.572021
568.618103
1055.844727
1191.645752
558.772400
779.595032
797.650818
520.831360
2162.590820
416.886658
1121.706055
312.864105
1013.747986
410.923981
985.744324
717.629578
2182.754395
864.619019
644.636536
1058.701416
854.636536
571.690857
655.822205
427.842896
866.356445
893.733704
911.866882
1045.668335
713.863159
882.788574
1118.921265
858.956238
464.990784
412.880676
849.862244
1518.685303
622.807434
1282.816650
1321.371582
377.893585
1173.803711
375.761353
370.625916
1387.513550
640.829102
512.840576
1305.615356
879.653564
142.639282
1017.704712
1048.750366
897.885742
1415.674316
1319.721313
814.621338
915.784424
903.829102
872.821716
720.718994
790.789917
459.939667
425.722198
548.503357
931.771484
1240.732300
534.818481
1121.554932
1114.861816
860.707031
281.703308
1058.718994
493.800995
930.518127
787.803772
914.855347
850.812012
705.670593
955.785767
1004.453186
1353.756714
371.944733
367.847504
939.739685
1615.664673
495.870087
883.705139
575.744324
445.853973
458.771973
632.860413
972.498779
1104.686279
654.861328
853.785767
825.560486
380.900482
857.716675
608.607056
378.798676
1439.716187
504.826782
258.000000
566.713928
588.799133
585.981567
910.833679
820.742493
971.757202
545.615784
270.892670
373.875153
1023.738770
486.758148
927.590881
321.793610
877.447632
1608.765503
913.683044
718.867310
322.709320
459.879303
806.730042
1367.515381
927.783020
909.745728
430.926300
1126.828613
1476.609741
639.413086
1014.604736
820.745239
849.771484
708.619019
831.774292
1335.643433
820.804688
466.847046
484.716675
1460.532837
931.923096
2194.689941
375.716217
461.953003
637.790405
1728.680786
375.659088
1016.834595
1084.764648
1087.776123
1411.782104
768.692261
1032.725464
487.710236
1014.746155
427.785309
636.793640
1503.662354
527.904175
762.688110
1849.747070
412.837372
841.504272
1192.623169
1152.825439
1409.736938
1153.724976
597.831848
992.574341
1064.758179
439.878387
763.601990
1909.630127
184.787628
900.707031
1039.809326
436.985718
800.859497
683.775635
1105.794556
471.771484
1365.797241
686.558228
595.770142
419.852112
1969.668823
767.752136
1093.592285
1053.761353
1649.653076
1301.695923
651.694092
682.805115
333.746613
637.959900
522.735107
681.765076
687.689026
836.765076
2296.179932
374.789917
726.699158
1553.711670
922.855835
792.908325
965.788086
237.818024
567.715271
641.783508
1012.667847
887.895874
165.700546
422.741089
850.695923
1059.592285
882.652649
442.785767
409.600128
416.798218
693.698730
455.851196
687.794067
2091.695557
1184.586304
358.687195
319.839233
1124.888062
633.687195
453.756287
1347.362915
1691.726807
1080.409912
427.634216
495.458221
614.880676
425.823090
1446.813477
1052.786743
877.803772
935.663269
1163.734131
699.828613
644.783508
1456.652222
573.886230
1060.703735
988.531494
1031.756348
506.774261
855.698242
698.657715
925.668335
564.689941
1303.629150
807.819885
531.923096
1142.487671
730.674744
708.785339
1408.820801
537.744324
1092.864136
556.756775
515.776123
408.819885
595.592773
528.676147
930.645752
757.784851
406.759064
902.915710
574.804199
823.764587
870.706055
750.943787
439.792694
343.892670
699.601501
564.718079
643.684448
869.652649
382.762756
701.826294
1197.768799
861.681213
886.733276
923.319580
2016.647583
700.673828
392.831848
292.918457
639.707031
813.719421
1063.940063
596.885742
639.822205
934.647583
694.691345
547.715759
392.616699
820.665100
1005.854858
582.857178
605.892212
1484.443481
730.812500
366.641113
1525.659546
881.625000
1114.699585
608.670166
763.234802
478.794525
865.646667
1198.729980
872.879761
365.912018
937.663696
771.691345
1472.652222
801.744324
1339.649902
630.405701
602.838745
767.906006
644.784424
674.902771
1008.516724
668.635620
638.626831
952.803284
366.712524
350.915222
484.642059
1356.644409
1182.750732
799.722229
411.875153
1037.719849
758.702393
951.614380
792.775635
1383.471191
555.704712
604.707458
993.465576
740.589539
741.868225
538.828613
741.789001
503.776581
774.780701
269.905548
401.629150
912.719910
1363.196533
524.796387
836.649902
657.772888
558.776550
791.846130
1424.635620
575.790833
522.704224
574.834167
523.741577
1580.548096
732.770569
229.930893
694.754944
1086.765503
1048.614380
648.943359
629.647095
618.905090
504.633301
1020.623596
509.654480
367.824493
594.735107
647.795471
819.785767
533.656799
605.802856
1192.701050
780.722229
878.786682
862.645752
878.747559
541.805115
674.863159
1043.779297
597.772888
699.608398
348.865021
886.766907
594.935059
882.623169
747.852600
746.494141
1850.473022
495.699646
490.686279
1371.868652
593.664185
1637.264771
764.775635
1579.357788
882.455017
1196.746216
469.790375
507.735565
1092.638306
628.875183
1159.907837
874.786255
858.738342
1607.528198
930.623169
707.719910
1043.769165
608.630554
836.767334
836.757690
1115.617676
577.836914
987.291016
692.754456
855.672424
941.852600
1016.809265
408.586761
789.621765
1127.850708
715.859924
925.734192
807.783936
907.903259
813.686279
1115.820313
796.432434
995.789001
921.607056
372.588135
694.783936
538.821716
886.706055
821.744751
962.662781
1054.765503
566.882996
927.658142
454.921692
1056.871948
255.759064
746.591858
411.672455
952.613037
1058.298340
760.763184
994.882507
406.932739
545.731445
1020.815735
357.761810
1540.775146
411.748932
812.771973
550.888977
608.661865
1635.658203
1068.621826
754.638367
940.588135
582.822632
574.924438
646.821228
440.917542
524.710205
437.817108
674.609802
427.816193
366.749390
1019.428772
831.677063
1828.628174
452.824005
888.872864
528.608887
1169.693237
543.670593
1602.433838
1270.758545
1713.429688
1185.603394
1081.820801
429.685364
267.708374
521.852112
865.428772
1683.911133
1034.619995
1009.673828
541.797729
488.836914
835.653076
429.833679
1040.611206
814.595032
1301.679810
780.644836
800.411682
466.711151
1830.627808
1129.800537
443.857635
974.689026
2010.443481
994.887146
609.553162
874.752136
2372.687256
927.632813
419.855804
845.582153
905.888977
876.809753
502.847504
447.925842
551.835510
573.901855
993.628662
560.466064
823.692261
506.748016
432.301605
783.695923
1501.501953
964.766418
823.556335
884.746155
736.701477
1207.676147
615.787598
587.889465
1610.653076
1322.642944
864.632385
960.719910
669.905090
1419.666870
227.765976
715.595947
645.787598
856.758606
252.855347
1278.719849
657.720825
544.496948
780.602905
620.882996
950.741577
363.502441
813.621338
1006.615356
1042.789063
959.849365
595.852112
1015.790833
621.741577
727.447144
468.778412
577.763672
803.753967
613.758606
1161.701050
699.684448
434.680267
1002.705139
872.734619
1725.748413
387.710693
1619.477539
746.871460
228.814346
555.619446
435.776093
685.815735
1208.767822
639.903259
861.802856
459.708374
916.749390
647.697327
672.699646
451.780701
626.722229
673.765503
960.835083
528.813904
643.847046
291.807892
1609.565063
1872.614868
594.844727
453.744324
1179.802368
700.613953
934.634216
1089.807495
345.524109
1005.626404
1173.730469
698.742004
629.652649
1408.438477
937.636963
733.753052
289.962677
931.794556
891.881165
690.871033
1417.809326
1448.373047
774.615356
524.817078
1569.328735
1002.629150
741.497864
995.853516
624.747986
562.850281
666.831360
582.701477
245.811111
239.710693
650.930420
469.744324
723.670166
243.843826
1046.537476
608.875610
725.714355
1149.396484
324.908325
849.804199
916.913879
775.668762
1079.294189
1247.725952
1000.759033
851.581726
259.749390
1542.610229
998.894043
785.768738
589.901428
553.656799
1050.436523
593.828186
509.305725
943.779785
946.680298
682.871033
641.794067
1452.714355
538.609314
730.831360
596.624512
511.981110
497.400635
1010.639282
341.764130
377.977417
679.798218
704.626404
987.753967
597.813904
497.850281
646.645752
850.703308
614.764099
485.744324
290.843353
503.745239
427.893585
912.743408
1355.725952
905.611206
699.794556
432.670135
1759.768311
788.648987
1338.838257
842.760437
1005.310791
629.632385
832.850769
366.720367
743.662781
263.825867
655.835510
590.902344
1614.704712
572.763672
744.763184
873.756287
372.776581
1287.741089
751.675232
931.562317
1006.601074
604.829529
779.826782
616.709290
1005.717590
709.737427
496.724976
628.852600
599.677063
536.827698
947.736511
2178.402100
624.751709
380.787170
1460.822632
569.753052
569.609314
309.805115
473.737854
551.789917
661.522705
931.769653
1052.562866
873.651733
681.931824
748.720825
1211.783447
2392.223389
705.709778
383.717133
859.656799
463.759521
512.571106
220.793610
429.905090
985.617615
820.571106
341.659088
1115.739746
875.951660
276.901886
1377.674805
548.780273
315.787170
465.511658
742.675232
922.804199
620.907837
724.753540
700.780273
539.870544
888.791748
877.546204
1161.659546
1556.403931
886.860901
543.743835
727.874207
1043.490479
721.699158
578.880676
775.783508
819.923523
680.804688
716.832336
259.793152
472.799133
431.917084
676.652649
356.607941
933.475281
1408.453125
782.909241
1049.837891
657.924438
2318.586670
605.677979
766.784424
402.898651
322.642059
1119.617676
467.845673
489.600586
1016.474792
488.712067
561.728210
433.873779
435.763672
292.731415
442.912476
785.571533
770.673828
1448.697754
393.881592
717.762268
1157.708862
266.640656
1323.803345
892.841064
392.636047
611.871948
829.772888
859.757202
627.749390
1798.695923
729.927185
444.890808
781.758606
745.596436
528.848450
616.812988
337.580322
653.791321
552.800964
1108.658691
655.742493
974.924438
1177.854858
696.515381
827.907410
325.803284
416.758606
976.446228
1039.693237
598.917542
877.742004
351.795929
254.812958
2164.372070
551.884399
285.863647
1193.337036
2513.276611
766.395569
722.628662
850.599182
634.859497
1391.740234
905.688110
504.881134
704.848450
722.662781
745.680725
1340.767334
603.613037
605.812500
634.774719
862.862244
1287.797729
450.888519
1193.719849
885.818970
813.404358
515.798218
547.599670
864.667358
429.771973
927.749878
923.852600
986.596924
164.955780
401.836456
909.583069
852.677490
867.764587
621.685364
798.629578
285.843353
989.883423
555.746643
489.765045
473.828613
676.850281
475.526886
870.786682
545.803284
674.667358
195.841522
2296.238525
362.833221
378.640656
704.583069
412.883911
675.748474
1232.652222
507.766907
833.802856
739.762268
539.850281
907.567871
493.879303
1160.713013
1197.733276
782.763184
433.549438
1042.789063
1127.755859
612.747559
1676.521851
398.769196
512.848450
896.564636
629.662292
675.944275
379.893127
1006.891296
1025.822144
711.650818
677.890808
583.800964
791.814331
603.763184
1098.774292
984.766418
815.867310
2217.486816
277.705627
1381.642456
480.810211
517.935486
1323.650757
375.841980
151.945175
572.832764
1018.674744
783.668762
572.549438
667.689514
329.853516
942.853943
1051.575684
449.399261
1168.619995
1058.729980
645.821716
447.726807
315.746613
293.557281
562.740662
977.630981
639.801453
699.861328
704.675232
677.945618
432.824951
805.624084
1430.669678
626.728638
1061.760010
900.837830
649.771973
529.695923
1085.606567
696.555908
1106.782959
1197.778931
906.760437
586.721313
247.839676
720.801453
825.774719
373.930908
608.722656
335.689941
572.832336
311.812500
1607.779785
1336.537476
1108.508423
396.614868
643.821716
533.749817
824.717163
645.831360
839.720337
914.868225
366.616699
382.868256
493.890350
781.705139
1351.759521
408.691345
856.798218
479.967285
1034.642944
906.738770
896.606140
362.962219
633.833679
133.952545
610.883423
565.625000
839.621338
538.735107
675.812988
824.542542
725.832764
501.801453
301.892212
848.760925
780.868225
376.698700
607.713440
1817.631958
606.745728
1309.616699
352.885284
602.861328
775.892212
329.772888
1063.516724
680.434753
1272.611694
347.920776
1517.794067
943.794556
974.719910
567.846619
917.833252
1182.869141
297.801453
817.700073
1681.619507
429.505219
753.928162
1309.776123
732.788574
687.873779
1391.639282
1215.722168
1098.660034
478.765503
822.372559
556.601074
1100.759521
1129.618042
744.779785
338.837372
898.921204
582.739685
1477.817993
564.656799
772.817566
603.838745
732.901855
1799.349487
435.853516
357.961761
654.831360
1133.754028
1033.721313
752.582153
950.788086
567.857178
905.962219
680.825867
646.893127
1176.544800
743.812988
1087.247681
699.730469
889.620850
309.868256
475.853027
1459.713867
618.786682
884.817139
914.749878
637.739685
787.695496
747.706543
621.507996
1300.389648
654.807434
540.878357
428.842896
834.752625
1029.513062
1097.510742
1457.625488
328.781158
551.684448
787.906921
631.508423
415.765045
1056.718018
1462.760864
726.602417
224.724045
495.839691
1569.641602
1572.773804
1579.962646
682.809265
1322.437012
488.736023
482.891754
754.789490
504.687653
865.613464
915.631897
611.710693
836.941040
873.569275
1131.640625
1244.603760
1285.695923
214.793152
816.770142
1603.830444
330.811584
2281.278076
878.880249
1101.754517
359.748474
777.666931
1436.430542
1204.503418
686.944275
559.617188
1075.568359
1484.554077
953.677063
688.432434
805.684448
2321.686279
1474.538818
1224.763184
725.541138
420.866852
662.771484
1557.731445
464.827240
644.679810
1124.749390
723.885315
500.804657
1168.877930
626.795898
1765.376221
932.556335
804.681641
293.922607
959.804688
522.810669
599.770142
562.854858
1032.678467
752.472961
1157.555420
661.658630
1694.382690
602.824951
576.558655
1188.783447
640.659119
492.765045
1343.720337
479.878845
731.779785
586.786255
434.613495
905.743408
378.650330
471.862701
354.676605
637.822205
1180.695435
622.849365
870.850281
453.825409
1217.684448
634.600098
606.779785
324.727264
1109.614380
1089.469238
821.911072
468.802826
420.681671
798.818054
817.735107
256.701019
725.698730
688.736938
695.697327
926.675659
697.877930
320.884827
726.862732
424.761810
637.949768
1150.664673
386.789001
1003.634216
885.615356
410.741547
2482.620361
892.813904
406.885284
1104.506592
1421.754883
1137.736938
784.859009
968.606140
778.721741
717.746155
310.804199
1234.596924
479.810669
877.758606
692.386841
594.838318
1009.648499
250.689041
965.535156
1547.362427
1128.391479
1382.693604
814.772400
408.796387
972.695007
845.777039
528.852112
479.869171
814.772400
871.845215
892.726807
925.626831
1239.461426
566.608398
582.435181
1394.717651
1476.420410
820.701965
289.820801
708.638794
323.637909
1073.352295
801.732788
1427.388672
986.895447
360.928131
1632.700562
472.791779
1575.558228
868.759033
416.742950
637.953918
390.618561
960.774292
615.848450
1409.515381
2196.647217
519.748474
1945.179565
661.472534
625.859924
1110.398804
806.587708
1396.569214
442.823547
968.991272
299.602417
1028.726807
970.795471
1583.700073
1306.609741
973.796814
886.582642
767.775208
268.570190
884.428284
633.725891
738.807922
1055.530151
1139.811523
541.789001
910.815735
383.815277
559.972351
1617.726807
1196.701538
973.816650
643.742920
1582.472534
586.894043
860.881165
730.484924
839.532410
918.764160
1107.824463
698.673828
230.872849
711.713928
363.807434
625.673401
355.667847
851.662292
784.672424
918.830933
716.748901
1257.731934
602.655396
364.765503
595.807922
732.790405
1455.882080
581.696838
735.586304
687.786255
748.752136
1137.726807
426.721283
388.752625
931.822632
1101.566895
849.971436
1006.735596
271.921692
1525.754517
1088.575195
1289.608398
495.723114
465.853516
1716.543945
934.729126
898.747070
630.747986
1259.524170
727.846619
1048.728638
429.822174
438.891266
624.670166
1179.782104
524.675232
598.602417
978.673828
587.731873
579.683960
1692.708374
416.789459
1492.630493
1039.559570
1134.576172
2066.252686
648.649414
928.771057
405.783478
92.807892
819.784851
761.610229
808.590454
1153.847046
1029.688599
552.918457
374.923523
695.753052
706.683960
1455.643921
290.903259
291.867798
620.821716
2696.580322
703.803284
948.583984
391.791321
871.806946
517.799622
870.730530
587.715759
518.712524
831.710205
1050.913818
500.806976
472.480804
124.000000
391.890808
303.779327
913.628662
677.699646
1080.613892
897.779358
360.602417
378.524109
907.523621
1211.837402
542.842896
1218.515869
1214.844238
1185.631958
284.907410
1094.692749
946.865967
338.792236
803.705627
793.937805
734.929504
860.654480
758.718994
1213.494629
1135.605713
477.782104
672.819397
1316.673828
917.633728
354.885742
598.678467
1327.639771
633.431519
559.966370
686.811584
606.694580
481.867798
279.842896
735.703796
1024.697388
835.377136
1294.663696
1492.745728
702.723145
492.652649
1269.602417
1152.296509
999.779358
585.832336
449.813416
655.832336
1248.629639
683.800537
588.667358
534.791321
960.764160
1234.813843
1141.787109
516.822632
823.604248
1668.662842
808.632385
698.798218
791.629150
705.923523
1276.637451
415.783478
998.880676
827.599670
680.747559
889.555908
1020.519958
1127.472046
735.646179
1923.722656
1231.657715
833.657715
235.813416
903.707947
946.635620
776.789490
395.807892
819.551758
467.790375
608.737854
891.873291
935.871948
291.848419
503.941040
436.701477
679.768250
725.744751
604.856750
1348.612061
450.809723
1110.583130
902.673401
458.748932
1854.541626
1686.726807
887.812988
1118.692749
937.633728
910.439819
1119.451294
1540.633789
828.945618
624.994446
684.531921
501.823547
1039.848022
535.827698
605.442566
2216.452637
815.747986
351.731873
1080.839722
1150.642944
876.800049
985.660950
523.769653
549.754944
695.579407
1141.581665
442.659088
693.750305
595.849365
1143.501587
433.433807
1171.663696
392.862701
1093.848389
591.863647
1280.645264
426.853973
540.914307
891.883911
1097.879761
1136.507080
881.745239
502.705170
1245.689941
877.804688
1621.555908
734.749878
1121.775635
747.871033
836.829102
464.718048
683.524109
1246.788574
974.852600
770.809265
493.788086
959.683960
956.850281
803.569702
214.708847
814.860901
711.659119
894.867798
504.768280
809.671509
367.893127
776.780701
673.918457
657.747559
867.693176
676.695496
1111.672974
958.648010
1120.414429
483.871918
1089.804199
1049.583130
516.753967
503.698700
606.850281
478.862244
395.695953
811.958984
1449.736938
763.769653
266.894958
765.847046
1034.812988
1221.485474
370.765045
607.780273
455.708374
355.477112
953.778381
784.961792
915.819885
258.893585
446.938263
918.915222
1190.622681
1299.800537
552.876099
785.739258
898.820313
977.859009
190.849823
633.721741
1017.592773
710.719910
625.730042
846.652161
539.668762
1131.754883
2055.511719
659.709290
856.636536
488.744781
447.763672
618.589050
629.857178
708.561401
765.233887
2553.315918
478.528717
843.628662
594.845215
826.769653
502.819397
950.742493
528.816650
445.801910
371.736481
759.778870
890.703796
434.792694
574.742493
619.818481
424.821259
751.641113
1491.680786
648.751709
501.895874
582.812988
1511.702393
388.985260
532.702881
550.865967
1008.390076
306.653107
1007.678467
835.694580
782.755859
734.387756
578.822632
1317.770996
536.747070
1126.751709
455.830017
1359.451294
568.775635
536.629150
593.559570
339.480804
862.710693
857.809265
2378.366455
515.718994
1178.703369
877.737427
416.525482
1247.499634
213.849823
866.672913
1026.793579
752.822205
1326.755371
546.634216
963.773315
561.811584
710.590881
897.884827
257.868713
230.876541
349.578461
770.764587
477.765045
939.595520
889.738342
819.783020
718.745239
737.921204
1333.593628
620.639282
284.787170
1024.793579
693.803772
337.791321
491.777496
826.319580
922.759033
457.714844
458.682587
948.940125
944.737427
1434.885254
1213.689941
606.888489
676.758606
689.787598
704.503357
444.789917
1000.749390
2590.313965
808.770569
518.827698
490.820343
1045.738770
812.794556
494.794067
1175.871460
848.637451
691.873291
850.460999
816.816162
1975.420898
621.905579
793.685364
946.633301
496.877472
806.638367
486.761810
823.699158
544.862732
1395.775635
929.666931
769.671082
803.790405
772.824036
474.840149
1012.737854
623.804199
556.751221
1050.696899
1952.577148
1158.746582
878.865479
842.739685
530.886230
735.750305
473.683960
930.854431
323.860413
236.863632
430.472961
1245.869141
1203.765015
540.548035
935.826782
1958.415894
453.660004
542.850708
424.562347
828.926758
545.974182
615.812012
955.815247
849.585388
805.724487
869.572021
728.895874
478.836456
678.672424
416.911102
861.535156
759.734192
419.789459
1049.657715
1021.768250
862.773804
1558.551758
567.458679
1759.390503
987.637451
1449.642090
593.806030
858.453613
1685.625000
523.812012
586.731873
1063.658691
614.660034
405.933655
1137.814331
672.641113
685.854858
991.832764
557.737427
506.828613
880.574341
743.752625
297.827698
909.716248
1181.850708
334.879761
323.827698
884.357361
618.635620
661.651733
770.717163
697.940552
885.747986
1227.733276
878.710693
1163.756714
673.835999
397.833679
531.492798
683.726379
850.468384
487.809265
456.853516
897.804688
1284.675171
614.867310
734.869629
752.839661
1472.675171
721.577576
2047.914307
1361.409424
744.855347
755.695923
1166.798218
293.842896
759.913391
961.725403
861.676575
914.664612
1094.676147
1129.562866
636.429688
1442.640259
230.621307
420.796387
325.518585
514.855347
690.836487
625.823547
837.753540
890.638794
859.775635
578.744751
881.782532
666.690857
589.990784
613.888977
755.822205
1066.859497
951.859924
659.701477
1625.810669
761.789001
957.846619
1288.733765
1004.826294
434.901428
491.534241
754.783020
475.702393
521.742920
1160.841064
516.891724
1200.822632
1699.163452
336.793610
674.566956
718.843811
749.760925
1216.774780
628.724487
396.843842
423.634674
832.459167
655.794067
706.744751
1098.779785
1050.757690
898.743408
763.910645
990.688599
346.621307
523.901855
970.726379
411.953461
1022.528259
690.812500
498.739258
1053.591431
470.859955
298.743866
291.813873
1305.603760
515.768738
736.682129
885.599670
1122.829590
878.922119
777.896790
539.433838
360.985718
646.886658
1179.766479
246.818954
581.870544
842.730957
762.800537
1138.729126
1901.664673
949.849365
981.791321
1131.642944
505.772430
650.568787
1211.591431
168.770111
2423.447754
747.632813
840.676147
1735.509888
1842.539795
921.746643
1199.663208
2689.677002
516.881165
447.815277
2498.424561
621.613953
1443.715332
691.870117
761.636047
340.934570
246.815720
1052.847534
995.687195
922.753540
1211.570679
1218.484009
579.727722
1039.806030
701.556335
1248.593628
917.741577
631.642944
1647.683960
569.829529
232.884827
744.827698
746.867310
784.833252
418.771973
1320.543457
800.639282
923.783508
1038.857178
819.744324
1089.868652
747.838318
1048.831421
489.639740
920.735107
1258.693237
421.911102
597.834595
615.758118
2081.262939
388.731873
496.625458
917.528687
679.793640
727.700989
287.744781
431.917999
605.846130
833.659119
383.715302
2864.240723
334.684418
938.841553
683.761353
503.715302
761.614380
690.751221
745.753967
1396.384521
493.678894
586.878845
706.826782
1065.819824
1414.677979
754.755859
881.680298
298.695953
780.592773
405.846130
806.639771
895.750793
947.709290
1151.838257
900.632813
858.326477
339.771027
468.883453
963.789917
1455.708862
1234.344482
1070.765015
476.782562
490.654938
1355.758179
1104.847046
562.525513
580.762756
1470.577148
780.824463
428.766907
1383.562866
762.562317
905.718079
709.849365
713.629150
866.802368
699.868225
313.829071
847.782104
691.818481
499.713440
900.824036
742.754944
738.781189
244.624542
714.784424
389.868713
872.851685
638.599670
732.871460
251.739716
389.847046
1053.811157
383.910156
790.762268
439.823090
178.795914
950.785339
970.696899
340.911102
541.917053
1016.778442
1542.587646
1207.572510
795.733704
704.690857
698.654968
555.731873
359.747528
891.810669
258.608398
1109.555908
837.521362
1388.532837
880.765503
1197.663696
845.861328
1768.730103
532.785767
1048.645752
663.616272
866.898682
487.792694
1277.334717
1787.688110
824.726807
369.637909
1055.762329
329.766907
713.687683
1189.799194
357.943329
1612.592285
774.708862
756.718506
1065.858154
977.636536
1361.732788
898.786682
664.740662
1912.427856
825.520447
426.656799
1033.634644
817.662292
619.836914
725.696411
1101.554932
820.789001
887.596436
259.761810
1251.789063
1895.439331
375.860413
508.817108
1116.433350
696.725891
479.542084
418.717590
1056.568848
865.658630
562.831360
917.833252
1736.511719
1018.671082
852.525940
531.919861
1740.631470
642.532837
535.841553
559.690430
946.646667
296.820343
1358.752197
891.716675
1710.460083
1878.737427
685.935059
1034.701904
507.802826
1269.696411
1143.663696
539.659119
1801.481323
788.658142
685.773804
1301.797241
1034.746582
1051.883911
802.318665
660.875610
1152.748413
997.905579
683.696411
1077.678467
688.697327
784.774719
787.749878
978.842896
661.415833
741.795471
2114.319580
400.772888
1880.813477
842.767822
841.856750
446.861786
835.732361
434.917084
930.783936
429.794067
544.742920
727.799133
714.816650
775.803772
510.654480
743.663696
217.820786
1586.340698
453.756744
932.575256
699.591858
1417.608887
943.779785
1063.709717
759.717590
1038.810181
499.395111
1074.811157
1159.723145
377.858124
291.799133
715.772888
804.783020
819.804199
460.669220
1173.805542
682.747986
164.718521
1051.664673
1108.705566
658.939209
881.681213
567.834167
657.818054
882.609314
963.862244
849.757690
1011.768250
685.625000
445.885742
508.910156
1072.661865
628.907410
1137.925415
1361.743408
1081.640625
1539.681641
942.707947
416.749390
691.796814
850.623169
1191.814331
839.853027
647.820801
1287.843384
561.648926
961.684448
491.715302
729.725891
613.625488
1056.709717
525.623596
1020.677979
633.712524
690.857666
422.718994
928.718994
864.894043
933.808350
860.509827
1542.282715
133.745239
2458.512939
257.888977
1278.686279
657.827271
338.853027
516.776123
547.845215
836.708374
887.759521
639.747559
425.863190
844.876526
323.812958
169.883911
508.741089
410.781647
837.812988
755.783508
350.789459
1064.643433
627.700989
568.662781
479.718506
623.715271
568.736511
768.771057
486.843353
760.542969
719.639771
781.651245
828.818054
759.832336
975.951172
725.846130
591.753052
668.760437
519.862732
870.814331
408.769653
336.739716
1415.456421
530.681641
1709.728638
407.676605
553.626404
663.687683
641.617188
1112.466064
880.536072
1157.762329
725.758118
598.818054
897.707458
731.808838
833.724976
1353.613037
608.672913
376.457306
525.634644
940.897278
391.722198
1272.498779
1064.765015
521.804688
1793.526001
937.639282
1208.575684
373.900482
969.805115
1673.644409
1367.546631
1280.847534
608.652161
752.917542
1185.575684
736.739258
533.635620
1668.656372
1127.720825
406.923981
314.818481
696.764099
321.821716
653.816162
760.770569
1282.836914
1084.548584
1210.895020
887.730530
539.794556
822.644836
1061.468384
586.784424
846.707947
360.808807
704.627319
838.673401
947.815247
665.496948
961.818054
863.688110
435.872375
264.886658
2412.352295
547.877441
1437.903687
1065.776611
495.878845
791.650330
273.931366
1404.795410
1168.841064
695.720825
448.723602
1060.614380
1505.694580
571.556824
854.689941
1150.780762
539.758606
591.395569
1512.591431
510.736938
635.755371
1974.371582
474.773804
208.934128
662.572021
1140.769165
2242.201660
677.740173
502.839691
819.555420
692.721741
787.822632
489.842438
963.681641
460.794983
580.672424
1748.704224
1601.752197
532.798218
1196.512085
903.938293
677.694092
1659.821777
308.707458
398.824493
1506.546631
1485.497803
449.965454
883.746643
746.836487
618.746643
450.651245
1240.474365
1290.589966
1296.734619
1065.631470
562.799133
744.617188
335.830933
852.688599
1283.676636
336.737396
668.778381
1180.630493
865.766418
507.786255
1423.520386
958.881592
956.765991
1501.328369
379.881592
720.730469
1215.875122
586.690430
1020.745239
295.692261
772.647095
723.789490
580.676575
689.820801
590.667358
917.610229
871.502014
653.924011
1012.671997
665.537476
953.799622
820.949341
241.705154
938.594116
403.595062
1035.556763
767.918030
737.883423
1074.627808
1077.667847
502.640656
429.848907
832.853943
386.861328
1010.904175
1195.884399
1001.672424
1162.589478
466.750305
1317.578979
1481.673340
718.859924
798.897278
1064.597778
545.852112
566.849792
521.322815
558.625916
1217.769653
630.618103
697.699158
817.803772
1454.636108
1015.580322
423.735107
370.695953
904.502014
672.765076
2034.410278
875.819885
1202.817139
419.884827
1015.610229
1207.884888
1417.758545
868.736511
731.560486
611.763184
398.732788
700.806519
789.916626
444.801910
776.729553
454.785309
485.935974
494.880219
1019.707458
949.818481
818.715759
1092.747070
511.912933
892.768250
364.873322
375.604736
569.633301
1061.705566
715.889465
1455.813843
1107.532837
568.796387
1535.526001
697.458679
417.931366
724.687683
886.719910
779.682617
309.771484
359.544830
1274.463745
699.614868
1413.366577
879.840576
703.735107
325.748016
1681.631470
976.668335
1593.823608
903.669250
572.620422
435.866852
734.801880
539.834167
329.791779
788.915710
694.769226
663.497864
1089.672485
830.725891
503.863190
1221.865967
916.668335
516.805115
918.944275
436.903259
635.791321
483.912018
776.629578
837.802856
1392.770630
889.449036
116.858566
809.718079
516.541626
181.841980
887.666931
647.755859
1274.801880
402.774261
542.702393
1491.362915
1491.666870
351.745239
885.763184
670.691772
707.688599
954.775635
2208.332520
652.745728
876.860901
434.779327
558.806519
1479.734131
663.739685
1127.585327
556.683533
305.833221
357.915680
324.674286
861.633301
737.424622
1074.580322
1026.847534
1202.724487
691.879272
921.751221
122.877457
420.649872
800.579407
461.624542
375.762299
544.790405
1004.613037
1561.721802
554.868225
638.243530
406.796387
769.942444
777.737427
963.722656
466.623169
589.666931
1116.773804
871.346741
274.759979
437.829071
650.765076
279.765045
683.947021
606.912476
1428.435181
1117.400146
634.810181
896.781189
2395.395508
610.849365
867.800537
425.701935
1840.799561
1950.685303
687.692261
651.744324
709.589539
538.824951
795.736938
1042.680786
642.885315
573.728638
250.772873
797.332031
660.595947
607.762756
778.673401
1002.733704
604.797729
1372.614868
559.730469
930.890381
573.238953
1031.659058
632.707031
1071.738770
1290.422241
1576.557251
710.512146
627.962219
1790.335693
1065.648438
699.901428
612.795898
1155.648438
275.748474
1039.757690
1179.438477
1343.766479
975.805115
786.607056
394.795929
800.540222
822.652161
1343.686768
531.751709
772.647095
3001.213135
1262.762695
994.614868
1429.665527
231.835068
955.685364
800.819397
265.862701
1186.603760
1057.607910
746.821228
1375.670654
1009.636536
1115.547607
1370.758179
1019.822205
682.742493
728.840149
580.844299
456.692719
537.713928
711.815735
458.861328
1243.575684
479.495544
429.875610
1272.679810
432.786713
715.739685
1144.776123
619.720337
479.764587
521.845642
853.862244
612.692261
686.658142
1027.714844
1350.649902
842.826782
934.713013
518.695923
543.802856
1061.768311
757.969604
813.815735
1427.781616
819.747559
462.661865
501.572021
605.689026
525.906006
713.791321
1305.763672
764.675659
1286.642090
576.523193
727.847534
612.867798
596.841553
1102.711182
676.845215
1378.710205
1011.638794
542.847961
860.765991
412.841522
533.788086
1122.526367
1298.661865
584.724060
613.807434
804.763184
1704.614380
759.732788
945.634705
1173.477173
890.817139
801.841553
1069.806519
1276.537964
1214.879272
327.726807
1157.660522
321.922150
791.829529
455.840607
422.805115
390.820343
1187.537964
940.837830
519.697327
916.803772
1082.656738
1271.314453
630.796387
848.667358
721.696838
918.823120
1024.711670
1703.921631
266.855804
750.687195
1028.764160
834.713013
1161.799194
1791.261963
884.786682
2264.693604
642.786682
995.749878
892.532837
758.787598
2176.411621
518.563721
597.723145
414.432434
405.829559
1044.613037
726.734619
725.703308
375.718506
672.746643
760.609802
456.919373
1096.658691
1031.595459
1051.746216
838.782532
348.793152
362.835541
253.888046
1052.592773
523.796387
1341.660889
370.785309
639.696838
1236.609375
458.764130
1201.871948
1320.639771
440.590912
1173.759033
797.689026
920.718506
762.738342
1319.803345
1528.477539
546.791321
450.503387
898.633301
533.761353
1124.701904
936.794067
456.531006
602.875183
1186.756348
717.851685
478.698242
607.636536
304.813416
346.788086
619.717590
904.506592
1082.727295
720.969116
1065.584961
365.721283
530.635620
670.764099
630.598267
1016.871033
711.759033
1006.618103
686.630554
695.941467
552.753967
548.568787
561.756775
834.834167
196.719894
737.713440
419.571106
788.665527
710.686707
483.569702
589.811096
808.783508
323.832306
698.747559
690.818481
762.812988
763.578491
324.724060
532.722656
1107.747070
1091.676636
660.600586
1473.646606
685.667847
1232.605225
711.798706
968.688110
399.881592
875.840149
673.885742
700.706055
871.852600
993.848877
468.689484
1044.670166
904.806519
446.608887
899.767334
856.749390
1187.640259
818.802856
822.791748
1024.516235
453.696869
867.604248
620.662292
959.629150
279.800049
398.720367
833.691772
308.972809
337.971436
1155.798706
827.876526
480.747070
473.745239
957.746155
414.833679
325.949799
505.665527
677.721313
841.782104
495.692719
1037.764160
513.689941
425.537476
1555.715332
692.948853
1022.775635
1056.663696
449.659088
287.773346
560.680725
803.918945
894.604248
1155.780273
1328.776978
1644.535645
689.766907
729.742920
466.802368
688.816162
1033.832764
1340.327881
1116.663696
1774.549438
408.748016
1312.671021
870.626831
882.445801
993.606140
762.867798
382.843353
897.859924
1732.592285
1051.708374
720.762756
491.649872
551.865479
805.771973
713.866394
712.747559
1292.476196
538.843811
921.890808
457.874237
256.742950
933.695007
799.964539
756.687683
582.941956
1158.761353
281.876526
989.513977
567.729553
640.801880
191.757217
1287.643433
786.750305
1072.666504
875.801880
1258.736450
596.588623
990.485901
910.730530
508.822632
999.484497
317.614868
661.682129
769.661377
1111.788086
243.847519
1462.783936
486.894043
997.519043
948.743835
701.744324
1153.564209
1446.464722
806.554077
228.618088
723.899597
2010.529175
681.742004
271.893585
1069.627808
1330.536499
1175.851196
1152.537476
663.702393
1878.707886
1625.913818
1038.748047
651.642944
1008.675659
770.633301
1070.720825
1698.561401
1443.343506
181.853043
466.621307
819.834595
1050.886719
690.648499
659.751221
552.771057
903.730042
994.664612
484.818024
467.626831
304.814789
561.798218
1042.730957
1273.729614
446.825409
666.822205
606.763672
258.731415
1122.600586
749.813904
170.720825
1051.849854
279.625458
568.832764
453.675690
495.917999
856.860413
2563.311279
891.863647
942.772888
921.715271
816.641602
601.659119
507.694092
1287.668335
512.780701
1509.835571
133.721283
541.515381
644.784424
377.885284
803.762268
358.761810
786.532410
991.521362
897.758606
444.567413
900.866394
757.871460
414.706543
675.665100
1033.781616
1173.742432
656.748901
809.890808
468.806061
924.843811
1177.811157
725.726807
1240.790894
861.787598
1884.789063
473.828613
759.639771
670.620850
1191.796387
1359.759033
749.815735
644.858582
568.849365
1361.810181
722.910156
667.644836
785.746155
1167.617188
438.650330
633.851196
732.765503
624.707458
897.771484
589.827271
410.817108
839.650330
743.731445
870.731873
1315.696411
816.777954
1018.829102
713.914795
1003.672424
352.865021
724.595032
592.982971
434.660461
426.835083
1057.708862
460.793610
883.798706
807.448547
266.956696
811.684875
910.874207
1201.831421
985.580750
817.851685
734.758118
900.830017
591.719421
673.657715
638.733704
585.547119
1419.406128
860.906921
998.835083
270.767822
724.634705
1295.667847
358.721283
603.803772
663.977905
719.666931
1135.585327
915.569275
445.838745
846.726379
1053.402954
310.784393
817.814331
1003.707458
425.806976
689.887146
1111.587646
994.826294
364.633759
314.793610
324.829559
538.675659
417.710693
2508.458252
970.622253
142.798676
845.838318
668.890381
720.625000
901.698730
788.579407
721.786255
297.777954
984.640198
434.895874
865.616272
2458.368896
607.765991
752.776123
1229.652588
603.857178
481.554962
683.871033
579.728638
787.738342
1619.653564
481.684418
1705.490967
571.693176
788.862732
361.618103
904.771057
758.445801
354.824951
246.837845
1297.654907
966.517212
852.824463
785.726379
310.741547
415.794067
521.759521
1514.598755
1191.848022
1423.674805
614.831360
538.753540
397.851196
1192.844238
1169.520020
685.865967
1154.525024
636.602905
389.837830
935.737427
786.668762
716.993103
408.000000
810.778381
481.936890
951.790405
706.692749
558.661865
698.823120
528.790405
724.835999
961.716248
694.737427
419.766418
324.797302
670.713440
1078.788086
935.468811
513.717163
1041.744751
1303.671509
749.646179
693.691772
641.877441
1632.722656
1521.624512
810.647095
328.818024
796.897278
464.787170
775.641113
636.825378
821.582642
511.777039
1118.767334
436.781158
886.686707
677.864075
649.901428
561.890808
666.871948
1264.596924
774.743408
1857.548950
2020.631470
617.822205
561.691772
522.916626
794.818481
1063.613037
1586.542480
1205.746582
708.767334
1041.836060
608.819885
872.724976
1125.691284
738.707458
750.754944
504.689484
684.635620
888.379883
477.886658
605.625916
594.539795
968.797302
884.682617
808.817139
1667.349487
749.860901
859.817566
397.575256
839.773804
1229.616211
1154.829590
1768.730957
597.784424
371.816650
1594.738770
965.909729
1027.900024
480.686279
1873.642944
834.688110
1474.752197
1383.549438
825.572021
634.643433
789.602905
748.918945
951.386841
650.792236
1156.751221
700.190552
1222.599609
956.595032
410.891754
348.715302
492.694550
462.730499
462.654480
212.757217
478.836914
737.667358
454.734650
338.760895
438.619476
852.563721
704.565125
702.793152
369.759979
955.882507
822.785767
780.674316
442.850281
364.798218
1191.716187
589.561890
751.830933
760.626404
727.741089
793.859009
1507.668823
897.695923
1141.629639
1400.617676
681.674744
480.813416
529.938721
665.879272
472.763214
114.776108
402.784851
1011.532410
457.806061
211.919846
491.828613
607.788574
532.868713
931.866882
1720.530151
966.473450
1206.736938
957.642029
746.894958
818.706055
998.781616
1090.462402
297.927673
960.630554
1033.868652
670.945190
865.487244
218.800980
1837.426025
769.732788
634.900513
511.626831
872.755859
631.821228
596.502014
643.740173
560.777466
925.885742
464.613953
1334.766479
613.786255
456.917999
68.790382
996.691345
538.634705
930.850769
424.805603
528.684875
549.790833
1428.511719
860.527771
237.784851
633.423218
956.714844
1037.747559
308.810211
875.826782
809.874207
963.870544
130.832764
575.733276
510.715759
1417.697388
889.833252
499.747559
1193.566895
474.784851
1184.770142
894.677490
879.876099
393.734650
1027.546631
857.696411
652.812500
931.590454
1605.567871
543.825378
733.590881
335.678894
520.921204
1404.754517
1447.738770
487.787170
1699.729126
1146.768799
633.791748
990.929504
578.865479
372.843842
1275.785767
2126.806885
1567.756348
1160.724976
849.800049
441.797760
963.797302
687.861816
696.649902
271.855804
744.755371
537.637451
418.845673
601.845642
1417.588623
1065.523193
376.885742
825.879272
1269.514893
904.267944
1019.805603
673.746643
584.792236
505.833679
476.868256
439.847961
1417.648071
629.627319
825.474792
796.660461
655.798706
587.822205
1737.619019
814.849365
680.415405
660.773315
915.847046
581.830017
1046.635620
502.761353
1034.831909
903.707947
541.783936
371.690430
932.765503
778.871460
267.804657
277.762756
407.606110
492.743408
800.610718
681.802368
572.663208
1330.685303
546.866882
566.685364
915.895447
417.686737
444.523651
1781.770142
381.672455
729.603821
654.755371
968.556824
398.711151
665.747070
1984.558228
668.768738
1163.866821
736.549011
800.227417
326.883453
1162.648438
560.703796
608.620850
949.835510
757.792664
1042.699219
315.883911
858.560486
293.681213
822.742493
1111.763184
588.499695
3149.298828
646.715759
1096.671997
553.888977
538.870117
1098.716675
1042.878418
1116.770142
1821.603394
460.815277
1630.421387
999.761353
802.632385
250.832306
433.761810
446.638367
596.882996
609.792236
1223.333862
1366.900513
609.648926
617.710693
1838.652588
511.794983
1523.554932
264.914764
822.856750
567.466980
506.338440
1092.702881
807.739258
1428.636963
750.837830
788.927673
591.699646
511.854889
884.730957
1038.460083
1094.793213
658.777039
514.888489
742.667847
808.792664
1545.193359
894.738342
884.828613
294.471588
817.747070
803.838318
743.660034
668.761353
1126.636475
695.608887
623.857666
1400.663208
486.733276
364.836456
1012.780701
306.860870
421.779785
675.757202
987.715271
1340.595093
726.804199
1044.859985
1238.705200
805.689514
777.866394
385.821716
872.686279
787.933655
935.556335
831.554504
842.287781
441.811584
877.761353
440.819885
1097.855835
896.395142
425.847046
534.702393
632.762268
957.765076
2219.433838
1678.747070
427.856720
528.827271
609.806519
724.669250
674.657227
654.724487
555.753540
1103.674316
388.840149
2729.538330
955.630554
739.621765
584.723145
752.792664
660.851685
618.541626
690.750793
285.689026
614.589050
625.926758
202.835541
1148.651245
698.990784
1406.463745
874.716248
440.773346
829.797302
484.451324
249.741089
853.589966
1201.535156
318.767365
1335.595947
765.732361
785.590881
496.813873
222.976501
231.804672
301.765045
871.617188
1271.794067
823.644348
1229.718994
624.854858
791.847534
811.686279
584.726807
1097.798706
2106.289063
621.965881
890.730042
1297.368408
471.910614
877.659119
447.769653
1034.789063
1161.807007
1013.778442
790.908325
1242.632324
811.878845
787.484009
970.696899
881.883911
342.902802
1026.767822
466.777496
830.691345
724.698730
1445.485840
872.789490
305.588135
965.753540
386.733734
852.605652
398.796844
1247.807861
973.667847
266.579376
835.811096
638.519531
918.551758
763.733276
742.846130
658.860413
672.773315
1450.660889
1016.607483
2989.407959
782.737427
648.643433
573.808838
1004.611633
737.845215
291.746613
926.746643
805.572937
612.877930
551.802368
765.789490
1503.870972
493.823547
502.891754
514.776550
721.708862
406.742004
531.742920
950.718994
856.722656
1223.725952
848.743408
695.679810
378.751678
1018.699158
792.000000
548.939636
1610.692749
401.714386
331.789917
698.437500
1615.677979
490.548523
1197.637939
801.727295
780.605652
816.789917
1409.857178
748.812500
389.822174
629.887146
1064.740601
885.675232
1082.852173
1259.603394
1509.616699
98.810654
1770.828613
874.865051
690.711121
1150.613525
790.771484
949.749390
646.852600
331.786255
604.882080
781.608398
855.824951
629.789001
996.865967
946.826782
865.595947
1439.581299
189.757217
612.728210
1091.757202
1164.852539
456.905090
1087.640259
626.888489
1170.479370
736.898682
1774.495117
706.764587
1166.660889
445.742950
222.609802
592.804688
317.436127
1310.601929
809.825867
664.615784
456.602875
851.706055
889.732788
857.539307
991.637451
472.876526
654.902771
715.604248
200.689957
397.874695
1236.884888
1287.739258
904.801880
475.819885
830.692749
392.607025
562.821228
378.831848
583.789001
849.525024
1003.666443
254.676590
743.901855
634.705139
680.612122
616.949341
686.800537
2254.508545
781.845215
653.811584
286.773346
686.783508
1269.777954
967.719910
828.769226
1564.785278
1046.671509
666.605164
664.791321
206.958542
611.653564
763.666931
805.605164
307.667389
1388.606079
581.757202
1047.752197
247.683502
515.780273
672.601074
1086.547607
893.707947
1304.599609
273.759521
1128.770996
340.795929
506.729126
720.630981
721.758606
762.737854
1008.808350
600.563293
678.769226
710.815735
669.766907
495.756287
934.607056
781.513062
791.775635
533.786682
627.737427
689.787170
762.689026
1350.671997
797.559570
801.798706
585.739685
580.653564
834.811584
520.746643
719.813904
1288.545776
926.700073
589.482178
728.640686
477.939178
391.658173
554.750793
189.735107
1074.665527
208.788086
655.506592
692.706543
605.733276
356.788086
646.754456
979.807434
497.949799
1365.507080
1325.589111
1370.594116
1575.674805
261.913849
625.643860
2587.566895
1158.829956
643.654968
818.756775
772.815247
1061.856689
788.600586
543.860901
1328.552246
1071.670654
448.689972
602.593201
657.787598
889.624512
995.819885
287.816650
544.723145
689.865479
953.634216
743.814331
1015.192871
692.866394
1081.689941
1530.745239
464.755829
893.831848
160.887131
2129.434814
704.786255
1148.840576
1206.776123
557.906494
1311.538452
1117.729614
731.671082
895.675232
828.849365
1395.670166
700.663696
904.833679
1434.627808
706.841980
242.726807
1428.524536
940.610229
756.889465
988.817566
458.783936
953.705139
648.849365
194.861786
2861.786621
2160.407959
1093.806030
549.692749
803.767334
1120.582153
832.851685
533.924927
652.583984
861.621765
2445.611084
789.712524
1461.688110
735.774719
1121.917114
786.692749
1707.423218
1122.814331
812.887146
767.767334
651.732361
194.828156
465.754913
1858.593262
670.858582
388.876984
891.825378
1078.791748
926.694580
1307.626831
664.652649
418.903717
1223.336182
524.724487
732.803284
706.750793
959.879333
1043.614868
507.647125
2053.795410
625.931824
434.821259
571.895447
809.768738
991.795898
1152.745239
298.762299
461.906006
497.672455
753.771057
590.640686
1003.847961
790.832336
655.707458
609.587219
541.689514
930.939636
294.871460
463.765503
687.705627
1026.857178
1021.756287
966.551270
1300.491455
639.904663
1738.843384
519.825378
1288.636475
247.812958
797.782104
494.753082
806.618103
744.789490
1036.671021
544.689026
827.586792
1116.838257
314.889893
506.715302
699.583557
667.792236
1277.757202
719.565125
1312.618042
1275.494629
841.882080
323.860870
539.723145
994.666931
886.769653
884.607971
837.692261
705.671509
646.817566
657.665527
796.667847
733.865479
351.786255
395.861328
590.844727
1152.494141
1445.752197
747.809265
976.812988
673.873291
2778.760498
683.896362
1257.520386
1588.530151
672.864563
1357.589966
626.776123
677.674316
527.883423
751.596924
562.826782
1081.614868
352.803741
523.875183
1037.709351
825.747070
1007.565552
1510.418213
563.758118
925.714355
526.819885
990.658630
792.803772
3046.475342
855.841980
973.747070
1093.650757
851.619446
689.851685
936.821716
786.842896
1354.233887
471.794067
672.625916
441.767822
540.842896
981.691772
535.570618
471.768738
750.540222
267.496460
1353.794556
352.864563
934.518127
823.567444
1232.828125
1463.858154
792.783508
521.818054
775.652649
549.854431
1016.674316
1281.723999
583.798706
624.676575
869.583984
1718.476685
651.732361
680.718994
1286.672974
1198.321899
1000.792236
668.876526
781.807922
762.580322
1145.595459
1168.669678
1212.683960
459.826782
819.538879
498.765503
657.585388
1301.801392
949.891296
888.702393
1216.689941
1118.754517
692.720825
966.603821
671.777466
538.701477
322.707001
926.781616
579.612122
588.706543
266.654938
1091.718018
327.656799
939.881165
810.698730
814.826782
1448.657227
504.826324
1258.767334
2088.465576
903.576172
895.593201
610.432434
489.775177
438.692261
672.701477
1172.925415
388.793152
1294.737915
802.783508
256.920776
747.649414
1587.785767
1065.584473
477.628235
614.661377
1134.793213
663.937378
1384.397827
1159.795044
1129.636475
907.736023
673.627319
493.800537
634.740173
372.753998
650.818481
1024.754883
517.779358
695.893127
685.729553
692.913879
557.642944
858.633301
1064.642456
449.759521
790.601990
1048.722656
1014.813904
565.807434
970.593689
204.839676
341.874695
610.684875
460.633759
1104.823975
226.811111
644.854431
1835.499268
1154.319580
636.750305
1199.815308
534.688110
443.701019
970.820801
960.790833
1219.854858
693.875610
1395.713501
852.671082
720.873291
504.744781
648.917053
445.800049
1197.761353
1192.816650
452.921234
927.882080
1784.569214
464.875153
1470.504761
1162.408936
613.712097
900.916626
1190.736450
604.832764
497.800537
988.572937
355.859955
2204.403320
665.553162
597.753967
381.838745
614.643433
916.724487
545.852112
999.671082
598.707947
1264.690918
1003.815735
964.776123
326.826782
358.832306
1068.598755
1212.600586
596.768250
1337.578003
873.840149
1052.822144
171.793610
1090.374390
1414.670654
727.746643
1044.597778
843.589539
619.697815
532.883911
910.865967
842.798218
593.813904
740.656799
657.815735
611.847534
1948.617188
650.819885
559.920288
765.559570
300.813416
1216.638306
1328.749878
1473.838257
1608.829590
425.756744
657.752136
807.783508
933.801880
574.871948
749.645264
1577.414429
283.902344
582.827698
753.835083
735.508911
509.701019
970.660461
700.724060
844.792236
451.788086
289.774719
1260.540283
1455.559570
1217.775635
1189.731934
1091.538452
449.509369
725.545776
492.710693
839.811584
1422.763672
416.649872
813.722229
431.499695
1574.941528
401.658630
1731.664185
439.869629
513.797302
347.783936
313.823090
845.787598
446.709778
707.692261
999.589539
731.757690
861.759033
933.856262
1061.443481
976.338928
208.690872
2501.684814
485.768280
1458.526001
1107.746582
200.000000
1245.754517
566.000000
742.580322
1350.371216
337.967285
531.818970
688.689514
931.239380
1040.563721
1262.610229
816.705627
1101.494141
907.839233
958.671509
593.727722
614.941956
423.841522
269.892212
811.699158
243.736481
556.889893
490.648041
512.872375
377.654022
704.816650
430.854889
1324.700562
1115.613892
673.825867
1241.744263
343.924438
1388.777954
1307.808350
823.548523
1747.695923
1449.657227
1072.731445
864.828186
523.807434
486.735107
772.748474
783.918945
743.627747
854.792236
1018.700989
673.000000
822.788086
1450.399292
332.498322
915.744324
989.794067
1395.645264
590.757690
569.775208
496.833679
511.901886
1035.676636
264.695953
691.648010
1247.391846
837.737854
569.644836
928.929504
668.763672
2123.578125
978.408936
254.834610
1096.720825
1323.741089
769.835999
954.691345
697.712097
374.863647
416.492767
627.716187
583.800964
931.705627
1885.832275
2402.268799
1023.657227
1595.554077
1102.485474
254.895889
1157.801025
661.779358
532.780273
573.714844
636.741577
1513.721802
805.865479
525.881592
801.710693
1110.767334
903.730530
825.629150
850.710205
921.878357
1318.695435
411.864105
1216.735596
1015.810669
500.727722
1223.547607
556.849792
1976.762695
572.650330
568.654968
1031.288696
965.846619
620.867798
824.846130
1522.710693
1442.564209
688.906006
1267.605225
438.856262
995.774719
432.835083
332.772430
777.690857
1093.714844
932.588135
810.514893
1064.885254
556.742493
477.852570
452.841064
861.776550
1050.702881
700.707947
939.706055
368.730957
778.750305
741.736023
531.758118
726.739258
1016.589050
812.888062
878.744751
770.663208
387.526886
490.729584
500.837372
785.879272
859.729126
683.745728
543.821228
896.646179
1692.326416
1136.642090
794.861816
1589.603394
1262.532349
673.483582
446.856262
884.798706
1343.659546
580.784851
814.734619
706.723572
684.895874
386.812042
582.700989
956.545776
809.699158
693.901855
677.833679
810.747559
359.633759
278.856720
1552.443970
911.503845
522.801880
145.765045
1034.873779
401.735565
1481.198364
383.878845
1048.729614
579.823547
1417.641113
300.658630
724.719910
693.769653
292.704712
812.740662
606.648926
1019.910156
952.887146
2054.609375
592.785767
698.818054
251.894043
1680.671997
960.534729
880.619446
786.634216
870.538391
643.774292
619.690857
982.822632
1273.665527
983.615784
767.883911
761.806519
1290.550781
1173.791748
539.787598
1874.587646
842.629150
1258.542114
292.373932
484.709320
503.497864
655.865967
908.644836
642.721741
663.519043
307.816650
429.824493
304.840149
822.733704
720.841553
210.795456
1321.634277
693.675232
655.844299
670.397400
660.652161
966.775208
182.686737
779.523193
760.637451
485.818024
1675.659058
967.748901
420.739258
2341.254639
1168.833252
584.759033
368.862701
1281.640625
760.765503
605.691345
908.882996
699.716248
752.493225
529.714355
761.744324
445.797302
1165.532837
441.594604
773.560974
983.833679
991.725403
803.803284
2784.393311
819.878845
328.864563
1249.718994
727.770569
641.659119
965.784851
900.689514
836.734192
851.753540
1500.592773
321.888062
836.692261
423.721283
549.844299
1099.581665
424.892670
1016.769653
1333.671509
420.842896
604.656311
706.849365
421.285461
327.912476
404.727722
828.827271
1584.598755
1639.714844
530.724487
441.648499
670.742493
446.736481
1098.418091
468.834625
375.594147
401.608887
855.861328
781.842896
774.800049
1921.408936
1460.723999
497.824951
409.765045
1067.706543
896.512573
1164.760498
686.937805
653.760437
984.870544
1028.742920
746.652649
512.896362
1291.692749
651.740662
554.636047
896.753052
676.938293
360.854431
1098.733765
901.600098
264.872864
1418.583984
359.728668
1005.864563
1105.622192
515.602905
436.871460
224.512589
559.789001
544.818970
1382.831909
782.691772
855.912903
672.786255
1284.738281
988.755859
463.987091
332.734650
610.730469
490.567871
558.000000
381.835999
1008.795898
1084.685791
562.823547
2130.743408
576.777466
934.812988
781.838745
395.697784
1030.816650
903.705627
543.668762
804.751221
1000.647583
919.748901
390.851654
103.671524
1171.597412
519.858093
1274.848389
1118.573853
620.710205
1163.822144
462.726349
564.821228
401.843353
826.806030
673.815735
1308.755371
1086.621826
651.697815
1085.548950
637.869629
542.561890
467.838745
925.768250
954.700073
903.915710
505.501526
931.709290
1289.748901
712.874695
399.684875
916.684875
970.821228
527.726379
621.784851
819.743408
724.724060
558.687195
907.730042
886.800537
1200.613037
1307.578979
849.671509
930.627747
648.825378
824.545288
811.613037
751.684448
827.503357
599.714355
1590.378052
917.764587
577.703796
534.849365
1120.494629
672.772400
956.461426
421.752625
1337.771973
1531.592773
510.817108
338.807892
350.756744
724.708374
1016.730042
431.827698
1505.742920
963.713440
1198.723145
634.877014
1162.675659
778.702393
1233.652222
1776.773315
577.712524
929.372986
1488.744751
742.859924
456.668762
967.752625
1090.724487
779.625916
480.769653
506.717590
956.765503
791.594116
753.632813
296.742950
2332.516357
463.666931
1299.683960
812.844299
1616.692749
1072.951172
618.713013
1012.699158
1500.630493
966.651245
1284.689941
360.568787
809.800049
1090.898682
521.698242
1615.345825
672.805115
469.679810
879.738342
355.879303
973.647583
400.756287
694.686279
528.882996
722.739685
560.768250
1021.625916
778.532410
825.593201
829.758606
905.550842
634.457764
1350.490479
1281.421387
2062.482178
670.765991
1000.889465
736.552673
843.820313
537.852600
1739.641602
1743.686279
1198.642090
778.909729
647.685791
1609.626831
1266.738281
322.766907
623.874207
753.801453
683.767822
592.863159
356.660461
859.821228
913.713440
826.728210
862.839233
357.751221
943.906006
595.895874
608.889465
1195.368896
704.676147
904.553589
574.760010
1391.497437
456.970062
445.828613
788.672913
899.829102
483.664612
690.879761
1261.594604
684.679810
1336.473877
581.906494
518.825378
640.871948
415.816193
1364.722656
602.778381
895.992188
629.733704
1284.667847
784.800537
872.900513
1009.893555
604.765991
459.794067
1312.759521
682.969604
356.792236
935.838745
812.908813
1052.750366
427.810211
603.827698
755.605164
375.637451
1079.711182
931.548523
316.665985
1797.514893
379.607941
1413.593628
1290.548096
973.705139
1699.484497
270.825867
1378.677002
605.563721
910.543457
1027.885742
672.937805
1094.871460
1065.658203
1128.779297
1117.652222
734.792664
1533.666504
422.809265
674.724976
920.549438
938.584900
1222.605713
510.696411
444.561890
606.925354
583.601074
872.619019
399.677979
688.826294
632.788574
853.749390
1022.586304
710.777954
1222.338501
810.927673
1011.398804
900.755371
522.867798
776.823120
609.857178
481.891754
837.788574
524.762756
756.794556
907.800537
879.917542
